fold,tmin,true_label,left-hand,right-hand
1,2.5,left-hand,0.3959,0.6041
1,2.5,right-hand,0.6984,0.3016
1,2.5,left-hand,0.6915,0.3085
1,2.5,right-hand,0.3455,0.6545
1,2.5,left-hand,0.4853,0.5147
1,2.5,right-hand,0.2304,0.7696
1,2.5,left-hand,0.6247,0.3753
1,2.5,right-hand,0.2819,0.7181
1,2.5,left-hand,0.6079,0.3921
1,2.5,left-hand,0.8936,0.1064
1,2.5,left-hand,0.8205,0.1795
1,2.5,right-hand,0.4612,0.5388
1,2.5,left-hand,0.4332,0.5668
1,2.5,right-hand,0.2868,0.7132
1,2.5,right-hand,0.8636,0.1364
1,2.5,left-hand,0.5543,0.4457
1,2.5,left-hand,0.9483,0.0517
1,2.5,right-hand,0.3147,0.6853
1,2.5,right-hand,0.6078,0.3922
1,2.5,right-hand,0.6898,0.3102
1,2.5,right-hand,0.256,0.744
1,2.5,left-hand,0.8003,0.1997
1,2.5,left-hand,0.4743,0.5257
1,2.5,left-hand,0.6476,0.3524
1,2.5,left-hand,0.5405,0.4595
1,2.5,left-hand,0.3703,0.6297
1,2.5,right-hand,0.1667,0.8333
1,2.5,right-hand,0.6183,0.3817
1,2.5,left-hand,0.5473,0.4527
1,2.5,left-hand,0.4202,0.5798
1,2.5,right-hand,0.2698,0.7302
1,2.5,right-hand,0.3961,0.6039
1,2.5,right-hand,0.4808,0.5192
1,2.5,right-hand,0.2125,0.7875
1,2.5,left-hand,0.4599,0.5401
1,2.5,right-hand,0.874,0.126
1,2.5,left-hand,0.2731,0.7269
1,2.5,right-hand,0.5185,0.4815
1,2.5,left-hand,0.5126,0.4874
1,2.5,left-hand,0.7022,0.2978
1,2.5,right-hand,0.5509,0.4491
1,2.5,left-hand,0.8858,0.1142
1,2.5,left-hand,0.4754,0.5246
1,2.5,right-hand,0.4766,0.5234
1,2.5,left-hand,0.7045,0.2955
1,2.5,left-hand,0.7423,0.2577
1,2.5,right-hand,0.2815,0.7185
1,2.5,right-hand,0.414,0.586
1,2.5,right-hand,0.2808,0.7192
1,2.5,left-hand,0.7274,0.2726
1,2.5,right-hand,0.3349,0.6651
1,2.5,right-hand,0.3279,0.6721
1,2.5,left-hand,0.5284,0.4716
1,2.5,right-hand,0.0729,0.9271
1,2.5,right-hand,0.4427,0.5573
1,2.5,right-hand,0.5201,0.4799
1,2.5,left-hand,0.6091,0.3909
1,2.5,left-hand,0.4606,0.5394
2,2.5,right-hand,0.4323,0.5677
2,2.5,left-hand,0.6901,0.3099
2,2.5,right-hand,0.5578,0.4422
2,2.5,left-hand,0.9536,0.0464
2,2.5,right-hand,0.8536,0.1464
2,2.5,right-hand,0.493,0.507
2,2.5,right-hand,0.3093,0.6907
2,2.5,right-hand,0.6513,0.3487
2,2.5,right-hand,0.3641,0.6359
2,2.5,left-hand,0.8024,0.1976
2,2.5,left-hand,0.7759,0.2241
2,2.5,right-hand,0.6513,0.3487
2,2.5,left-hand,0.5215,0.4785
2,2.5,left-hand,0.9171,0.0829
2,2.5,right-hand,0.4393,0.5607
2,2.5,left-hand,0.2976,0.7024
2,2.5,left-hand,0.7086,0.2914
2,2.5,right-hand,0.4053,0.5947
2,2.5,left-hand,0.4001,0.5999
2,2.5,right-hand,0.3862,0.6138
2,2.5,right-hand,0.6495,0.3505
2,2.5,left-hand,0.6684,0.3316
2,2.5,right-hand,0.2237,0.7763
2,2.5,left-hand,0.6029,0.3971
2,2.5,left-hand,0.6909,0.3091
2,2.5,right-hand,0.5517,0.4483
2,2.5,right-hand,0.4054,0.5946
2,2.5,left-hand,0.4082,0.5918
2,2.5,left-hand,0.403,0.597
2,2.5,right-hand,0.4752,0.5248
2,2.5,right-hand,0.3071,0.6929
2,2.5,left-hand,0.6959,0.3041
2,2.5,left-hand,0.5275,0.4725
2,2.5,left-hand,0.394,0.606
2,2.5,left-hand,0.5887,0.4113
2,2.5,right-hand,0.1506,0.8494
2,2.5,right-hand,0.4407,0.5593
2,2.5,right-hand,0.3856,0.6144
2,2.5,right-hand,0.626,0.374
2,2.5,left-hand,0.7908,0.2092
2,2.5,left-hand,0.7789,0.2211
2,2.5,left-hand,0.499,0.501
2,2.5,left-hand,0.5338,0.4662
2,2.5,left-hand,0.2192,0.7808
2,2.5,right-hand,0.6855,0.3145
2,2.5,right-hand,0.5886,0.4114
2,2.5,left-hand,0.7986,0.2014
2,2.5,right-hand,0.5056,0.4944
2,2.5,left-hand,0.448,0.552
2,2.5,right-hand,0.337,0.663
2,2.5,left-hand,0.6133,0.3867
2,2.5,left-hand,0.3348,0.6652
2,2.5,left-hand,0.625,0.375
2,2.5,right-hand,0.1589,0.8411
2,2.5,left-hand,0.7973,0.2027
2,2.5,right-hand,0.7113,0.2887
2,2.5,right-hand,0.701,0.299
2,2.5,right-hand,0.5362,0.4638
3,2.5,right-hand,0.3452,0.6548
3,2.5,left-hand,0.3529,0.6471
3,2.5,left-hand,0.2716,0.7284
3,2.5,left-hand,0.1844,0.8156
3,2.5,left-hand,0.4019,0.5981
3,2.5,right-hand,0.5088,0.4912
3,2.5,right-hand,0.2791,0.7209
3,2.5,left-hand,0.2392,0.7608
3,2.5,right-hand,0.3314,0.6686
3,2.5,left-hand,0.2951,0.7049
3,2.5,left-hand,0.5547,0.4453
3,2.5,right-hand,0.3855,0.6145
3,2.5,right-hand,0.3731,0.6269
3,2.5,right-hand,0.541,0.459
3,2.5,right-hand,0.3507,0.6493
3,2.5,left-hand,0.8804,0.1196
3,2.5,left-hand,0.5114,0.4886
3,2.5,right-hand,0.4734,0.5266
3,2.5,left-hand,0.3972,0.6028
3,2.5,right-hand,0.1693,0.8307
3,2.5,left-hand,0.2813,0.7187
3,2.5,right-hand,0.616,0.384
3,2.5,right-hand,0.4217,0.5783
3,2.5,left-hand,0.6723,0.3277
3,2.5,left-hand,0.254,0.746
3,2.5,right-hand,0.6411,0.3589
3,2.5,left-hand,0.5251,0.4749
3,2.5,right-hand,0.2713,0.7287
3,2.5,right-hand,0.3927,0.6073
3,2.5,left-hand,0.5117,0.4883
3,2.5,left-hand,0.4799,0.5201
3,2.5,left-hand,0.4816,0.5184
3,2.5,right-hand,0.0981,0.9019
3,2.5,left-hand,0.7592,0.2408
3,2.5,left-hand,0.6325,0.3675
3,2.5,right-hand,0.5703,0.4297
3,2.5,left-hand,0.5689,0.4311
3,2.5,right-hand,0.5366,0.4634
3,2.5,left-hand,0.1623,0.8377
3,2.5,right-hand,0.1323,0.8677
3,2.5,right-hand,0.849,0.151
3,2.5,right-hand,0.4273,0.5727
3,2.5,left-hand,0.2572,0.7428
3,2.5,right-hand,0.369,0.631
3,2.5,left-hand,0.6464,0.3536
3,2.5,right-hand,0.5332,0.4668
3,2.5,left-hand,0.7496,0.2504
3,2.5,right-hand,0.4177,0.5823
3,2.5,left-hand,0.7711,0.2289
3,2.5,left-hand,0.5446,0.4554
3,2.5,right-hand,0.6202,0.3798
3,2.5,left-hand,0.5873,0.4127
3,2.5,right-hand,0.181,0.819
3,2.5,right-hand,0.3571,0.6429
3,2.5,right-hand,0.0415,0.9585
3,2.5,right-hand,0.7464,0.2536
3,2.5,left-hand,0.3773,0.6227
3,2.5,left-hand,0.6351,0.3649
4,2.5,left-hand,0.1983,0.8017
4,2.5,right-hand,0.9248,0.0752
4,2.5,right-hand,0.3121,0.6879
4,2.5,left-hand,0.6676,0.3324
4,2.5,left-hand,0.2854,0.7146
4,2.5,right-hand,0.3737,0.6263
4,2.5,left-hand,0.2613,0.7387
4,2.5,right-hand,0.0972,0.9028
4,2.5,left-hand,0.7367,0.2633
4,2.5,right-hand,0.2351,0.7649
4,2.5,left-hand,0.3582,0.6418
4,2.5,right-hand,0.1293,0.8707
4,2.5,left-hand,0.3753,0.6247
4,2.5,left-hand,0.2029,0.7971
4,2.5,left-hand,0.4921,0.5079
4,2.5,right-hand,0.4662,0.5338
4,2.5,right-hand,0.3353,0.6647
4,2.5,left-hand,0.9179,0.0821
4,2.5,left-hand,0.4402,0.5598
4,2.5,right-hand,0.5623,0.4377
4,2.5,left-hand,0.6883,0.3117
4,2.5,right-hand,0.398,0.602
4,2.5,right-hand,0.7724,0.2276
4,2.5,right-hand,0.2835,0.7165
4,2.5,right-hand,0.3044,0.6956
4,2.5,left-hand,0.2487,0.7513
4,2.5,right-hand,0.3833,0.6167
4,2.5,left-hand,0.7848,0.2152
4,2.5,right-hand,0.2924,0.7076
4,2.5,left-hand,0.5555,0.4445
4,2.5,left-hand,0.5492,0.4508
4,2.5,right-hand,0.713,0.287
4,2.5,right-hand,0.3356,0.6644
4,2.5,right-hand,0.3702,0.6298
4,2.5,left-hand,0.577,0.423
4,2.5,left-hand,0.8501,0.1499
4,2.5,right-hand,0.6877,0.3123
4,2.5,left-hand,0.5039,0.4961
4,2.5,right-hand,0.6811,0.3189
4,2.5,right-hand,0.29,0.71
4,2.5,right-hand,0.1073,0.8927
4,2.5,right-hand,0.0252,0.9748
4,2.5,left-hand,0.5337,0.4663
4,2.5,left-hand,0.7388,0.2612
4,2.5,right-hand,0.5626,0.4374
4,2.5,left-hand,0.1508,0.8492
4,2.5,right-hand,0.6198,0.3802
4,2.5,left-hand,0.8022,0.1978
4,2.5,left-hand,0.5629,0.4371
4,2.5,left-hand,0.5648,0.4352
4,2.5,left-hand,0.6889,0.3111
4,2.5,right-hand,0.6773,0.3227
4,2.5,right-hand,0.6781,0.3219
4,2.5,right-hand,0.2738,0.7262
4,2.5,left-hand,0.7362,0.2638
4,2.5,left-hand,0.3476,0.6524
4,2.5,left-hand,0.8194,0.1806
5,2.5,left-hand,0.2202,0.7798
5,2.5,right-hand,0.5126,0.4874
5,2.5,right-hand,0.534,0.466
5,2.5,right-hand,0.4686,0.5314
5,2.5,left-hand,0.7055,0.2945
5,2.5,left-hand,0.7963,0.2037
5,2.5,left-hand,0.3673,0.6327
5,2.5,left-hand,0.5397,0.4603
5,2.5,left-hand,0.4903,0.5097
5,2.5,right-hand,0.8241,0.1759
5,2.5,right-hand,0.6323,0.3677
5,2.5,right-hand,0.3418,0.6582
5,2.5,left-hand,0.2344,0.7656
5,2.5,right-hand,0.3547,0.6453
5,2.5,left-hand,0.5148,0.4852
5,2.5,right-hand,0.301,0.699
5,2.5,right-hand,0.366,0.634
5,2.5,right-hand,0.5833,0.4167
5,2.5,right-hand,0.2132,0.7868
5,2.5,right-hand,0.8152,0.1848
5,2.5,left-hand,0.4721,0.5279
5,2.5,right-hand,0.2535,0.7465
5,2.5,right-hand,0.4269,0.5731
5,2.5,left-hand,0.6304,0.3696
5,2.5,left-hand,0.4433,0.5567
5,2.5,left-hand,0.7254,0.2746
5,2.5,left-hand,0.8195,0.1805
5,2.5,left-hand,0.7623,0.2377
5,2.5,right-hand,0.3079,0.6921
5,2.5,left-hand,0.9039,0.0961
5,2.5,right-hand,0.5287,0.4713
5,2.5,right-hand,0.3846,0.6154
5,2.5,left-hand,0.2299,0.7701
5,2.5,left-hand,0.5567,0.4433
5,2.5,left-hand,0.6539,0.3461
5,2.5,right-hand,0.2799,0.7201
5,2.5,left-hand,0.9016,0.0984
5,2.5,right-hand,0.8888,0.1112
5,2.5,right-hand,0.4389,0.5611
5,2.5,left-hand,0.7712,0.2288
5,2.5,right-hand,0.3803,0.6197
5,2.5,right-hand,0.1343,0.8657
5,2.5,left-hand,0.4302,0.5698
5,2.5,right-hand,0.5111,0.4889
5,2.5,right-hand,0.2222,0.7778
5,2.5,left-hand,0.5826,0.4174
5,2.5,left-hand,0.6118,0.3882
5,2.5,left-hand,0.8847,0.1153
5,2.5,left-hand,0.8821,0.1179
5,2.5,right-hand,0.7597,0.2403
5,2.5,right-hand,0.6436,0.3564
5,2.5,left-hand,0.6797,0.3203
5,2.5,right-hand,0.7965,0.2035
5,2.5,right-hand,0.5212,0.4788
5,2.5,left-hand,0.1163,0.8837
5,2.5,left-hand,0.1734,0.8266
5,2.5,right-hand,0.6515,0.3485
