fold,tmin,true_label,left-hand,right-hand
1,2.5,left-hand,0.9324,0.0676
1,2.5,right-hand,0.8792,0.1208
1,2.5,left-hand,0.5736,0.4264
1,2.5,right-hand,0.5836,0.4164
1,2.5,left-hand,0.6947,0.3053
1,2.5,right-hand,0.9025,0.0975
1,2.5,left-hand,0.6054,0.3946
1,2.5,right-hand,0.975,0.025
1,2.5,left-hand,0.9461,0.0539
1,2.5,left-hand,0.9878,0.0122
1,2.5,left-hand,0.8564,0.1436
1,2.5,right-hand,0.8915,0.1085
1,2.5,left-hand,0.6121,0.3879
1,2.5,right-hand,0.6646,0.3354
1,2.5,right-hand,0.6787,0.3213
1,2.5,left-hand,0.6494,0.3506
1,2.5,left-hand,0.6165,0.3835
1,2.5,right-hand,0.6028,0.3972
1,2.5,right-hand,0.9768,0.0232
1,2.5,right-hand,0.6811,0.3189
1,2.5,right-hand,0.7373,0.2627
1,2.5,left-hand,0.5944,0.4056
1,2.5,left-hand,0.6058,0.3942
1,2.5,left-hand,0.6421,0.3579
1,2.5,left-hand,0.6111,0.3889
1,2.5,left-hand,0.6194,0.3806
1,2.5,right-hand,0.7115,0.2885
1,2.5,right-hand,0.635,0.365
1,2.5,left-hand,0.6256,0.3744
1,2.5,left-hand,0.5871,0.4129
1,2.5,right-hand,0.7694,0.2306
1,2.5,right-hand,0.589,0.411
1,2.5,right-hand,0.6032,0.3968
1,2.5,right-hand,0.5855,0.4145
1,2.5,left-hand,0.9659,0.0341
1,2.5,right-hand,0.9386,0.0614
1,2.5,left-hand,0.6046,0.3954
1,2.5,right-hand,0.7876,0.2124
1,2.5,left-hand,0.9974,0.0026
1,2.5,left-hand,0.9903,0.0097
1,2.5,right-hand,0.964,0.036
1,2.5,left-hand,0.9498,0.0502
1,2.5,left-hand,0.8487,0.1513
1,2.5,right-hand,0.9587,0.0413
1,2.5,left-hand,1.0,0.0
1,2.5,left-hand,1.0,0.0
1,2.5,right-hand,0.9524,0.0476
1,2.5,right-hand,0.9281,0.0719
1,2.5,right-hand,0.7353,0.2647
1,2.5,left-hand,0.9143,0.0857
1,2.5,right-hand,0.762,0.238
1,2.5,right-hand,0.8906,0.1094
1,2.5,left-hand,0.7571,0.2429
1,2.5,right-hand,0.7942,0.2058
1,2.5,right-hand,0.8027,0.1973
1,2.5,right-hand,0.7326,0.2674
1,2.5,left-hand,0.6445,0.3555
1,2.5,left-hand,0.6017,0.3983
2,2.5,right-hand,0.9891,0.0109
2,2.5,left-hand,0.961,0.039
2,2.5,right-hand,0.9476,0.0524
2,2.5,left-hand,0.9782,0.0218
2,2.5,right-hand,0.9691,0.0309
2,2.5,right-hand,0.9424,0.0576
2,2.5,right-hand,0.7336,0.2664
2,2.5,right-hand,0.8097,0.1903
2,2.5,right-hand,0.9025,0.0975
2,2.5,left-hand,0.7344,0.2656
2,2.5,left-hand,0.6969,0.3031
2,2.5,right-hand,0.9054,0.0946
2,2.5,left-hand,0.8983,0.1017
2,2.5,left-hand,0.7086,0.2914
2,2.5,right-hand,0.7311,0.2689
2,2.5,left-hand,0.8172,0.1828
2,2.5,left-hand,0.8858,0.1142
2,2.5,right-hand,0.7616,0.2384
2,2.5,left-hand,0.9169,0.0831
2,2.5,right-hand,0.9273,0.0727
2,2.5,right-hand,0.7774,0.2226
2,2.5,left-hand,0.8064,0.1936
2,2.5,right-hand,0.9236,0.0764
2,2.5,left-hand,0.941,0.059
2,2.5,left-hand,0.8024,0.1976
2,2.5,right-hand,0.7547,0.2453
2,2.5,right-hand,0.8983,0.1017
2,2.5,left-hand,0.8265,0.1735
2,2.5,left-hand,0.8416,0.1584
2,2.5,right-hand,0.9879,0.0121
2,2.5,right-hand,0.8513,0.1487
2,2.5,left-hand,0.8674,0.1326
2,2.5,left-hand,0.9354,0.0646
2,2.5,left-hand,0.8689,0.1311
2,2.5,left-hand,0.9665,0.0335
2,2.5,right-hand,0.9551,0.0449
2,2.5,right-hand,0.9436,0.0564
2,2.5,right-hand,0.4558,0.5442
2,2.5,right-hand,0.4115,0.5885
2,2.5,left-hand,0.5204,0.4796
2,2.5,left-hand,1.0,0.0
2,2.5,left-hand,0.7213,0.2787
2,2.5,left-hand,0.4801,0.5199
2,2.5,left-hand,0.5521,0.4479
2,2.5,right-hand,0.5785,0.4215
2,2.5,right-hand,0.9804,0.0196
2,2.5,left-hand,0.976,0.024
2,2.5,right-hand,0.9831,0.0169
2,2.5,left-hand,0.9776,0.0224
2,2.5,right-hand,0.9452,0.0548
2,2.5,left-hand,0.973,0.027
2,2.5,left-hand,0.4343,0.5657
2,2.5,left-hand,0.5031,0.4969
2,2.5,right-hand,0.6731,0.3269
2,2.5,left-hand,0.4096,0.5904
2,2.5,right-hand,0.4091,0.5909
2,2.5,right-hand,0.9421,0.0579
2,2.5,right-hand,0.8286,0.1714
3,2.5,right-hand,0.789,0.211
3,2.5,left-hand,0.8917,0.1083
3,2.5,left-hand,0.804,0.196
3,2.5,left-hand,0.9166,0.0834
3,2.5,left-hand,0.8161,0.1839
3,2.5,right-hand,0.9999,0.0001
3,2.5,right-hand,0.9878,0.0122
3,2.5,left-hand,0.8578,0.1422
3,2.5,right-hand,0.8618,0.1382
3,2.5,left-hand,0.9969,0.0031
3,2.5,left-hand,0.9784,0.0216
3,2.5,right-hand,0.8832,0.1168
3,2.5,right-hand,0.9124,0.0876
3,2.5,right-hand,0.9949,0.0051
3,2.5,right-hand,0.9973,0.0027
3,2.5,left-hand,0.8345,0.1655
3,2.5,left-hand,0.9472,0.0528
3,2.5,right-hand,0.875,0.125
3,2.5,left-hand,0.8392,0.1608
3,2.5,right-hand,0.9907,0.0093
3,2.5,left-hand,0.9688,0.0312
3,2.5,right-hand,0.884,0.116
3,2.5,right-hand,0.7925,0.2075
3,2.5,left-hand,0.7972,0.2028
3,2.5,left-hand,0.9784,0.0216
3,2.5,right-hand,0.8694,0.1306
3,2.5,left-hand,0.8474,0.1526
3,2.5,right-hand,0.8445,0.1555
3,2.5,right-hand,0.9982,0.0018
3,2.5,left-hand,0.8944,0.1056
3,2.5,left-hand,0.95,0.05
3,2.5,left-hand,0.8136,0.1864
3,2.5,right-hand,0.8501,0.1499
3,2.5,left-hand,0.8687,0.1313
3,2.5,left-hand,0.9467,0.0533
3,2.5,right-hand,0.7928,0.2072
3,2.5,left-hand,1.0,0.0
3,2.5,right-hand,1.0,0.0
3,2.5,left-hand,0.9797,0.0203
3,2.5,right-hand,0.9884,0.0116
3,2.5,right-hand,1.0,0.0
3,2.5,right-hand,1.0,0.0
3,2.5,left-hand,0.9849,0.0151
3,2.5,right-hand,0.9857,0.0143
3,2.5,left-hand,0.9608,0.0392
3,2.5,right-hand,0.9702,0.0298
3,2.5,left-hand,0.9418,0.0582
3,2.5,right-hand,0.94,0.06
3,2.5,left-hand,0.9288,0.0712
3,2.5,left-hand,1.0,0.0
3,2.5,right-hand,1.0,0.0
3,2.5,left-hand,0.9999,0.0001
3,2.5,right-hand,0.9721,0.0279
3,2.5,right-hand,0.9859,0.0141
3,2.5,right-hand,0.9976,0.0024
3,2.5,right-hand,0.9042,0.0958
3,2.5,left-hand,0.8975,0.1025
3,2.5,left-hand,0.9035,0.0965
4,2.5,left-hand,0.8954,0.1046
4,2.5,right-hand,0.8977,0.1023
4,2.5,right-hand,0.9073,0.0927
4,2.5,left-hand,0.5031,0.4969
4,2.5,left-hand,0.8083,0.1917
4,2.5,right-hand,0.6586,0.3414
4,2.5,left-hand,0.8911,0.1089
4,2.5,right-hand,0.708,0.292
4,2.5,left-hand,0.5227,0.4773
4,2.5,right-hand,0.7491,0.2509
4,2.5,left-hand,0.8857,0.1143
4,2.5,right-hand,0.8307,0.1693
4,2.5,left-hand,0.4643,0.5357
4,2.5,left-hand,0.8341,0.1659
4,2.5,left-hand,0.5906,0.4094
4,2.5,right-hand,0.8254,0.1746
4,2.5,right-hand,0.796,0.204
4,2.5,left-hand,0.7534,0.2466
4,2.5,left-hand,0.8307,0.1693
4,2.5,right-hand,0.792,0.208
4,2.5,left-hand,0.856,0.144
4,2.5,right-hand,0.903,0.097
4,2.5,right-hand,0.5812,0.4188
4,2.5,right-hand,0.856,0.144
4,2.5,right-hand,0.9116,0.0884
4,2.5,left-hand,0.9005,0.0995
4,2.5,right-hand,0.8647,0.1353
4,2.5,left-hand,0.9207,0.0793
4,2.5,right-hand,0.8693,0.1307
4,2.5,left-hand,0.9153,0.0847
4,2.5,left-hand,0.8439,0.1561
4,2.5,right-hand,0.9246,0.0754
4,2.5,right-hand,0.921,0.079
4,2.5,right-hand,0.9093,0.0907
4,2.5,left-hand,1.0,0.0
4,2.5,left-hand,0.9112,0.0888
4,2.5,right-hand,0.9165,0.0835
4,2.5,left-hand,0.887,0.113
4,2.5,right-hand,0.8808,0.1192
4,2.5,right-hand,0.9361,0.0639
4,2.5,right-hand,0.9167,0.0833
4,2.5,right-hand,0.8894,0.1106
4,2.5,left-hand,0.8821,0.1179
4,2.5,left-hand,0.888,0.112
4,2.5,right-hand,0.8924,0.1076
4,2.5,left-hand,0.9522,0.0478
4,2.5,right-hand,0.9151,0.0849
4,2.5,left-hand,0.8855,0.1145
4,2.5,left-hand,0.8798,0.1202
4,2.5,left-hand,1.0,0.0
4,2.5,left-hand,0.9484,0.0516
4,2.5,right-hand,0.7916,0.2084
4,2.5,right-hand,0.8836,0.1164
4,2.5,right-hand,0.8963,0.1037
4,2.5,left-hand,0.8001,0.1999
4,2.5,left-hand,0.9169,0.0831
4,2.5,left-hand,0.6566,0.3434
5,2.5,left-hand,0.9994,0.0006
5,2.5,right-hand,0.9933,0.0067
5,2.5,right-hand,0.9991,0.0009
5,2.5,right-hand,0.9958,0.0042
5,2.5,left-hand,0.9667,0.0333
5,2.5,left-hand,0.9895,0.0105
5,2.5,left-hand,0.8278,0.1722
5,2.5,left-hand,0.8873,0.1127
5,2.5,left-hand,0.8574,0.1426
5,2.5,right-hand,0.8297,0.1703
5,2.5,right-hand,0.9964,0.0036
5,2.5,right-hand,0.9325,0.0675
5,2.5,left-hand,0.8279,0.1721
5,2.5,right-hand,0.8656,0.1344
5,2.5,left-hand,0.8549,0.1451
5,2.5,right-hand,0.9815,0.0185
5,2.5,right-hand,0.9217,0.0783
5,2.5,right-hand,0.9869,0.0131
5,2.5,right-hand,0.8713,0.1287
5,2.5,right-hand,0.9366,0.0634
5,2.5,left-hand,0.9568,0.0432
5,2.5,right-hand,0.9371,0.0629
5,2.5,right-hand,0.8798,0.1202
5,2.5,left-hand,0.8744,0.1256
5,2.5,left-hand,0.8857,0.1143
5,2.5,left-hand,0.8759,0.1241
5,2.5,left-hand,0.9656,0.0344
5,2.5,left-hand,0.9906,0.0094
5,2.5,right-hand,1.0,0.0
5,2.5,left-hand,1.0,0.0
5,2.5,right-hand,1.0,0.0
5,2.5,right-hand,1.0,0.0
5,2.5,left-hand,1.0,0.0
5,2.5,left-hand,0.999,0.001
5,2.5,left-hand,1.0,0.0
5,2.5,right-hand,0.5017,0.4983
5,2.5,left-hand,0.4382,0.5618
5,2.5,right-hand,0.9966,0.0034
5,2.5,right-hand,1.0,0.0
5,2.5,left-hand,1.0,0.0
5,2.5,right-hand,0.9994,0.0006
5,2.5,right-hand,0.9991,0.0009
5,2.5,left-hand,0.9988,0.0012
5,2.5,right-hand,0.994,0.006
5,2.5,right-hand,1.0,0.0
5,2.5,left-hand,1.0,0.0
5,2.5,left-hand,0.9189,0.0811
5,2.5,left-hand,0.4961,0.5039
5,2.5,left-hand,0.6442,0.3558
5,2.5,right-hand,0.64,0.36
5,2.5,right-hand,0.9999,0.0001
5,2.5,left-hand,0.9991,0.0009
5,2.5,right-hand,0.9938,0.0062
5,2.5,right-hand,0.8366,0.1634
5,2.5,left-hand,0.8622,0.1378
5,2.5,left-hand,0.9028,0.0972
5,2.5,right-hand,0.9078,0.0922
