fold,tmin,true_label,left-hand,right-hand
1,3.5,right-hand,0.3402,0.6598
1,3.5,right-hand,0.5562,0.4438
1,3.5,right-hand,0.6359,0.3641
1,3.5,left-hand,0.4988,0.5012
1,3.5,right-hand,0.7625,0.2375
1,3.5,right-hand,0.3948,0.6052
1,3.5,right-hand,0.2452,0.7548
1,3.5,left-hand,0.4726,0.5274
1,3.5,left-hand,0.5817,0.4183
1,3.5,right-hand,0.5278,0.4722
1,3.5,right-hand,0.454,0.546
1,3.5,left-hand,0.2992,0.7008
1,3.5,right-hand,0.6166,0.3834
1,3.5,right-hand,0.4879,0.5121
1,3.5,left-hand,0.5278,0.4722
1,3.5,right-hand,0.5543,0.4457
1,3.5,right-hand,0.4314,0.5686
1,3.5,left-hand,0.6119,0.3881
1,3.5,left-hand,0.628,0.372
1,3.5,left-hand,0.581,0.419
1,3.5,left-hand,0.5688,0.4312
1,3.5,right-hand,0.6154,0.3846
1,3.5,right-hand,0.482,0.518
1,3.5,left-hand,0.5667,0.4333
1,3.5,right-hand,0.3652,0.6348
1,3.5,right-hand,0.5608,0.4392
1,3.5,left-hand,0.3964,0.6036
1,3.5,right-hand,0.4114,0.5886
1,3.5,right-hand,0.4848,0.5152
1,3.5,right-hand,0.6401,0.3599
1,3.5,left-hand,0.5687,0.4313
1,3.5,left-hand,0.5676,0.4324
1,3.5,left-hand,0.547,0.453
1,3.5,left-hand,0.4514,0.5486
1,3.5,right-hand,0.4217,0.5783
1,3.5,right-hand,0.5069,0.4931
1,3.5,right-hand,0.5683,0.4317
1,3.5,left-hand,0.5319,0.4681
1,3.5,left-hand,0.5222,0.4778
1,3.5,left-hand,0.4459,0.5541
1,3.5,left-hand,0.4973,0.5027
1,3.5,right-hand,0.6153,0.3847
1,3.5,right-hand,0.6005,0.3995
1,3.5,left-hand,0.5442,0.4558
1,3.5,right-hand,0.5328,0.4672
1,3.5,left-hand,0.5101,0.4899
1,3.5,left-hand,0.5786,0.4214
1,3.5,left-hand,0.3649,0.6351
1,3.5,left-hand,0.3919,0.6081
1,3.5,right-hand,0.4683,0.5317
1,3.5,right-hand,0.6099,0.3901
1,3.5,left-hand,0.38,0.62
1,3.5,left-hand,0.6194,0.3806
1,3.5,left-hand,0.6092,0.3908
1,3.5,right-hand,0.5243,0.4757
1,3.5,right-hand,0.5336,0.4664
1,3.5,right-hand,0.4899,0.5101
1,3.5,left-hand,0.4726,0.5274
1,3.5,right-hand,0.3392,0.6608
1,3.5,right-hand,0.481,0.519
1,3.5,left-hand,0.32,0.68
1,3.5,left-hand,0.4373,0.5627
1,3.5,left-hand,0.2773,0.7227
1,3.5,right-hand,0.8763,0.1237
1,3.5,left-hand,0.0509,0.9491
1,3.5,right-hand,0.3018,0.6982
1,3.5,right-hand,0.5135,0.4865
1,3.5,right-hand,0.2719,0.7281
1,3.5,right-hand,0.4453,0.5547
1,3.5,left-hand,0.809,0.191
1,3.5,left-hand,0.2921,0.7079
1,3.5,left-hand,0.7888,0.2112
1,3.5,left-hand,0.5203,0.4797
1,3.5,left-hand,0.5343,0.4657
1,3.5,left-hand,0.332,0.668
1,3.5,right-hand,0.3446,0.6554
1,3.5,right-hand,0.2843,0.7157
1,3.5,left-hand,0.4125,0.5875
1,3.5,left-hand,0.4533,0.5467
1,3.5,left-hand,0.5813,0.4187
1,3.5,left-hand,0.6433,0.3567
1,3.5,right-hand,0.4271,0.5729
1,3.5,left-hand,0.5682,0.4318
1,3.5,right-hand,0.4259,0.5741
1,3.5,left-hand,0.6265,0.3735
1,3.5,right-hand,0.2791,0.7209
1,3.5,left-hand,0.8143,0.1857
1,3.5,right-hand,0.3475,0.6525
1,3.5,right-hand,0.4266,0.5734
1,3.5,right-hand,0.3399,0.6601
1,3.5,right-hand,0.3167,0.6833
1,3.5,right-hand,0.4577,0.5423
1,3.5,right-hand,0.4545,0.5455
1,3.5,left-hand,0.7802,0.2198
1,3.5,left-hand,0.563,0.437
1,3.5,right-hand,0.3843,0.6157
1,3.5,left-hand,0.4787,0.5213
1,3.5,left-hand,0.8171,0.1829
1,3.5,left-hand,0.5999,0.4001
1,3.5,left-hand,0.6419,0.3581
1,3.5,left-hand,0.7076,0.2924
1,3.5,right-hand,0.3336,0.6664
1,3.5,left-hand,0.6866,0.3134
1,3.5,left-hand,0.5464,0.4536
1,3.5,left-hand,0.7709,0.2291
1,3.5,left-hand,0.7598,0.2402
1,3.5,right-hand,0.2925,0.7075
1,3.5,left-hand,0.8576,0.1424
1,3.5,left-hand,0.5306,0.4694
1,3.5,right-hand,0.3584,0.6416
1,3.5,right-hand,0.4095,0.5905
1,3.5,right-hand,0.416,0.584
1,3.5,left-hand,0.5343,0.4657
1,3.5,left-hand,0.7586,0.2414
1,3.5,left-hand,0.6394,0.3606
1,3.5,right-hand,0.3538,0.6462
1,3.5,right-hand,0.2433,0.7567
1,3.5,right-hand,0.2163,0.7837
1,3.5,right-hand,0.3912,0.6088
1,3.5,right-hand,0.4756,0.5244
1,3.5,right-hand,0.3954,0.6046
1,3.5,left-hand,0.4499,0.5501
1,3.5,left-hand,0.5697,0.4303
1,3.5,right-hand,0.4259,0.5741
1,3.5,left-hand,0.3235,0.6765
1,3.5,right-hand,0.3743,0.6257
1,3.5,right-hand,0.4138,0.5862
1,3.5,right-hand,0.4727,0.5273
1,3.5,right-hand,0.4189,0.5811
1,3.5,right-hand,0.3149,0.6851
1,3.5,right-hand,0.3139,0.6861
1,3.5,left-hand,0.3472,0.6528
1,3.5,right-hand,0.4816,0.5184
1,3.5,right-hand,0.3685,0.6315
1,3.5,right-hand,0.4148,0.5852
1,3.5,left-hand,0.55,0.45
1,3.5,right-hand,0.5896,0.4104
1,3.5,left-hand,0.2448,0.7552
1,3.5,left-hand,0.4784,0.5216
1,3.5,left-hand,0.2204,0.7796
1,3.5,right-hand,0.3821,0.6179
1,3.5,left-hand,0.3534,0.6466
1,3.5,left-hand,0.3814,0.6186
1,3.5,left-hand,0.1689,0.8311
1,3.5,right-hand,0.265,0.735
1,3.5,right-hand,0.5439,0.4561
1,3.5,left-hand,0.4767,0.5233
1,3.5,left-hand,0.4465,0.5535
2,3.5,left-hand,0.492,0.508
2,3.5,right-hand,0.4427,0.5573
2,3.5,right-hand,0.6975,0.3025
2,3.5,left-hand,0.5801,0.4199
2,3.5,right-hand,0.4351,0.5649
2,3.5,left-hand,0.4786,0.5214
2,3.5,left-hand,0.7047,0.2953
2,3.5,left-hand,0.4778,0.5222
2,3.5,left-hand,0.5645,0.4355
2,3.5,right-hand,0.4145,0.5855
2,3.5,left-hand,0.571,0.429
2,3.5,right-hand,0.5558,0.4442
2,3.5,right-hand,0.4036,0.5964
2,3.5,right-hand,0.3834,0.6166
2,3.5,left-hand,0.5505,0.4495
2,3.5,left-hand,0.7903,0.2097
2,3.5,right-hand,0.7266,0.2734
2,3.5,right-hand,0.5883,0.4117
2,3.5,right-hand,0.6681,0.3319
2,3.5,left-hand,0.5896,0.4104
2,3.5,left-hand,0.5729,0.4271
2,3.5,right-hand,0.5204,0.4796
2,3.5,right-hand,0.7731,0.2269
2,3.5,right-hand,0.6094,0.3906
2,3.5,right-hand,0.4301,0.5699
2,3.5,right-hand,0.4607,0.5393
2,3.5,left-hand,0.6269,0.3731
2,3.5,left-hand,0.5389,0.4611
2,3.5,right-hand,0.4784,0.5216
2,3.5,right-hand,0.7255,0.2745
2,3.5,left-hand,0.4395,0.5605
2,3.5,right-hand,0.4779,0.5221
2,3.5,right-hand,0.4184,0.5816
2,3.5,left-hand,0.7416,0.2584
2,3.5,right-hand,0.6154,0.3846
2,3.5,right-hand,0.5831,0.4169
2,3.5,right-hand,0.5513,0.4487
2,3.5,right-hand,0.3988,0.6012
2,3.5,left-hand,0.6042,0.3958
2,3.5,left-hand,0.5877,0.4123
2,3.5,left-hand,0.4333,0.5667
2,3.5,left-hand,0.5896,0.4104
2,3.5,right-hand,0.6729,0.3271
2,3.5,right-hand,0.6221,0.3779
2,3.5,left-hand,0.3947,0.6053
2,3.5,right-hand,0.5003,0.4997
2,3.5,left-hand,0.4871,0.5129
2,3.5,right-hand,0.7265,0.2735
2,3.5,right-hand,0.6996,0.3004
2,3.5,left-hand,0.0694,0.9306
2,3.5,right-hand,0.4205,0.5795
2,3.5,left-hand,0.3223,0.6777
2,3.5,right-hand,0.5393,0.4607
2,3.5,right-hand,0.4844,0.5156
2,3.5,right-hand,0.4172,0.5828
2,3.5,left-hand,0.5334,0.4666
2,3.5,left-hand,0.7445,0.2555
2,3.5,right-hand,0.47,0.53
2,3.5,right-hand,0.6072,0.3928
2,3.5,right-hand,0.5368,0.4632
2,3.5,right-hand,0.9553,0.0447
2,3.5,right-hand,0.8976,0.1024
2,3.5,right-hand,0.8579,0.1421
2,3.5,left-hand,0.5115,0.4885
2,3.5,left-hand,0.8783,0.1217
2,3.5,left-hand,0.5001,0.4999
2,3.5,right-hand,0.5414,0.4586
2,3.5,right-hand,0.3446,0.6554
2,3.5,left-hand,0.4151,0.5849
2,3.5,right-hand,0.6672,0.3328
2,3.5,left-hand,0.4642,0.5358
2,3.5,left-hand,0.8526,0.1474
2,3.5,left-hand,0.5873,0.4127
2,3.5,right-hand,0.4014,0.5986
2,3.5,left-hand,0.9035,0.0965
2,3.5,right-hand,0.4124,0.5876
2,3.5,right-hand,0.5126,0.4874
2,3.5,left-hand,0.4264,0.5736
2,3.5,left-hand,0.6395,0.3605
2,3.5,right-hand,0.383,0.617
2,3.5,right-hand,0.6033,0.3967
2,3.5,left-hand,0.7465,0.2535
2,3.5,right-hand,0.4569,0.5431
2,3.5,left-hand,0.5216,0.4784
2,3.5,right-hand,0.5793,0.4207
2,3.5,right-hand,0.3228,0.6772
2,3.5,left-hand,0.5669,0.4331
2,3.5,right-hand,0.3133,0.6867
2,3.5,right-hand,0.3822,0.6178
2,3.5,right-hand,0.3331,0.6669
2,3.5,left-hand,0.7228,0.2772
2,3.5,left-hand,0.601,0.399
2,3.5,left-hand,0.7772,0.2228
2,3.5,right-hand,0.3906,0.6094
2,3.5,left-hand,0.8218,0.1782
2,3.5,left-hand,0.5589,0.4411
2,3.5,left-hand,0.828,0.172
2,3.5,right-hand,0.351,0.649
2,3.5,left-hand,0.8012,0.1988
2,3.5,right-hand,0.3274,0.6726
2,3.5,left-hand,0.5701,0.4299
2,3.5,left-hand,0.8292,0.1708
2,3.5,left-hand,0.6354,0.3646
2,3.5,left-hand,0.8723,0.1277
2,3.5,right-hand,0.4552,0.5448
2,3.5,right-hand,0.494,0.506
2,3.5,right-hand,0.3186,0.6814
2,3.5,right-hand,0.4145,0.5855
2,3.5,right-hand,0.5172,0.4828
2,3.5,left-hand,0.5598,0.4402
2,3.5,left-hand,0.871,0.129
2,3.5,right-hand,0.3543,0.6457
2,3.5,right-hand,0.3753,0.6247
2,3.5,right-hand,0.3729,0.6271
2,3.5,left-hand,0.4947,0.5053
2,3.5,left-hand,0.4303,0.5697
2,3.5,left-hand,0.6315,0.3685
2,3.5,left-hand,0.4561,0.5439
2,3.5,left-hand,0.6112,0.3888
2,3.5,left-hand,0.5877,0.4123
2,3.5,left-hand,0.4894,0.5106
2,3.5,right-hand,0.3867,0.6133
2,3.5,left-hand,0.3831,0.6169
2,3.5,left-hand,0.4123,0.5877
2,3.5,left-hand,0.5538,0.4462
2,3.5,right-hand,0.3868,0.6132
2,3.5,right-hand,0.4282,0.5718
2,3.5,left-hand,0.6696,0.3304
2,3.5,left-hand,0.3841,0.6159
2,3.5,right-hand,0.3922,0.6078
2,3.5,left-hand,0.4736,0.5264
2,3.5,left-hand,0.4727,0.5273
2,3.5,left-hand,0.3912,0.6088
2,3.5,right-hand,0.5236,0.4764
2,3.5,left-hand,0.6544,0.3456
2,3.5,left-hand,0.371,0.629
2,3.5,left-hand,0.4058,0.5942
2,3.5,left-hand,0.492,0.508
2,3.5,left-hand,0.3992,0.6008
2,3.5,right-hand,0.477,0.523
2,3.5,right-hand,0.376,0.624
2,3.5,right-hand,0.4949,0.5051
2,3.5,right-hand,0.4044,0.5956
2,3.5,left-hand,0.4158,0.5842
2,3.5,left-hand,0.5525,0.4475
2,3.5,left-hand,0.53,0.47
2,3.5,right-hand,0.4261,0.5739
2,3.5,right-hand,0.4901,0.5099
3,3.5,left-hand,0.6346,0.3654
3,3.5,left-hand,0.4366,0.5634
3,3.5,right-hand,0.8118,0.1882
3,3.5,right-hand,0.3446,0.6554
3,3.5,left-hand,0.6886,0.3114
3,3.5,left-hand,0.3965,0.6035
3,3.5,left-hand,0.7169,0.2831
3,3.5,right-hand,0.5477,0.4523
3,3.5,right-hand,0.6739,0.3261
3,3.5,right-hand,0.3961,0.6039
3,3.5,right-hand,0.5734,0.4266
3,3.5,left-hand,0.4984,0.5016
3,3.5,right-hand,0.5645,0.4355
3,3.5,right-hand,0.387,0.613
3,3.5,left-hand,0.4303,0.5697
3,3.5,left-hand,0.5168,0.4832
3,3.5,right-hand,0.466,0.534
3,3.5,left-hand,0.4215,0.5785
3,3.5,left-hand,0.4359,0.5641
3,3.5,left-hand,0.5125,0.4875
3,3.5,left-hand,0.5684,0.4316
3,3.5,left-hand,0.3996,0.6004
3,3.5,left-hand,0.1813,0.8187
3,3.5,left-hand,0.4662,0.5338
3,3.5,right-hand,0.4819,0.5181
3,3.5,right-hand,0.5562,0.4438
3,3.5,left-hand,0.6871,0.3129
3,3.5,right-hand,0.325,0.675
3,3.5,right-hand,0.4295,0.5705
3,3.5,left-hand,0.4589,0.5411
3,3.5,left-hand,0.3827,0.6173
3,3.5,right-hand,0.6247,0.3753
3,3.5,right-hand,0.5344,0.4656
3,3.5,left-hand,0.3664,0.6336
3,3.5,left-hand,0.5722,0.4278
3,3.5,right-hand,0.5573,0.4427
3,3.5,left-hand,0.4615,0.5385
3,3.5,right-hand,0.5148,0.4852
3,3.5,right-hand,0.726,0.274
3,3.5,left-hand,0.4012,0.5988
3,3.5,left-hand,0.5578,0.4422
3,3.5,right-hand,0.5071,0.4929
3,3.5,left-hand,0.4729,0.5271
3,3.5,right-hand,0.4052,0.5948
3,3.5,left-hand,0.4708,0.5292
3,3.5,right-hand,0.5609,0.4391
3,3.5,right-hand,0.6072,0.3928
3,3.5,right-hand,0.6189,0.3811
3,3.5,left-hand,0.3981,0.6019
3,3.5,right-hand,0.4231,0.5769
3,3.5,left-hand,0.2272,0.7728
3,3.5,right-hand,0.235,0.765
3,3.5,left-hand,0.6727,0.3273
3,3.5,left-hand,0.5535,0.4465
3,3.5,right-hand,0.4933,0.5067
3,3.5,right-hand,0.5395,0.4605
3,3.5,left-hand,0.8264,0.1736
3,3.5,left-hand,0.5714,0.4286
3,3.5,left-hand,0.2113,0.7887
3,3.5,right-hand,0.7821,0.2179
3,3.5,right-hand,0.5509,0.4491
3,3.5,left-hand,0.5206,0.4794
3,3.5,left-hand,0.6093,0.3907
3,3.5,right-hand,0.1568,0.8432
3,3.5,right-hand,0.3976,0.6024
3,3.5,left-hand,0.5249,0.4751
3,3.5,right-hand,0.5217,0.4783
3,3.5,right-hand,0.4327,0.5673
3,3.5,left-hand,0.5032,0.4968
3,3.5,left-hand,0.8155,0.1845
3,3.5,right-hand,0.3645,0.6355
3,3.5,right-hand,0.4226,0.5774
3,3.5,right-hand,0.4184,0.5816
3,3.5,right-hand,0.3692,0.6308
3,3.5,left-hand,0.5536,0.4464
3,3.5,right-hand,0.6003,0.3997
3,3.5,left-hand,0.5268,0.4732
3,3.5,right-hand,0.5291,0.4709
3,3.5,left-hand,0.6782,0.3218
3,3.5,right-hand,0.482,0.518
3,3.5,left-hand,0.619,0.381
3,3.5,left-hand,0.4875,0.5125
3,3.5,left-hand,0.3927,0.6073
3,3.5,left-hand,0.7677,0.2323
3,3.5,left-hand,0.8193,0.1807
3,3.5,left-hand,0.7344,0.2656
3,3.5,left-hand,0.5769,0.4231
3,3.5,right-hand,0.2349,0.7651
3,3.5,right-hand,0.2723,0.7277
3,3.5,left-hand,0.4837,0.5163
3,3.5,right-hand,0.3774,0.6226
3,3.5,left-hand,0.4079,0.5921
3,3.5,right-hand,0.3849,0.6151
3,3.5,right-hand,0.3492,0.6508
3,3.5,right-hand,0.2535,0.7465
3,3.5,right-hand,0.4336,0.5664
3,3.5,right-hand,0.2335,0.7665
3,3.5,left-hand,0.6021,0.3979
3,3.5,left-hand,0.5325,0.4675
3,3.5,left-hand,0.7081,0.2919
3,3.5,right-hand,0.3416,0.6584
3,3.5,left-hand,0.6326,0.3674
3,3.5,left-hand,0.6954,0.3046
3,3.5,left-hand,0.7048,0.2952
3,3.5,left-hand,0.663,0.337
3,3.5,right-hand,0.3844,0.6156
3,3.5,right-hand,0.455,0.545
3,3.5,right-hand,0.5966,0.4034
3,3.5,right-hand,0.3487,0.6513
3,3.5,left-hand,0.3884,0.6116
3,3.5,left-hand,0.6272,0.3728
3,3.5,left-hand,0.5735,0.4265
3,3.5,right-hand,0.318,0.682
3,3.5,left-hand,0.5579,0.4421
3,3.5,right-hand,0.3204,0.6796
3,3.5,left-hand,0.5884,0.4116
3,3.5,right-hand,0.3978,0.6022
3,3.5,right-hand,0.4096,0.5904
3,3.5,right-hand,0.4064,0.5936
3,3.5,left-hand,0.5457,0.4543
3,3.5,left-hand,0.3494,0.6506
3,3.5,left-hand,0.5593,0.4407
3,3.5,right-hand,0.4304,0.5696
3,3.5,right-hand,0.3843,0.6157
3,3.5,right-hand,0.4168,0.5832
3,3.5,right-hand,0.3491,0.6509
3,3.5,right-hand,0.4065,0.5935
3,3.5,right-hand,0.4062,0.5938
3,3.5,left-hand,0.4147,0.5853
3,3.5,right-hand,0.4093,0.5907
3,3.5,right-hand,0.2118,0.7882
3,3.5,left-hand,0.5299,0.4701
3,3.5,right-hand,0.4002,0.5998
3,3.5,right-hand,0.3638,0.6362
3,3.5,right-hand,0.6149,0.3851
3,3.5,left-hand,0.3816,0.6184
3,3.5,left-hand,0.5141,0.4859
3,3.5,right-hand,0.4101,0.5899
3,3.5,left-hand,0.3877,0.6123
3,3.5,right-hand,0.4542,0.5458
3,3.5,left-hand,0.62,0.38
3,3.5,left-hand,0.4243,0.5757
3,3.5,left-hand,0.598,0.402
3,3.5,right-hand,0.5111,0.4889
3,3.5,left-hand,0.4597,0.5403
3,3.5,right-hand,0.4415,0.5585
3,3.5,right-hand,0.4313,0.5687
3,3.5,left-hand,0.6389,0.3611
4,3.5,left-hand,0.6199,0.3801
4,3.5,left-hand,0.5063,0.4937
4,3.5,right-hand,0.5693,0.4307
4,3.5,right-hand,0.5775,0.4225
4,3.5,right-hand,0.4852,0.5148
4,3.5,right-hand,0.514,0.486
4,3.5,left-hand,0.4935,0.5065
4,3.5,left-hand,0.4499,0.5501
4,3.5,right-hand,0.5093,0.4907
4,3.5,right-hand,0.3652,0.6348
4,3.5,right-hand,0.4362,0.5638
4,3.5,left-hand,0.5244,0.4756
4,3.5,left-hand,0.5702,0.4298
4,3.5,right-hand,0.4326,0.5674
4,3.5,right-hand,0.3904,0.6096
4,3.5,left-hand,0.5665,0.4335
4,3.5,left-hand,0.3804,0.6196
4,3.5,left-hand,0.6029,0.3971
4,3.5,left-hand,0.5533,0.4467
4,3.5,left-hand,0.5707,0.4293
4,3.5,right-hand,0.5043,0.4957
4,3.5,right-hand,0.4216,0.5784
4,3.5,left-hand,0.4574,0.5426
4,3.5,left-hand,0.6322,0.3678
4,3.5,left-hand,0.5348,0.4652
4,3.5,right-hand,0.4003,0.5997
4,3.5,right-hand,0.383,0.617
4,3.5,left-hand,0.6891,0.3109
4,3.5,left-hand,0.6553,0.3447
4,3.5,left-hand,0.4258,0.5742
4,3.5,left-hand,0.6204,0.3796
4,3.5,right-hand,0.4291,0.5709
4,3.5,right-hand,0.4886,0.5114
4,3.5,right-hand,0.5738,0.4262
4,3.5,right-hand,0.5124,0.4876
4,3.5,right-hand,0.5055,0.4945
4,3.5,left-hand,0.4146,0.5854
4,3.5,left-hand,0.5838,0.4162
4,3.5,left-hand,0.5677,0.4323
4,3.5,left-hand,0.5188,0.4812
4,3.5,right-hand,0.5658,0.4342
4,3.5,left-hand,0.3947,0.6053
4,3.5,right-hand,0.4693,0.5307
4,3.5,right-hand,0.3795,0.6205
4,3.5,left-hand,0.5263,0.4737
4,3.5,right-hand,0.5573,0.4427
4,3.5,left-hand,0.488,0.512
4,3.5,left-hand,0.654,0.346
4,3.5,left-hand,0.5767,0.4233
4,3.5,left-hand,0.0011,0.9989
4,3.5,right-hand,0.5994,0.4006
4,3.5,right-hand,0.295,0.705
4,3.5,right-hand,0.8288,0.1712
4,3.5,left-hand,0.0071,0.9929
4,3.5,right-hand,0.4229,0.5771
4,3.5,right-hand,0.5799,0.4201
4,3.5,left-hand,0.3765,0.6235
4,3.5,left-hand,0.5486,0.4514
4,3.5,left-hand,0.2256,0.7744
4,3.5,right-hand,0.0013,0.9987
4,3.5,left-hand,0.22,0.78
4,3.5,left-hand,0.366,0.634
4,3.5,left-hand,0.8607,0.1393
4,3.5,right-hand,0.3395,0.6605
4,3.5,left-hand,0.4559,0.5441
4,3.5,left-hand,0.4719,0.5281
4,3.5,left-hand,0.51,0.49
4,3.5,right-hand,0.4175,0.5825
4,3.5,right-hand,0.455,0.545
4,3.5,right-hand,0.2042,0.7958
4,3.5,right-hand,0.4631,0.5369
4,3.5,left-hand,0.4031,0.5969
4,3.5,left-hand,0.3525,0.6475
4,3.5,left-hand,0.5716,0.4284
4,3.5,right-hand,0.4613,0.5387
4,3.5,left-hand,0.7397,0.2603
4,3.5,right-hand,0.3868,0.6132
4,3.5,left-hand,0.4452,0.5548
4,3.5,right-hand,0.3311,0.6689
4,3.5,right-hand,0.5811,0.4189
4,3.5,right-hand,0.4261,0.5739
4,3.5,left-hand,0.6126,0.3874
4,3.5,right-hand,0.3686,0.6314
4,3.5,left-hand,0.5152,0.4848
4,3.5,right-hand,0.3903,0.6097
4,3.5,right-hand,0.4327,0.5673
4,3.5,left-hand,0.8008,0.1992
4,3.5,right-hand,0.4114,0.5886
4,3.5,right-hand,0.3966,0.6034
4,3.5,left-hand,0.6241,0.3759
4,3.5,right-hand,0.2654,0.7346
4,3.5,right-hand,0.2463,0.7537
4,3.5,right-hand,0.4808,0.5192
4,3.5,right-hand,0.3968,0.6032
4,3.5,right-hand,0.3015,0.6985
4,3.5,left-hand,0.5445,0.4555
4,3.5,left-hand,0.728,0.272
4,3.5,right-hand,0.285,0.715
4,3.5,right-hand,0.5099,0.4901
4,3.5,right-hand,0.4088,0.5912
4,3.5,right-hand,0.4165,0.5835
4,3.5,left-hand,0.7524,0.2476
4,3.5,left-hand,0.7665,0.2335
4,3.5,right-hand,0.2562,0.7438
4,3.5,left-hand,0.6236,0.3764
4,3.5,left-hand,0.7297,0.2703
4,3.5,left-hand,0.7482,0.2518
4,3.5,left-hand,0.6498,0.3502
4,3.5,left-hand,0.5461,0.4539
4,3.5,right-hand,0.2989,0.7011
4,3.5,left-hand,0.6261,0.3739
4,3.5,left-hand,0.544,0.456
4,3.5,right-hand,0.3298,0.6702
4,3.5,left-hand,0.6201,0.3799
4,3.5,right-hand,0.2992,0.7008
4,3.5,right-hand,0.3339,0.6661
4,3.5,left-hand,0.6763,0.3237
4,3.5,right-hand,0.3767,0.6233
4,3.5,right-hand,0.3921,0.6079
4,3.5,right-hand,0.427,0.573
4,3.5,left-hand,0.3475,0.6525
4,3.5,left-hand,0.5029,0.4971
4,3.5,right-hand,0.3626,0.6374
4,3.5,left-hand,0.6004,0.3996
4,3.5,left-hand,0.3944,0.6056
4,3.5,right-hand,0.4841,0.5159
4,3.5,left-hand,0.3661,0.6339
4,3.5,left-hand,0.3603,0.6397
4,3.5,right-hand,0.4045,0.5955
4,3.5,left-hand,0.3014,0.6986
4,3.5,left-hand,0.356,0.644
4,3.5,left-hand,0.4709,0.5291
4,3.5,right-hand,0.4132,0.5868
4,3.5,right-hand,0.3564,0.6436
4,3.5,right-hand,0.3462,0.6538
4,3.5,right-hand,0.3856,0.6144
4,3.5,left-hand,0.3196,0.6804
4,3.5,right-hand,0.4257,0.5743
4,3.5,left-hand,0.3682,0.6318
4,3.5,right-hand,0.4018,0.5982
4,3.5,right-hand,0.4567,0.5433
4,3.5,left-hand,0.5301,0.4699
4,3.5,right-hand,0.5843,0.4157
4,3.5,right-hand,0.4086,0.5914
4,3.5,right-hand,0.2768,0.7232
4,3.5,left-hand,0.4808,0.5192
4,3.5,left-hand,0.3941,0.6059
4,3.5,right-hand,0.3438,0.6562
5,3.5,right-hand,0.4142,0.5858
5,3.5,left-hand,0.3552,0.6448
5,3.5,left-hand,0.5374,0.4626
5,3.5,right-hand,0.5239,0.4761
5,3.5,right-hand,0.6297,0.3703
5,3.5,left-hand,0.4902,0.5098
5,3.5,left-hand,0.6536,0.3464
5,3.5,left-hand,0.632,0.368
5,3.5,right-hand,0.4853,0.5147
5,3.5,left-hand,0.4876,0.5124
5,3.5,left-hand,0.4015,0.5985
5,3.5,left-hand,0.8179,0.1821
5,3.5,right-hand,0.4887,0.5113
5,3.5,left-hand,0.5425,0.4575
5,3.5,left-hand,0.363,0.637
5,3.5,right-hand,0.4635,0.5365
5,3.5,left-hand,0.6579,0.3421
5,3.5,right-hand,0.5246,0.4754
5,3.5,left-hand,0.5295,0.4705
5,3.5,right-hand,0.5572,0.4428
5,3.5,right-hand,0.49,0.51
5,3.5,left-hand,0.578,0.422
5,3.5,right-hand,0.6549,0.3451
5,3.5,right-hand,0.6935,0.3065
5,3.5,left-hand,0.3754,0.6246
5,3.5,right-hand,0.593,0.407
5,3.5,left-hand,0.3629,0.6371
5,3.5,right-hand,0.6985,0.3015
5,3.5,left-hand,0.5518,0.4482
5,3.5,right-hand,0.8316,0.1684
5,3.5,left-hand,0.3442,0.6558
5,3.5,right-hand,0.487,0.513
5,3.5,left-hand,0.6807,0.3193
5,3.5,left-hand,0.3641,0.6359
5,3.5,left-hand,0.4364,0.5636
5,3.5,left-hand,0.639,0.361
5,3.5,left-hand,0.4647,0.5353
5,3.5,right-hand,0.3482,0.6518
5,3.5,right-hand,0.6432,0.3568
5,3.5,right-hand,0.7403,0.2597
5,3.5,left-hand,0.4366,0.5634
5,3.5,right-hand,0.6062,0.3938
5,3.5,left-hand,0.4023,0.5977
5,3.5,right-hand,0.4469,0.5531
5,3.5,left-hand,0.5734,0.4266
5,3.5,right-hand,0.7517,0.2483
5,3.5,right-hand,0.7644,0.2356
5,3.5,right-hand,0.4162,0.5838
5,3.5,right-hand,0.4306,0.5694
5,3.5,right-hand,0.626,0.374
5,3.5,left-hand,0.4344,0.5656
5,3.5,right-hand,0.3918,0.6082
5,3.5,left-hand,0.4801,0.5199
5,3.5,left-hand,0.6414,0.3586
5,3.5,right-hand,0.5935,0.4065
5,3.5,left-hand,0.4166,0.5834
5,3.5,left-hand,0.5094,0.4906
5,3.5,left-hand,0.5366,0.4634
5,3.5,right-hand,0.4239,0.5761
5,3.5,right-hand,0.3576,0.6424
5,3.5,left-hand,0.7661,0.2339
5,3.5,right-hand,0.8082,0.1918
5,3.5,right-hand,0.6585,0.3415
5,3.5,right-hand,0.4284,0.5716
5,3.5,left-hand,0.6068,0.3932
5,3.5,right-hand,0.6899,0.3101
5,3.5,right-hand,0.8492,0.1508
5,3.5,left-hand,0.881,0.119
5,3.5,left-hand,0.4034,0.5966
5,3.5,right-hand,0.4214,0.5786
5,3.5,left-hand,0.6787,0.3213
5,3.5,left-hand,0.248,0.752
5,3.5,right-hand,0.8187,0.1813
5,3.5,right-hand,0.4409,0.5591
5,3.5,left-hand,0.576,0.424
5,3.5,left-hand,0.3672,0.6328
5,3.5,right-hand,0.4681,0.5319
5,3.5,right-hand,0.3607,0.6393
5,3.5,right-hand,0.5246,0.4754
5,3.5,right-hand,0.4914,0.5086
5,3.5,right-hand,0.3657,0.6343
5,3.5,right-hand,0.5599,0.4401
5,3.5,left-hand,0.7688,0.2312
5,3.5,left-hand,0.3484,0.6516
5,3.5,left-hand,0.6125,0.3875
5,3.5,left-hand,0.7306,0.2694
5,3.5,left-hand,0.4166,0.5834
5,3.5,left-hand,0.7918,0.2082
5,3.5,left-hand,0.5532,0.4468
5,3.5,right-hand,0.4393,0.5607
5,3.5,right-hand,0.256,0.744
5,3.5,left-hand,0.5995,0.4005
5,3.5,right-hand,0.3134,0.6866
5,3.5,left-hand,0.7974,0.2026
5,3.5,right-hand,0.4649,0.5351
5,3.5,right-hand,0.2156,0.7844
5,3.5,left-hand,0.5629,0.4371
5,3.5,right-hand,0.3405,0.6595
5,3.5,left-hand,0.3719,0.6281
5,3.5,left-hand,0.8492,0.1508
5,3.5,right-hand,0.4528,0.5472
5,3.5,left-hand,0.8215,0.1785
5,3.5,left-hand,0.5956,0.4044
5,3.5,right-hand,0.5653,0.4347
5,3.5,right-hand,0.1716,0.8284
5,3.5,right-hand,0.3085,0.6915
5,3.5,left-hand,0.5807,0.4193
5,3.5,left-hand,0.8319,0.1681
5,3.5,left-hand,0.3767,0.6233
5,3.5,right-hand,0.4056,0.5944
5,3.5,right-hand,0.466,0.534
5,3.5,left-hand,0.8377,0.1623
5,3.5,left-hand,0.7228,0.2772
5,3.5,right-hand,0.3575,0.6425
5,3.5,right-hand,0.3134,0.6866
5,3.5,right-hand,0.3447,0.6553
5,3.5,left-hand,0.4392,0.5608
5,3.5,right-hand,0.4082,0.5918
5,3.5,right-hand,0.4365,0.5635
5,3.5,right-hand,0.3313,0.6687
5,3.5,right-hand,0.3405,0.6595
5,3.5,left-hand,0.4273,0.5727
5,3.5,left-hand,0.7739,0.2261
5,3.5,left-hand,0.5702,0.4298
5,3.5,left-hand,0.3641,0.6359
5,3.5,right-hand,0.3648,0.6352
5,3.5,right-hand,0.5613,0.4387
5,3.5,left-hand,0.5272,0.4728
5,3.5,left-hand,0.3888,0.6112
5,3.5,right-hand,0.431,0.569
5,3.5,right-hand,0.3854,0.6146
5,3.5,right-hand,0.3305,0.6695
5,3.5,right-hand,0.4141,0.5859
5,3.5,left-hand,0.3249,0.6751
5,3.5,right-hand,0.3625,0.6375
5,3.5,left-hand,0.3376,0.6624
5,3.5,left-hand,0.7066,0.2934
5,3.5,left-hand,0.4205,0.5795
5,3.5,left-hand,0.4966,0.5034
5,3.5,right-hand,0.4405,0.5595
5,3.5,right-hand,0.4735,0.5265
5,3.5,left-hand,0.5916,0.4084
5,3.5,right-hand,0.4761,0.5239
5,3.5,left-hand,0.4916,0.5084
5,3.5,right-hand,0.4225,0.5775
5,3.5,left-hand,0.6053,0.3947
5,3.5,left-hand,0.3573,0.6427
5,3.5,right-hand,0.4575,0.5425
