fold,tmin,true_label,left-hand,right-hand
1,3.5,left-hand,0.4881,0.5119
1,3.5,right-hand,0.2316,0.7684
1,3.5,left-hand,0.8903,0.1097
1,3.5,right-hand,0.4646,0.5354
1,3.5,right-hand,0.6146,0.3854
1,3.5,right-hand,0.3272,0.6728
1,3.5,left-hand,0.3305,0.6695
1,3.5,right-hand,0.8314,0.1686
1,3.5,right-hand,0.5294,0.4706
1,3.5,left-hand,0.2928,0.7072
1,3.5,right-hand,0.2673,0.7327
1,3.5,right-hand,0.5888,0.4112
1,3.5,left-hand,0.4664,0.5336
1,3.5,right-hand,0.2748,0.7252
1,3.5,left-hand,0.3049,0.6951
1,3.5,left-hand,0.331,0.669
1,3.5,left-hand,0.2074,0.7926
1,3.5,left-hand,0.2976,0.7024
1,3.5,right-hand,0.4934,0.5066
1,3.5,right-hand,0.4293,0.5707
1,3.5,left-hand,0.1501,0.8499
1,3.5,right-hand,0.4998,0.5002
1,3.5,left-hand,0.2036,0.7964
1,3.5,left-hand,0.7485,0.2515
1,3.5,right-hand,0.6521,0.3479
1,3.5,right-hand,0.2761,0.7239
1,3.5,right-hand,0.3728,0.6272
1,3.5,left-hand,0.0826,0.9174
1,3.5,left-hand,0.7606,0.2394
1,3.5,left-hand,0.5681,0.4319
1,3.5,right-hand,0.8385,0.1615
1,3.5,right-hand,0.4594,0.5406
1,3.5,right-hand,0.5065,0.4935
1,3.5,right-hand,0.5128,0.4872
1,3.5,left-hand,0.6394,0.3606
1,3.5,left-hand,0.5436,0.4564
1,3.5,right-hand,0.6712,0.3288
1,3.5,right-hand,0.551,0.449
1,3.5,left-hand,0.581,0.419
1,3.5,right-hand,0.5894,0.4106
1,3.5,left-hand,0.5529,0.4471
1,3.5,right-hand,0.1498,0.8502
1,3.5,left-hand,0.5237,0.4763
1,3.5,left-hand,0.1547,0.8453
1,3.5,right-hand,0.6921,0.3079
1,3.5,left-hand,0.9159,0.0841
1,3.5,left-hand,0.3493,0.6507
1,3.5,right-hand,0.4912,0.5088
1,3.5,right-hand,0.2385,0.7615
1,3.5,left-hand,0.6711,0.3289
1,3.5,right-hand,0.661,0.339
1,3.5,right-hand,0.1441,0.8559
1,3.5,left-hand,0.4909,0.5091
1,3.5,left-hand,0.419,0.581
1,3.5,left-hand,0.4917,0.5083
1,3.5,right-hand,0.5284,0.4716
1,3.5,right-hand,0.5341,0.4659
1,3.5,right-hand,0.4738,0.5262
1,3.5,left-hand,0.401,0.599
1,3.5,left-hand,0.2737,0.7263
1,3.5,left-hand,0.1181,0.8819
1,3.5,left-hand,0.8855,0.1145
1,3.5,left-hand,0.7977,0.2023
1,3.5,left-hand,0.7475,0.2525
1,3.5,left-hand,0.1723,0.8277
1,3.5,right-hand,0.3419,0.6581
1,3.5,left-hand,0.3915,0.6085
1,3.5,right-hand,0.3782,0.6218
1,3.5,left-hand,0.703,0.297
1,3.5,right-hand,0.5748,0.4252
1,3.5,left-hand,0.453,0.547
1,3.5,right-hand,0.3871,0.6129
1,3.5,left-hand,0.8556,0.1444
1,3.5,right-hand,0.7815,0.2185
1,3.5,left-hand,0.4541,0.5459
1,3.5,left-hand,0.7535,0.2465
1,3.5,left-hand,0.7963,0.2037
1,3.5,left-hand,0.4001,0.5999
1,3.5,right-hand,0.6921,0.3079
1,3.5,right-hand,0.6669,0.3331
1,3.5,right-hand,0.3617,0.6383
1,3.5,left-hand,0.2802,0.7198
1,3.5,left-hand,0.4557,0.5443
1,3.5,right-hand,0.5379,0.4621
1,3.5,left-hand,0.2448,0.7552
1,3.5,right-hand,0.6911,0.3089
1,3.5,right-hand,0.3389,0.6611
1,3.5,left-hand,0.311,0.689
1,3.5,left-hand,0.4033,0.5967
1,3.5,right-hand,0.2956,0.7044
1,3.5,right-hand,0.5256,0.4744
1,3.5,left-hand,0.2858,0.7142
1,3.5,left-hand,0.4434,0.5566
1,3.5,left-hand,0.3007,0.6993
1,3.5,left-hand,0.5273,0.4727
1,3.5,left-hand,0.3511,0.6489
1,3.5,right-hand,0.6859,0.3141
1,3.5,left-hand,0.5412,0.4588
1,3.5,right-hand,0.5474,0.4526
1,3.5,right-hand,0.2758,0.7242
1,3.5,right-hand,0.2618,0.7382
1,3.5,right-hand,0.495,0.505
1,3.5,right-hand,0.2342,0.7658
1,3.5,right-hand,0.2037,0.7963
1,3.5,right-hand,0.2871,0.7129
1,3.5,right-hand,0.5986,0.4014
1,3.5,right-hand,0.6431,0.3569
1,3.5,right-hand,0.5476,0.4524
1,3.5,left-hand,0.2828,0.7172
1,3.5,left-hand,0.3187,0.6813
1,3.5,right-hand,0.3592,0.6408
1,3.5,right-hand,0.7647,0.2353
1,3.5,right-hand,0.7338,0.2662
1,3.5,right-hand,0.4881,0.5119
1,3.5,right-hand,0.5399,0.4601
1,3.5,right-hand,0.5783,0.4217
1,3.5,left-hand,0.2806,0.7194
1,3.5,right-hand,0.297,0.703
1,3.5,left-hand,0.3576,0.6424
1,3.5,left-hand,0.5984,0.4016
1,3.5,left-hand,0.3216,0.6784
1,3.5,right-hand,0.88,0.12
1,3.5,right-hand,0.6013,0.3987
1,3.5,left-hand,0.6898,0.3102
1,3.5,right-hand,0.1823,0.8177
1,3.5,right-hand,0.4135,0.5865
1,3.5,right-hand,0.3903,0.6097
1,3.5,left-hand,0.37,0.63
1,3.5,left-hand,0.2174,0.7826
1,3.5,left-hand,0.6868,0.3132
1,3.5,left-hand,0.361,0.639
1,3.5,right-hand,0.5448,0.4552
1,3.5,left-hand,0.338,0.662
1,3.5,left-hand,0.16,0.84
1,3.5,left-hand,0.6273,0.3727
1,3.5,left-hand,0.6351,0.3649
2,3.5,right-hand,0.7967,0.2033
2,3.5,right-hand,0.3259,0.6741
2,3.5,left-hand,0.7754,0.2246
2,3.5,right-hand,0.6208,0.3792
2,3.5,right-hand,0.1552,0.8448
2,3.5,right-hand,0.5424,0.4576
2,3.5,right-hand,0.8521,0.1479
2,3.5,left-hand,0.3447,0.6553
2,3.5,left-hand,0.5215,0.4785
2,3.5,left-hand,0.3348,0.6652
2,3.5,left-hand,0.3526,0.6474
2,3.5,left-hand,0.7566,0.2434
2,3.5,right-hand,0.4763,0.5237
2,3.5,right-hand,0.6238,0.3762
2,3.5,right-hand,0.6307,0.3693
2,3.5,left-hand,0.2443,0.7557
2,3.5,right-hand,0.2074,0.7926
2,3.5,left-hand,0.6156,0.3844
2,3.5,left-hand,0.5246,0.4754
2,3.5,right-hand,0.5458,0.4542
2,3.5,left-hand,0.3508,0.6492
2,3.5,right-hand,0.6823,0.3177
2,3.5,right-hand,0.5702,0.4298
2,3.5,right-hand,0.1633,0.8367
2,3.5,left-hand,0.6064,0.3936
2,3.5,right-hand,0.4083,0.5917
2,3.5,right-hand,0.4853,0.5147
2,3.5,left-hand,0.2665,0.7335
2,3.5,left-hand,0.4262,0.5738
2,3.5,right-hand,0.5764,0.4236
2,3.5,right-hand,0.7488,0.2512
2,3.5,right-hand,0.4324,0.5676
2,3.5,left-hand,0.3735,0.6265
2,3.5,right-hand,0.4608,0.5392
2,3.5,left-hand,0.5467,0.4533
2,3.5,right-hand,0.6974,0.3026
2,3.5,right-hand,0.5505,0.4495
2,3.5,left-hand,0.6948,0.3052
2,3.5,left-hand,0.5739,0.4261
2,3.5,left-hand,0.1672,0.8328
2,3.5,left-hand,0.5732,0.4268
2,3.5,left-hand,0.8005,0.1995
2,3.5,left-hand,0.3558,0.6442
2,3.5,right-hand,0.4672,0.5328
2,3.5,left-hand,0.9267,0.0733
2,3.5,left-hand,0.6638,0.3362
2,3.5,right-hand,0.3194,0.6806
2,3.5,right-hand,0.7649,0.2351
2,3.5,left-hand,0.3564,0.6436
2,3.5,right-hand,0.215,0.785
2,3.5,left-hand,0.3277,0.6723
2,3.5,right-hand,0.4773,0.5227
2,3.5,left-hand,0.449,0.551
2,3.5,right-hand,0.4949,0.5051
2,3.5,right-hand,0.4439,0.5561
2,3.5,right-hand,0.5422,0.4578
2,3.5,left-hand,0.6696,0.3304
2,3.5,right-hand,0.5508,0.4492
2,3.5,right-hand,0.4532,0.5468
2,3.5,right-hand,0.473,0.527
2,3.5,left-hand,0.8286,0.1714
2,3.5,left-hand,0.5882,0.4118
2,3.5,right-hand,0.7725,0.2275
2,3.5,right-hand,0.3452,0.6548
2,3.5,left-hand,0.8539,0.1461
2,3.5,right-hand,0.2808,0.7192
2,3.5,left-hand,0.8156,0.1844
2,3.5,right-hand,0.7654,0.2346
2,3.5,left-hand,0.2786,0.7214
2,3.5,right-hand,0.4867,0.5133
2,3.5,right-hand,0.7223,0.2777
2,3.5,right-hand,0.3605,0.6395
2,3.5,right-hand,0.856,0.144
2,3.5,right-hand,0.6327,0.3673
2,3.5,left-hand,0.5351,0.4649
2,3.5,left-hand,0.4234,0.5766
2,3.5,left-hand,0.5047,0.4953
2,3.5,left-hand,0.2139,0.7861
2,3.5,left-hand,0.3823,0.6177
2,3.5,right-hand,0.192,0.808
2,3.5,right-hand,0.5945,0.4055
2,3.5,left-hand,0.7426,0.2574
2,3.5,right-hand,0.7409,0.2591
2,3.5,left-hand,0.4071,0.5929
2,3.5,left-hand,0.128,0.872
2,3.5,left-hand,0.4678,0.5322
2,3.5,left-hand,0.4008,0.5992
2,3.5,right-hand,0.431,0.569
2,3.5,left-hand,0.2057,0.7943
2,3.5,right-hand,0.5274,0.4726
2,3.5,right-hand,0.6588,0.3412
2,3.5,right-hand,0.6055,0.3945
2,3.5,right-hand,0.2552,0.7448
2,3.5,right-hand,0.8828,0.1172
2,3.5,left-hand,0.3277,0.6723
2,3.5,left-hand,0.7995,0.2005
2,3.5,left-hand,0.2286,0.7714
2,3.5,right-hand,0.2474,0.7526
2,3.5,right-hand,0.4936,0.5064
2,3.5,right-hand,0.5687,0.4313
2,3.5,left-hand,0.4466,0.5534
2,3.5,left-hand,0.6143,0.3857
2,3.5,left-hand,0.8039,0.1961
2,3.5,right-hand,0.5373,0.4627
2,3.5,right-hand,0.5789,0.4211
2,3.5,left-hand,0.2309,0.7691
2,3.5,left-hand,0.6488,0.3512
2,3.5,left-hand,0.5165,0.4835
2,3.5,left-hand,0.9154,0.0846
2,3.5,left-hand,0.2831,0.7169
2,3.5,left-hand,0.45,0.55
2,3.5,left-hand,0.3838,0.6162
2,3.5,left-hand,0.7565,0.2435
2,3.5,left-hand,0.4326,0.5674
2,3.5,left-hand,0.4887,0.5113
2,3.5,left-hand,0.4955,0.5045
2,3.5,right-hand,0.2277,0.7723
2,3.5,left-hand,0.5674,0.4326
2,3.5,left-hand,0.4668,0.5332
2,3.5,left-hand,0.6981,0.3019
2,3.5,right-hand,0.4171,0.5829
2,3.5,right-hand,0.4466,0.5534
2,3.5,right-hand,0.7377,0.2623
2,3.5,left-hand,0.375,0.625
2,3.5,left-hand,0.2254,0.7746
2,3.5,right-hand,0.5655,0.4345
2,3.5,left-hand,0.1589,0.8411
2,3.5,left-hand,0.3301,0.6699
2,3.5,right-hand,0.4277,0.5723
2,3.5,right-hand,0.6329,0.3671
2,3.5,right-hand,0.8243,0.1757
2,3.5,left-hand,0.4649,0.5351
2,3.5,right-hand,0.6849,0.3151
2,3.5,right-hand,0.2043,0.7957
2,3.5,right-hand,0.895,0.105
2,3.5,right-hand,0.3705,0.6295
3,3.5,left-hand,0.6405,0.3595
3,3.5,left-hand,0.6382,0.3618
3,3.5,left-hand,0.2596,0.7404
3,3.5,right-hand,0.5388,0.4612
3,3.5,left-hand,0.6655,0.3345
3,3.5,left-hand,0.8587,0.1413
3,3.5,right-hand,0.438,0.562
3,3.5,right-hand,0.3568,0.6432
3,3.5,left-hand,0.4492,0.5508
3,3.5,right-hand,0.6224,0.3776
3,3.5,right-hand,0.1899,0.8101
3,3.5,left-hand,0.8216,0.1784
3,3.5,right-hand,0.4956,0.5044
3,3.5,right-hand,0.625,0.375
3,3.5,left-hand,0.8637,0.1363
3,3.5,left-hand,0.7041,0.2959
3,3.5,left-hand,0.2416,0.7584
3,3.5,right-hand,0.2299,0.7701
3,3.5,left-hand,0.9726,0.0274
3,3.5,right-hand,0.5192,0.4808
3,3.5,right-hand,0.4128,0.5872
3,3.5,left-hand,0.4939,0.5061
3,3.5,right-hand,0.5408,0.4592
3,3.5,left-hand,0.3191,0.6809
3,3.5,left-hand,0.6744,0.3256
3,3.5,left-hand,0.652,0.348
3,3.5,right-hand,0.3828,0.6172
3,3.5,right-hand,0.3813,0.6187
3,3.5,right-hand,0.707,0.293
3,3.5,right-hand,0.9051,0.0949
3,3.5,left-hand,0.4259,0.5741
3,3.5,left-hand,0.2796,0.7204
3,3.5,right-hand,0.6266,0.3734
3,3.5,right-hand,0.2845,0.7155
3,3.5,left-hand,0.2759,0.7241
3,3.5,right-hand,0.2463,0.7537
3,3.5,left-hand,0.2847,0.7153
3,3.5,right-hand,0.7335,0.2665
3,3.5,right-hand,0.5235,0.4765
3,3.5,left-hand,0.581,0.419
3,3.5,left-hand,0.7997,0.2003
3,3.5,right-hand,0.8776,0.1224
3,3.5,right-hand,0.4457,0.5543
3,3.5,right-hand,0.4098,0.5902
3,3.5,left-hand,0.4657,0.5343
3,3.5,right-hand,0.5803,0.4197
3,3.5,left-hand,0.2954,0.7046
3,3.5,left-hand,0.6127,0.3873
3,3.5,right-hand,0.5475,0.4525
3,3.5,left-hand,0.6063,0.3937
3,3.5,right-hand,0.2866,0.7134
3,3.5,left-hand,0.1639,0.8361
3,3.5,right-hand,0.3545,0.6455
3,3.5,right-hand,0.194,0.806
3,3.5,right-hand,0.6229,0.3771
3,3.5,left-hand,0.6872,0.3128
3,3.5,left-hand,0.5442,0.4558
3,3.5,right-hand,0.3556,0.6444
3,3.5,right-hand,0.5883,0.4117
3,3.5,right-hand,0.5577,0.4423
3,3.5,left-hand,0.3811,0.6189
3,3.5,right-hand,0.7632,0.2368
3,3.5,right-hand,0.6286,0.3714
3,3.5,left-hand,0.3477,0.6523
3,3.5,left-hand,0.5759,0.4241
3,3.5,right-hand,0.8175,0.1825
3,3.5,left-hand,0.5631,0.4369
3,3.5,left-hand,0.4762,0.5238
3,3.5,right-hand,0.2645,0.7355
3,3.5,right-hand,0.8462,0.1538
3,3.5,right-hand,0.6606,0.3394
3,3.5,left-hand,0.2767,0.7233
3,3.5,right-hand,0.8544,0.1456
3,3.5,left-hand,0.6045,0.3955
3,3.5,left-hand,0.3992,0.6008
3,3.5,left-hand,0.3244,0.6756
3,3.5,right-hand,0.4404,0.5596
3,3.5,right-hand,0.7348,0.2652
3,3.5,left-hand,0.3156,0.6844
3,3.5,right-hand,0.4649,0.5351
3,3.5,left-hand,0.8045,0.1955
3,3.5,right-hand,0.4573,0.5427
3,3.5,right-hand,0.5518,0.4482
3,3.5,right-hand,0.2612,0.7388
3,3.5,left-hand,0.2335,0.7665
3,3.5,left-hand,0.6046,0.3954
3,3.5,left-hand,0.3797,0.6203
3,3.5,right-hand,0.3453,0.6547
3,3.5,left-hand,0.8532,0.1468
3,3.5,left-hand,0.2428,0.7572
3,3.5,left-hand,0.3052,0.6948
3,3.5,left-hand,0.3889,0.6111
3,3.5,right-hand,0.6593,0.3407
3,3.5,left-hand,0.277,0.723
3,3.5,right-hand,0.4421,0.5579
3,3.5,left-hand,0.4636,0.5364
3,3.5,right-hand,0.638,0.362
3,3.5,right-hand,0.4855,0.5145
3,3.5,right-hand,0.788,0.212
3,3.5,left-hand,0.7118,0.2882
3,3.5,left-hand,0.2992,0.7008
3,3.5,right-hand,0.2887,0.7113
3,3.5,right-hand,0.4764,0.5236
3,3.5,right-hand,0.7639,0.2361
3,3.5,left-hand,0.3593,0.6407
3,3.5,left-hand,0.169,0.831
3,3.5,right-hand,0.2924,0.7076
3,3.5,left-hand,0.551,0.449
3,3.5,left-hand,0.3179,0.6821
3,3.5,right-hand,0.7365,0.2635
3,3.5,right-hand,0.5218,0.4782
3,3.5,right-hand,0.6543,0.3457
3,3.5,left-hand,0.254,0.746
3,3.5,left-hand,0.2204,0.7796
3,3.5,left-hand,0.4948,0.5052
3,3.5,left-hand,0.4141,0.5859
3,3.5,left-hand,0.2541,0.7459
3,3.5,right-hand,0.7616,0.2384
3,3.5,right-hand,0.5971,0.4029
3,3.5,right-hand,0.5048,0.4952
3,3.5,right-hand,0.3526,0.6474
3,3.5,left-hand,0.8154,0.1846
3,3.5,right-hand,0.3854,0.6146
3,3.5,left-hand,0.7769,0.2231
3,3.5,right-hand,0.43,0.57
3,3.5,left-hand,0.4496,0.5504
3,3.5,left-hand,0.6405,0.3595
3,3.5,left-hand,0.6404,0.3596
3,3.5,right-hand,0.515,0.485
3,3.5,right-hand,0.6203,0.3797
3,3.5,right-hand,0.3439,0.6561
3,3.5,left-hand,0.2757,0.7243
3,3.5,left-hand,0.3536,0.6464
3,3.5,left-hand,0.8443,0.1557
3,3.5,right-hand,0.7422,0.2578
3,3.5,left-hand,0.4551,0.5449
4,3.5,left-hand,0.2733,0.7267
4,3.5,right-hand,0.424,0.576
4,3.5,left-hand,0.7449,0.2551
4,3.5,left-hand,0.4987,0.5013
4,3.5,right-hand,0.8764,0.1236
4,3.5,right-hand,0.3999,0.6001
4,3.5,right-hand,0.2613,0.7387
4,3.5,left-hand,0.5059,0.4941
4,3.5,left-hand,0.2685,0.7315
4,3.5,right-hand,0.4902,0.5098
4,3.5,left-hand,0.7248,0.2752
4,3.5,left-hand,0.3043,0.6957
4,3.5,left-hand,0.6275,0.3725
4,3.5,right-hand,0.4789,0.5211
4,3.5,left-hand,0.7629,0.2371
4,3.5,left-hand,0.9027,0.0973
4,3.5,left-hand,0.5842,0.4158
4,3.5,left-hand,0.3597,0.6403
4,3.5,left-hand,0.4041,0.5959
4,3.5,left-hand,0.5759,0.4241
4,3.5,right-hand,0.2855,0.7145
4,3.5,left-hand,0.6763,0.3237
4,3.5,left-hand,0.5833,0.4167
4,3.5,right-hand,0.53,0.47
4,3.5,left-hand,0.4275,0.5725
4,3.5,left-hand,0.2564,0.7436
4,3.5,left-hand,0.6882,0.3118
4,3.5,right-hand,0.4314,0.5686
4,3.5,right-hand,0.3868,0.6132
4,3.5,left-hand,0.3776,0.6224
4,3.5,right-hand,0.1552,0.8448
4,3.5,right-hand,0.3165,0.6835
4,3.5,right-hand,0.6174,0.3826
4,3.5,right-hand,0.1492,0.8508
4,3.5,right-hand,0.4884,0.5116
4,3.5,right-hand,0.6519,0.3481
4,3.5,left-hand,0.3312,0.6688
4,3.5,right-hand,0.1974,0.8026
4,3.5,left-hand,0.2581,0.7419
4,3.5,left-hand,0.1995,0.8005
4,3.5,left-hand,0.4354,0.5646
4,3.5,right-hand,0.4514,0.5486
4,3.5,left-hand,0.3062,0.6938
4,3.5,left-hand,0.4399,0.5601
4,3.5,right-hand,0.6792,0.3208
4,3.5,right-hand,0.3643,0.6357
4,3.5,left-hand,0.4901,0.5099
4,3.5,right-hand,0.222,0.778
4,3.5,right-hand,0.4084,0.5916
4,3.5,left-hand,0.3176,0.6824
4,3.5,left-hand,0.5717,0.4283
4,3.5,right-hand,0.5114,0.4886
4,3.5,left-hand,0.3159,0.6841
4,3.5,left-hand,0.2923,0.7077
4,3.5,left-hand,0.4515,0.5485
4,3.5,right-hand,0.5418,0.4582
4,3.5,left-hand,0.8111,0.1889
4,3.5,left-hand,0.2642,0.7358
4,3.5,left-hand,0.9173,0.0827
4,3.5,left-hand,0.9295,0.0705
4,3.5,right-hand,0.6179,0.3821
4,3.5,right-hand,0.8162,0.1838
4,3.5,right-hand,0.4593,0.5407
4,3.5,left-hand,0.5732,0.4268
4,3.5,left-hand,0.2744,0.7256
4,3.5,left-hand,0.351,0.649
4,3.5,right-hand,0.6003,0.3997
4,3.5,left-hand,0.6328,0.3672
4,3.5,right-hand,0.6814,0.3186
4,3.5,right-hand,0.5512,0.4488
4,3.5,left-hand,0.1585,0.8415
4,3.5,right-hand,0.3331,0.6669
4,3.5,left-hand,0.5105,0.4895
4,3.5,left-hand,0.6448,0.3552
4,3.5,right-hand,0.3916,0.6084
4,3.5,right-hand,0.6628,0.3372
4,3.5,right-hand,0.6923,0.3077
4,3.5,right-hand,0.3962,0.6038
4,3.5,right-hand,0.5598,0.4402
4,3.5,left-hand,0.5107,0.4893
4,3.5,right-hand,0.5345,0.4655
4,3.5,right-hand,0.4177,0.5823
4,3.5,left-hand,0.2072,0.7928
4,3.5,left-hand,0.9537,0.0463
4,3.5,right-hand,0.5673,0.4327
4,3.5,left-hand,0.3158,0.6842
4,3.5,right-hand,0.8847,0.1153
4,3.5,left-hand,0.6788,0.3212
4,3.5,right-hand,0.5771,0.4229
4,3.5,right-hand,0.482,0.518
4,3.5,right-hand,0.498,0.502
4,3.5,left-hand,0.3586,0.6414
4,3.5,left-hand,0.0748,0.9252
4,3.5,right-hand,0.259,0.741
4,3.5,right-hand,0.1329,0.8671
4,3.5,left-hand,0.4104,0.5896
4,3.5,right-hand,0.4205,0.5795
4,3.5,left-hand,0.2677,0.7323
4,3.5,left-hand,0.1628,0.8372
4,3.5,left-hand,0.3823,0.6177
4,3.5,right-hand,0.5486,0.4514
4,3.5,left-hand,0.2533,0.7467
4,3.5,left-hand,0.5235,0.4765
4,3.5,left-hand,0.4593,0.5407
4,3.5,left-hand,0.6603,0.3397
4,3.5,right-hand,0.3214,0.6786
4,3.5,right-hand,0.4579,0.5421
4,3.5,right-hand,0.3756,0.6244
4,3.5,left-hand,0.6508,0.3492
4,3.5,right-hand,0.5008,0.4992
4,3.5,right-hand,0.2695,0.7305
4,3.5,left-hand,0.5518,0.4482
4,3.5,right-hand,0.3198,0.6802
4,3.5,right-hand,0.5027,0.4973
4,3.5,right-hand,0.4753,0.5247
4,3.5,right-hand,0.6618,0.3382
4,3.5,left-hand,0.3123,0.6877
4,3.5,right-hand,0.2217,0.7783
4,3.5,right-hand,0.3293,0.6707
4,3.5,left-hand,0.2791,0.7209
4,3.5,right-hand,0.4355,0.5645
4,3.5,right-hand,0.2343,0.7657
4,3.5,left-hand,0.6403,0.3597
4,3.5,right-hand,0.1775,0.8225
4,3.5,right-hand,0.2298,0.7702
4,3.5,left-hand,0.6971,0.3029
4,3.5,right-hand,0.3706,0.6294
4,3.5,left-hand,0.5911,0.4089
4,3.5,right-hand,0.7454,0.2546
4,3.5,right-hand,0.4408,0.5592
4,3.5,left-hand,0.453,0.547
4,3.5,right-hand,0.6469,0.3531
4,3.5,left-hand,0.2944,0.7056
4,3.5,right-hand,0.6197,0.3803
4,3.5,left-hand,0.3015,0.6985
4,3.5,right-hand,0.835,0.165
5,3.5,right-hand,0.3868,0.6132
5,3.5,right-hand,0.2797,0.7203
5,3.5,left-hand,0.7609,0.2391
5,3.5,right-hand,0.4005,0.5995
5,3.5,left-hand,0.1812,0.8188
5,3.5,left-hand,0.9044,0.0956
5,3.5,right-hand,0.388,0.612
5,3.5,left-hand,0.217,0.783
5,3.5,left-hand,0.163,0.837
5,3.5,right-hand,0.7175,0.2825
5,3.5,left-hand,0.807,0.193
5,3.5,left-hand,0.2614,0.7386
5,3.5,left-hand,0.3789,0.6211
5,3.5,right-hand,0.7099,0.2901
5,3.5,left-hand,0.8082,0.1918
5,3.5,right-hand,0.6995,0.3005
5,3.5,left-hand,0.285,0.715
5,3.5,right-hand,0.7064,0.2936
5,3.5,right-hand,0.6079,0.3921
5,3.5,left-hand,0.8275,0.1725
5,3.5,left-hand,0.6979,0.3021
5,3.5,right-hand,0.6747,0.3253
5,3.5,right-hand,0.0392,0.9608
5,3.5,left-hand,0.579,0.421
5,3.5,right-hand,0.8839,0.1161
5,3.5,right-hand,0.3848,0.6152
5,3.5,left-hand,0.61,0.39
5,3.5,right-hand,0.8929,0.1071
5,3.5,right-hand,0.3903,0.6097
5,3.5,right-hand,0.4033,0.5967
5,3.5,right-hand,0.5093,0.4907
5,3.5,right-hand,0.3618,0.6382
5,3.5,left-hand,0.6406,0.3594
5,3.5,right-hand,0.3127,0.6873
5,3.5,right-hand,0.3617,0.6383
5,3.5,right-hand,0.7224,0.2776
5,3.5,left-hand,0.2973,0.7027
5,3.5,right-hand,0.5999,0.4001
5,3.5,left-hand,0.5944,0.4056
5,3.5,left-hand,0.302,0.698
5,3.5,right-hand,0.5539,0.4461
5,3.5,left-hand,0.278,0.722
5,3.5,left-hand,0.673,0.327
5,3.5,left-hand,0.2887,0.7113
5,3.5,right-hand,0.4759,0.5241
5,3.5,right-hand,0.0771,0.9229
5,3.5,left-hand,0.962,0.038
5,3.5,left-hand,0.8033,0.1967
5,3.5,left-hand,0.732,0.268
5,3.5,left-hand,0.5811,0.4189
5,3.5,left-hand,0.3326,0.6674
5,3.5,right-hand,0.7527,0.2473
5,3.5,right-hand,0.1029,0.8971
5,3.5,right-hand,0.4184,0.5816
5,3.5,left-hand,0.3486,0.6514
5,3.5,left-hand,0.7088,0.2912
5,3.5,right-hand,0.8954,0.1046
5,3.5,left-hand,0.3576,0.6424
5,3.5,left-hand,0.723,0.277
5,3.5,left-hand,0.0394,0.9606
5,3.5,right-hand,0.6836,0.3164
5,3.5,left-hand,0.4967,0.5033
5,3.5,right-hand,0.4992,0.5008
5,3.5,left-hand,0.4975,0.5025
5,3.5,right-hand,0.7966,0.2034
5,3.5,right-hand,0.6794,0.3206
5,3.5,left-hand,0.3478,0.6522
5,3.5,right-hand,0.6672,0.3328
5,3.5,left-hand,0.4531,0.5469
5,3.5,right-hand,0.6379,0.3621
5,3.5,right-hand,0.595,0.405
5,3.5,right-hand,0.4033,0.5967
5,3.5,left-hand,0.3029,0.6971
5,3.5,left-hand,0.6636,0.3364
5,3.5,right-hand,0.6261,0.3739
5,3.5,left-hand,0.2541,0.7459
5,3.5,right-hand,0.3229,0.6771
5,3.5,left-hand,0.9621,0.0379
5,3.5,right-hand,0.7215,0.2785
5,3.5,right-hand,0.5881,0.4119
5,3.5,right-hand,0.4101,0.5899
5,3.5,left-hand,0.4503,0.5497
5,3.5,left-hand,0.2945,0.7055
5,3.5,left-hand,0.5077,0.4923
5,3.5,right-hand,0.5638,0.4362
5,3.5,right-hand,0.5251,0.4749
5,3.5,right-hand,0.5266,0.4734
5,3.5,right-hand,0.7943,0.2057
5,3.5,right-hand,0.3417,0.6583
5,3.5,left-hand,0.8429,0.1571
5,3.5,left-hand,0.6286,0.3714
5,3.5,left-hand,0.2572,0.7428
5,3.5,left-hand,0.2258,0.7742
5,3.5,right-hand,0.2727,0.7273
5,3.5,left-hand,0.7458,0.2542
5,3.5,left-hand,0.4726,0.5274
5,3.5,left-hand,0.4035,0.5965
5,3.5,right-hand,0.5487,0.4513
5,3.5,right-hand,0.3399,0.6601
5,3.5,right-hand,0.2983,0.7017
5,3.5,right-hand,0.7387,0.2613
5,3.5,left-hand,0.9602,0.0398
5,3.5,left-hand,0.5347,0.4653
5,3.5,left-hand,0.2769,0.7231
5,3.5,right-hand,0.5634,0.4366
5,3.5,left-hand,0.4511,0.5489
5,3.5,right-hand,0.7286,0.2714
5,3.5,right-hand,0.3622,0.6378
5,3.5,right-hand,0.2663,0.7337
5,3.5,right-hand,0.4006,0.5994
5,3.5,right-hand,0.47,0.53
5,3.5,left-hand,0.518,0.482
5,3.5,left-hand,0.5009,0.4991
5,3.5,left-hand,0.3933,0.6067
5,3.5,left-hand,0.3027,0.6973
5,3.5,left-hand,0.6866,0.3134
5,3.5,right-hand,0.5384,0.4616
5,3.5,right-hand,0.8287,0.1713
5,3.5,left-hand,0.439,0.561
5,3.5,right-hand,0.6874,0.3126
5,3.5,right-hand,0.5569,0.4431
5,3.5,left-hand,0.7614,0.2386
5,3.5,left-hand,0.3502,0.6498
5,3.5,left-hand,0.3376,0.6624
5,3.5,right-hand,0.8746,0.1254
5,3.5,right-hand,0.2935,0.7065
5,3.5,right-hand,0.7122,0.2878
5,3.5,left-hand,0.6532,0.3468
5,3.5,left-hand,0.4689,0.5311
5,3.5,right-hand,0.1148,0.8852
5,3.5,right-hand,0.5663,0.4337
5,3.5,left-hand,0.4701,0.5299
5,3.5,right-hand,0.8139,0.1861
5,3.5,left-hand,0.6809,0.3191
5,3.5,left-hand,0.6096,0.3904
5,3.5,left-hand,0.383,0.617
