fold,tmin,true_label,left-hand,right-hand
1,3.5,left-hand,0.9791,0.0209
1,3.5,left-hand,0.8293,0.1707
1,3.5,left-hand,0.9526,0.0474
1,3.5,right-hand,0.0045,0.9955
1,3.5,left-hand,0.9822,0.0178
1,3.5,left-hand,0.9985,0.0015
1,3.5,right-hand,0.9692,0.0308
1,3.5,left-hand,0.9582,0.0418
1,3.5,right-hand,0.1489,0.8511
1,3.5,left-hand,0.399,0.601
1,3.5,left-hand,0.8854,0.1146
1,3.5,right-hand,0.5444,0.4556
1,3.5,left-hand,0.9963,0.0037
1,3.5,left-hand,0.9746,0.0254
1,3.5,right-hand,0.2639,0.7361
1,3.5,right-hand,0.1551,0.8449
1,3.5,right-hand,0.8903,0.1097
1,3.5,left-hand,0.8308,0.1692
1,3.5,right-hand,0.5996,0.4004
1,3.5,left-hand,0.757,0.243
1,3.5,right-hand,0.0577,0.9423
1,3.5,left-hand,0.5298,0.4702
1,3.5,right-hand,0.9285,0.0715
1,3.5,left-hand,0.7461,0.2539
1,3.5,left-hand,0.6863,0.3137
1,3.5,left-hand,0.5075,0.4925
1,3.5,left-hand,0.9988,0.0012
1,3.5,right-hand,0.6269,0.3731
1,3.5,left-hand,0.9644,0.0356
1,3.5,left-hand,0.9273,0.0727
1,3.5,right-hand,0.3813,0.6187
1,3.5,right-hand,0.4183,0.5817
1,3.5,right-hand,0.9731,0.0269
1,3.5,right-hand,0.2506,0.7494
1,3.5,left-hand,0.9851,0.0149
1,3.5,left-hand,0.7488,0.2512
1,3.5,left-hand,0.8846,0.1154
1,3.5,right-hand,0.6068,0.3932
1,3.5,right-hand,0.3051,0.6949
1,3.5,left-hand,0.9707,0.0293
1,3.5,right-hand,0.0494,0.9506
1,3.5,right-hand,0.5844,0.4156
1,3.5,right-hand,0.4796,0.5204
1,3.5,left-hand,0.8306,0.1694
1,3.5,left-hand,0.9938,0.0062
1,3.5,right-hand,0.2631,0.7369
1,3.5,right-hand,0.4148,0.5852
1,3.5,right-hand,0.2472,0.7528
1,3.5,right-hand,0.0913,0.9087
1,3.5,left-hand,0.8296,0.1704
1,3.5,left-hand,0.9791,0.0209
1,3.5,right-hand,0.7985,0.2015
1,3.5,right-hand,0.2173,0.7827
1,3.5,left-hand,0.943,0.057
1,3.5,right-hand,0.665,0.335
1,3.5,left-hand,0.221,0.779
1,3.5,left-hand,0.2016,0.7984
1,3.5,right-hand,0.192,0.808
1,3.5,left-hand,0.5291,0.4709
1,3.5,right-hand,0.1331,0.8669
1,3.5,right-hand,0.7116,0.2884
1,3.5,left-hand,0.9827,0.0173
1,3.5,right-hand,0.5021,0.4979
1,3.5,left-hand,0.1745,0.8255
1,3.5,right-hand,0.2088,0.7912
1,3.5,right-hand,0.7352,0.2648
1,3.5,left-hand,0.742,0.258
1,3.5,left-hand,0.9789,0.0211
1,3.5,left-hand,0.487,0.513
1,3.5,left-hand,0.9933,0.0067
1,3.5,right-hand,0.5668,0.4332
1,3.5,right-hand,0.0149,0.9851
1,3.5,right-hand,0.0079,0.9921
1,3.5,right-hand,0.8281,0.1719
1,3.5,right-hand,0.2303,0.7697
1,3.5,left-hand,0.9914,0.0086
1,3.5,right-hand,0.0665,0.9335
1,3.5,left-hand,0.9717,0.0283
1,3.5,right-hand,0.0811,0.9189
1,3.5,right-hand,0.0012,0.9988
1,3.5,right-hand,0.7768,0.2232
1,3.5,right-hand,0.6891,0.3109
1,3.5,right-hand,0.0996,0.9004
1,3.5,left-hand,0.9855,0.0145
1,3.5,left-hand,0.9906,0.0094
1,3.5,left-hand,0.9549,0.0451
1,3.5,right-hand,0.0068,0.9932
1,3.5,left-hand,0.9557,0.0443
1,3.5,left-hand,0.9948,0.0052
1,3.5,left-hand,0.9893,0.0107
1,3.5,left-hand,0.9868,0.0132
1,3.5,left-hand,0.9827,0.0173
1,3.5,left-hand,0.917,0.083
1,3.5,right-hand,0.0028,0.9972
1,3.5,right-hand,0.0008,0.9992
1,3.5,left-hand,0.9915,0.0085
1,3.5,right-hand,0.0402,0.9598
1,3.5,right-hand,0.0254,0.9746
1,3.5,right-hand,0.0133,0.9867
1,3.5,right-hand,0.0757,0.9243
1,3.5,right-hand,0.139,0.861
1,3.5,left-hand,0.9919,0.0081
1,3.5,right-hand,0.2,0.8
1,3.5,right-hand,0.0412,0.9588
1,3.5,right-hand,0.3774,0.6226
1,3.5,right-hand,0.0072,0.9928
1,3.5,left-hand,0.9564,0.0436
1,3.5,right-hand,0.0111,0.9889
1,3.5,right-hand,0.1368,0.8632
1,3.5,left-hand,0.9039,0.0961
1,3.5,left-hand,0.5695,0.4305
1,3.5,left-hand,0.7659,0.2341
1,3.5,right-hand,0.0682,0.9318
1,3.5,left-hand,0.9876,0.0124
1,3.5,right-hand,0.0173,0.9827
1,3.5,right-hand,0.0105,0.9895
1,3.5,left-hand,0.9221,0.0779
1,3.5,left-hand,0.5128,0.4872
1,3.5,left-hand,0.6445,0.3555
1,3.5,left-hand,0.8122,0.1878
1,3.5,left-hand,0.9469,0.0531
1,3.5,right-hand,0.0505,0.9495
1,3.5,right-hand,0.0975,0.9025
1,3.5,left-hand,0.7318,0.2682
1,3.5,right-hand,0.0777,0.9223
1,3.5,left-hand,0.1943,0.8057
1,3.5,left-hand,0.1017,0.8983
1,3.5,left-hand,0.5923,0.4077
1,3.5,left-hand,0.0537,0.9463
1,3.5,left-hand,0.5199,0.4801
1,3.5,left-hand,0.2777,0.7223
1,3.5,right-hand,0.0168,0.9832
1,3.5,left-hand,0.8862,0.1138
1,3.5,right-hand,0.0157,0.9843
1,3.5,left-hand,0.9747,0.0253
1,3.5,right-hand,0.0654,0.9346
1,3.5,right-hand,0.0458,0.9542
1,3.5,right-hand,0.004,0.996
1,3.5,left-hand,0.7385,0.2615
1,3.5,left-hand,0.4395,0.5605
1,3.5,left-hand,0.502,0.498
1,3.5,right-hand,0.0225,0.9775
1,3.5,right-hand,0.1277,0.8723
1,3.5,right-hand,0.6289,0.3711
1,3.5,left-hand,0.1951,0.8049
1,3.5,left-hand,0.6693,0.3307
1,3.5,right-hand,0.0082,0.9918
1,3.5,right-hand,0.0071,0.9929
2,3.5,left-hand,0.9695,0.0305
2,3.5,left-hand,0.9901,0.0099
2,3.5,right-hand,0.3342,0.6658
2,3.5,right-hand,0.1075,0.8925
2,3.5,left-hand,0.9935,0.0065
2,3.5,right-hand,0.1864,0.8136
2,3.5,right-hand,0.9107,0.0893
2,3.5,right-hand,0.5672,0.4328
2,3.5,left-hand,0.709,0.291
2,3.5,right-hand,0.8251,0.1749
2,3.5,right-hand,0.7427,0.2573
2,3.5,left-hand,0.6026,0.3974
2,3.5,left-hand,0.9656,0.0344
2,3.5,left-hand,0.571,0.429
2,3.5,right-hand,0.2182,0.7818
2,3.5,right-hand,0.8881,0.1119
2,3.5,left-hand,0.6545,0.3455
2,3.5,left-hand,0.9587,0.0413
2,3.5,left-hand,0.1218,0.8782
2,3.5,right-hand,0.2294,0.7706
2,3.5,left-hand,0.7458,0.2542
2,3.5,right-hand,0.9734,0.0266
2,3.5,left-hand,0.7872,0.2128
2,3.5,left-hand,0.8466,0.1534
2,3.5,left-hand,0.9566,0.0434
2,3.5,left-hand,0.8599,0.1401
2,3.5,right-hand,0.8026,0.1974
2,3.5,right-hand,0.0102,0.9898
2,3.5,left-hand,0.9856,0.0144
2,3.5,left-hand,0.9275,0.0725
2,3.5,right-hand,0.9643,0.0357
2,3.5,left-hand,0.9978,0.0022
2,3.5,left-hand,0.9781,0.0219
2,3.5,left-hand,0.985,0.015
2,3.5,left-hand,0.9853,0.0147
2,3.5,left-hand,0.7553,0.2447
2,3.5,right-hand,0.9162,0.0838
2,3.5,left-hand,0.9917,0.0083
2,3.5,right-hand,0.6534,0.3466
2,3.5,right-hand,0.7828,0.2172
2,3.5,left-hand,0.072,0.928
2,3.5,right-hand,0.0543,0.9457
2,3.5,right-hand,0.183,0.817
2,3.5,left-hand,0.9696,0.0304
2,3.5,right-hand,0.1409,0.8591
2,3.5,left-hand,0.9982,0.0018
2,3.5,right-hand,0.034,0.966
2,3.5,left-hand,0.9326,0.0674
2,3.5,left-hand,0.5232,0.4768
2,3.5,left-hand,0.1674,0.8326
2,3.5,right-hand,0.0835,0.9165
2,3.5,right-hand,0.4285,0.5715
2,3.5,left-hand,0.3359,0.6641
2,3.5,right-hand,0.7089,0.2911
2,3.5,left-hand,0.9524,0.0476
2,3.5,left-hand,0.9725,0.0275
2,3.5,right-hand,0.119,0.881
2,3.5,left-hand,0.8903,0.1097
2,3.5,left-hand,0.5811,0.4189
2,3.5,left-hand,0.882,0.118
2,3.5,left-hand,0.8597,0.1403
2,3.5,right-hand,0.9249,0.0751
2,3.5,right-hand,0.0103,0.9897
2,3.5,left-hand,0.7332,0.2668
2,3.5,right-hand,0.3134,0.6866
2,3.5,left-hand,0.9859,0.0141
2,3.5,left-hand,0.9028,0.0972
2,3.5,left-hand,0.985,0.015
2,3.5,right-hand,0.0035,0.9965
2,3.5,left-hand,0.9929,0.0071
2,3.5,right-hand,0.0263,0.9737
2,3.5,right-hand,0.0011,0.9989
2,3.5,right-hand,0.0153,0.9847
2,3.5,left-hand,0.9915,0.0085
2,3.5,right-hand,0.0097,0.9903
2,3.5,left-hand,0.9605,0.0395
2,3.5,left-hand,0.5782,0.4218
2,3.5,right-hand,0.0396,0.9604
2,3.5,right-hand,0.041,0.959
2,3.5,right-hand,0.1933,0.8067
2,3.5,left-hand,0.9438,0.0562
2,3.5,left-hand,0.9065,0.0935
2,3.5,left-hand,0.9818,0.0182
2,3.5,right-hand,0.0285,0.9715
2,3.5,left-hand,0.8817,0.1183
2,3.5,left-hand,0.8745,0.1255
2,3.5,left-hand,0.6632,0.3368
2,3.5,left-hand,0.2088,0.7912
2,3.5,right-hand,0.0462,0.9538
2,3.5,left-hand,0.927,0.073
2,3.5,right-hand,0.0025,0.9975
2,3.5,right-hand,0.0013,0.9987
2,3.5,right-hand,0.0018,0.9982
2,3.5,right-hand,0.0017,0.9983
2,3.5,left-hand,0.9843,0.0157
2,3.5,right-hand,0.7455,0.2545
2,3.5,right-hand,0.1741,0.8259
2,3.5,right-hand,0.0028,0.9972
2,3.5,right-hand,0.001,0.999
2,3.5,left-hand,0.9984,0.0016
2,3.5,left-hand,0.2818,0.7182
2,3.5,right-hand,0.0308,0.9692
2,3.5,right-hand,0.0205,0.9795
2,3.5,right-hand,0.0025,0.9975
2,3.5,left-hand,0.8795,0.1205
2,3.5,left-hand,0.1058,0.8942
2,3.5,left-hand,0.9918,0.0082
2,3.5,left-hand,0.7065,0.2935
2,3.5,left-hand,0.943,0.057
2,3.5,right-hand,0.2465,0.7535
2,3.5,left-hand,0.6295,0.3705
2,3.5,right-hand,0.0053,0.9947
2,3.5,left-hand,0.7387,0.2613
2,3.5,left-hand,0.7275,0.2725
2,3.5,right-hand,0.1431,0.8569
2,3.5,right-hand,0.0322,0.9678
2,3.5,right-hand,0.0169,0.9831
2,3.5,right-hand,0.0283,0.9717
2,3.5,right-hand,0.6823,0.3177
2,3.5,right-hand,0.1354,0.8646
2,3.5,right-hand,0.076,0.924
2,3.5,right-hand,0.0048,0.9952
2,3.5,right-hand,0.0319,0.9681
2,3.5,left-hand,0.8281,0.1719
2,3.5,right-hand,0.2025,0.7975
2,3.5,left-hand,0.5422,0.4578
2,3.5,right-hand,0.0139,0.9861
2,3.5,right-hand,0.0291,0.9709
2,3.5,left-hand,0.7796,0.2204
2,3.5,right-hand,0.0421,0.9579
2,3.5,right-hand,0.1869,0.8131
2,3.5,right-hand,0.0887,0.9113
2,3.5,left-hand,0.9405,0.0595
2,3.5,right-hand,0.0245,0.9755
2,3.5,left-hand,0.6089,0.3911
2,3.5,right-hand,0.2174,0.7826
2,3.5,right-hand,0.0036,0.9964
2,3.5,right-hand,0.2768,0.7232
2,3.5,right-hand,0.127,0.873
2,3.5,left-hand,0.6185,0.3815
2,3.5,left-hand,0.6478,0.3522
2,3.5,left-hand,0.402,0.598
2,3.5,left-hand,0.6212,0.3788
2,3.5,right-hand,0.0106,0.9894
2,3.5,right-hand,0.0338,0.9662
2,3.5,right-hand,0.2278,0.7722
2,3.5,left-hand,0.0566,0.9434
2,3.5,left-hand,0.7685,0.2315
3,3.5,right-hand,0.337,0.663
3,3.5,right-hand,0.5007,0.4993
3,3.5,left-hand,0.9912,0.0088
3,3.5,left-hand,0.9614,0.0386
3,3.5,right-hand,0.3357,0.6643
3,3.5,left-hand,0.8047,0.1953
3,3.5,right-hand,0.7336,0.2664
3,3.5,left-hand,0.9732,0.0268
3,3.5,left-hand,0.9384,0.0616
3,3.5,right-hand,0.0735,0.9265
3,3.5,right-hand,0.2831,0.7169
3,3.5,left-hand,0.8965,0.1035
3,3.5,left-hand,0.0466,0.9534
3,3.5,right-hand,0.8621,0.1379
3,3.5,left-hand,0.8351,0.1649
3,3.5,right-hand,0.8229,0.1771
3,3.5,left-hand,0.6729,0.3271
3,3.5,right-hand,0.0487,0.9513
3,3.5,right-hand,0.1093,0.8907
3,3.5,right-hand,0.1227,0.8773
3,3.5,right-hand,0.5792,0.4208
3,3.5,right-hand,0.0218,0.9782
3,3.5,right-hand,0.4712,0.5288
3,3.5,right-hand,0.4762,0.5238
3,3.5,left-hand,0.5972,0.4028
3,3.5,left-hand,0.9812,0.0188
3,3.5,right-hand,0.2172,0.7828
3,3.5,left-hand,0.9765,0.0235
3,3.5,left-hand,0.8905,0.1095
3,3.5,right-hand,0.6526,0.3474
3,3.5,right-hand,0.5879,0.4121
3,3.5,left-hand,0.9739,0.0261
3,3.5,left-hand,0.9734,0.0266
3,3.5,right-hand,0.8013,0.1987
3,3.5,right-hand,0.0157,0.9843
3,3.5,left-hand,0.9349,0.0651
3,3.5,right-hand,0.8729,0.1271
3,3.5,left-hand,0.7994,0.2006
3,3.5,right-hand,0.3473,0.6527
3,3.5,right-hand,0.4723,0.5277
3,3.5,left-hand,0.99,0.01
3,3.5,left-hand,0.3066,0.6934
3,3.5,right-hand,0.4897,0.5103
3,3.5,left-hand,0.9967,0.0033
3,3.5,right-hand,0.04,0.96
3,3.5,left-hand,0.9655,0.0345
3,3.5,left-hand,0.9967,0.0033
3,3.5,left-hand,0.9003,0.0997
3,3.5,right-hand,0.2371,0.7629
3,3.5,left-hand,0.9742,0.0258
3,3.5,right-hand,0.2228,0.7772
3,3.5,left-hand,0.9878,0.0122
3,3.5,right-hand,0.961,0.039
3,3.5,right-hand,0.2963,0.7037
3,3.5,right-hand,0.536,0.464
3,3.5,left-hand,0.6265,0.3735
3,3.5,left-hand,0.9938,0.0062
3,3.5,right-hand,0.0837,0.9163
3,3.5,right-hand,0.0861,0.9139
3,3.5,left-hand,0.9707,0.0293
3,3.5,right-hand,0.0195,0.9805
3,3.5,right-hand,0.0015,0.9985
3,3.5,left-hand,0.426,0.574
3,3.5,left-hand,0.9354,0.0646
3,3.5,right-hand,0.0372,0.9628
3,3.5,left-hand,0.9903,0.0097
3,3.5,left-hand,0.984,0.016
3,3.5,right-hand,0.2763,0.7237
3,3.5,right-hand,0.0848,0.9152
3,3.5,left-hand,0.9857,0.0143
3,3.5,left-hand,0.9447,0.0553
3,3.5,right-hand,0.5691,0.4309
3,3.5,right-hand,0.0071,0.9929
3,3.5,right-hand,0.0096,0.9904
3,3.5,left-hand,0.892,0.108
3,3.5,left-hand,0.9891,0.0109
3,3.5,left-hand,0.2874,0.7126
3,3.5,right-hand,0.0199,0.9801
3,3.5,left-hand,0.871,0.129
3,3.5,left-hand,0.9087,0.0913
3,3.5,left-hand,0.9414,0.0586
3,3.5,right-hand,0.4865,0.5135
3,3.5,right-hand,0.0626,0.9374
3,3.5,right-hand,0.0035,0.9965
3,3.5,right-hand,0.0445,0.9555
3,3.5,right-hand,0.0213,0.9787
3,3.5,left-hand,0.4935,0.5065
3,3.5,right-hand,0.9221,0.0779
3,3.5,left-hand,0.8502,0.1498
3,3.5,right-hand,0.1637,0.8363
3,3.5,right-hand,0.0787,0.9213
3,3.5,left-hand,0.9826,0.0174
3,3.5,left-hand,0.8595,0.1405
3,3.5,left-hand,0.8646,0.1354
3,3.5,left-hand,0.6332,0.3668
3,3.5,left-hand,0.9887,0.0113
3,3.5,left-hand,0.5457,0.4543
3,3.5,right-hand,0.0052,0.9948
3,3.5,right-hand,0.1033,0.8967
3,3.5,left-hand,0.9482,0.0518
3,3.5,right-hand,0.0133,0.9867
3,3.5,right-hand,0.0128,0.9872
3,3.5,right-hand,0.0004,0.9996
3,3.5,right-hand,0.2145,0.7855
3,3.5,right-hand,0.0062,0.9938
3,3.5,left-hand,0.7454,0.2546
3,3.5,left-hand,0.7376,0.2624
3,3.5,left-hand,0.9574,0.0426
3,3.5,left-hand,0.6809,0.3191
3,3.5,right-hand,0.3283,0.6717
3,3.5,left-hand,0.7432,0.2568
3,3.5,right-hand,0.0094,0.9906
3,3.5,right-hand,0.0008,0.9992
3,3.5,left-hand,0.891,0.109
3,3.5,right-hand,0.0006,0.9994
3,3.5,right-hand,0.0277,0.9723
3,3.5,right-hand,0.1604,0.8396
3,3.5,left-hand,0.3686,0.6314
3,3.5,right-hand,0.0295,0.9705
3,3.5,left-hand,0.477,0.523
3,3.5,left-hand,0.2237,0.7763
3,3.5,right-hand,0.0415,0.9585
3,3.5,left-hand,0.2198,0.7802
3,3.5,left-hand,0.2341,0.7659
3,3.5,left-hand,0.297,0.703
3,3.5,left-hand,0.1525,0.8475
3,3.5,left-hand,0.4638,0.5362
3,3.5,right-hand,0.169,0.831
3,3.5,left-hand,0.406,0.594
3,3.5,right-hand,0.003,0.997
3,3.5,left-hand,0.6007,0.3993
3,3.5,left-hand,0.4035,0.5965
3,3.5,left-hand,0.1121,0.8879
3,3.5,left-hand,0.6995,0.3005
3,3.5,right-hand,0.0097,0.9903
3,3.5,right-hand,0.2388,0.7612
3,3.5,left-hand,0.0041,0.9959
3,3.5,left-hand,0.1535,0.8465
3,3.5,right-hand,0.1111,0.8889
3,3.5,right-hand,0.03,0.97
3,3.5,right-hand,0.0039,0.9961
3,3.5,left-hand,0.0447,0.9553
3,3.5,left-hand,0.5279,0.4721
3,3.5,right-hand,0.1538,0.8462
3,3.5,right-hand,0.0249,0.9751
3,3.5,left-hand,0.0187,0.9813
3,3.5,left-hand,0.1404,0.8596
3,3.5,right-hand,0.3094,0.6906
4,3.5,right-hand,0.7774,0.2226
4,3.5,right-hand,0.4619,0.5381
4,3.5,left-hand,0.9831,0.0169
4,3.5,left-hand,0.923,0.077
4,3.5,left-hand,0.4571,0.5429
4,3.5,right-hand,0.5762,0.4238
4,3.5,left-hand,0.977,0.023
4,3.5,right-hand,0.8766,0.1234
4,3.5,left-hand,0.8127,0.1873
4,3.5,left-hand,0.7174,0.2826
4,3.5,left-hand,0.9919,0.0081
4,3.5,right-hand,0.7734,0.2266
4,3.5,right-hand,0.0775,0.9225
4,3.5,left-hand,0.6167,0.3833
4,3.5,right-hand,0.3371,0.6629
4,3.5,left-hand,0.8103,0.1897
4,3.5,right-hand,0.1265,0.8735
4,3.5,right-hand,0.0626,0.9374
4,3.5,right-hand,0.8446,0.1554
4,3.5,right-hand,0.2716,0.7284
4,3.5,left-hand,0.7301,0.2699
4,3.5,left-hand,0.9655,0.0345
4,3.5,right-hand,0.9384,0.0616
4,3.5,right-hand,0.239,0.761
4,3.5,right-hand,0.3348,0.6652
4,3.5,left-hand,0.1133,0.8867
4,3.5,left-hand,0.9891,0.0109
4,3.5,right-hand,0.0278,0.9722
4,3.5,left-hand,0.3376,0.6624
4,3.5,right-hand,0.424,0.576
4,3.5,right-hand,0.9531,0.0469
4,3.5,right-hand,0.426,0.574
4,3.5,left-hand,0.9907,0.0093
4,3.5,left-hand,0.9649,0.0351
4,3.5,left-hand,0.8096,0.1904
4,3.5,right-hand,0.6467,0.3533
4,3.5,left-hand,0.9975,0.0025
4,3.5,left-hand,0.996,0.004
4,3.5,right-hand,0.6343,0.3657
4,3.5,right-hand,0.2661,0.7339
4,3.5,left-hand,0.8855,0.1145
4,3.5,right-hand,0.9154,0.0846
4,3.5,right-hand,0.86,0.14
4,3.5,left-hand,0.9979,0.0021
4,3.5,right-hand,0.0949,0.9051
4,3.5,left-hand,0.7317,0.2683
4,3.5,right-hand,0.7387,0.2613
4,3.5,right-hand,0.9969,0.0031
4,3.5,right-hand,0.8834,0.1166
4,3.5,right-hand,0.4774,0.5226
4,3.5,left-hand,0.9931,0.0069
4,3.5,left-hand,0.7443,0.2557
4,3.5,right-hand,0.5095,0.4905
4,3.5,left-hand,0.6523,0.3477
4,3.5,right-hand,0.3378,0.6622
4,3.5,right-hand,0.09,0.91
4,3.5,left-hand,0.9917,0.0083
4,3.5,left-hand,0.9161,0.0839
4,3.5,right-hand,0.1259,0.8741
4,3.5,right-hand,0.0616,0.9384
4,3.5,left-hand,0.6974,0.3026
4,3.5,right-hand,0.0145,0.9855
4,3.5,right-hand,0.8089,0.1911
4,3.5,right-hand,0.3254,0.6746
4,3.5,left-hand,0.9729,0.0271
4,3.5,right-hand,0.1342,0.8658
4,3.5,left-hand,0.992,0.008
4,3.5,left-hand,0.5332,0.4668
4,3.5,right-hand,0.0331,0.9669
4,3.5,left-hand,0.9911,0.0089
4,3.5,left-hand,0.9949,0.0051
4,3.5,right-hand,0.1174,0.8826
4,3.5,right-hand,0.0124,0.9876
4,3.5,right-hand,0.0042,0.9958
4,3.5,right-hand,0.0044,0.9956
4,3.5,left-hand,0.9719,0.0281
4,3.5,left-hand,0.9401,0.0599
4,3.5,left-hand,0.7219,0.2781
4,3.5,right-hand,0.0157,0.9843
4,3.5,right-hand,0.0278,0.9722
4,3.5,left-hand,0.9897,0.0103
4,3.5,left-hand,0.2308,0.7692
4,3.5,left-hand,0.9902,0.0098
4,3.5,right-hand,0.4644,0.5356
4,3.5,left-hand,0.919,0.081
4,3.5,left-hand,0.969,0.031
4,3.5,right-hand,0.0982,0.9018
4,3.5,left-hand,0.9816,0.0184
4,3.5,left-hand,0.9743,0.0257
4,3.5,right-hand,0.0052,0.9948
4,3.5,left-hand,0.9852,0.0148
4,3.5,left-hand,0.9575,0.0425
4,3.5,left-hand,0.6593,0.3407
4,3.5,right-hand,0.1633,0.8367
4,3.5,left-hand,0.8016,0.1984
4,3.5,right-hand,0.4346,0.5654
4,3.5,left-hand,0.9957,0.0043
4,3.5,left-hand,0.9678,0.0322
4,3.5,left-hand,0.9802,0.0198
4,3.5,left-hand,0.9321,0.0679
4,3.5,left-hand,0.7791,0.2209
4,3.5,left-hand,0.8306,0.1694
4,3.5,right-hand,0.0133,0.9867
4,3.5,right-hand,0.0114,0.9886
4,3.5,right-hand,0.0932,0.9068
4,3.5,right-hand,0.4875,0.5125
4,3.5,right-hand,0.0196,0.9804
4,3.5,right-hand,0.0016,0.9984
4,3.5,left-hand,0.1845,0.8155
4,3.5,right-hand,0.0011,0.9989
4,3.5,right-hand,0.0529,0.9471
4,3.5,right-hand,0.1492,0.8508
4,3.5,left-hand,0.8422,0.1578
4,3.5,left-hand,0.8054,0.1946
4,3.5,left-hand,0.8196,0.1804
4,3.5,right-hand,0.0015,0.9985
4,3.5,right-hand,0.02,0.98
4,3.5,right-hand,0.0284,0.9716
4,3.5,right-hand,0.2966,0.7034
4,3.5,left-hand,0.6755,0.3245
4,3.5,left-hand,0.09,0.91
4,3.5,left-hand,0.3444,0.6556
4,3.5,left-hand,0.0769,0.9231
4,3.5,right-hand,0.0092,0.9908
4,3.5,left-hand,0.6508,0.3492
4,3.5,right-hand,0.2699,0.7301
4,3.5,right-hand,0.0758,0.9242
4,3.5,right-hand,0.0282,0.9718
4,3.5,left-hand,0.1006,0.8994
4,3.5,right-hand,0.2124,0.7876
4,3.5,right-hand,0.721,0.279
4,3.5,right-hand,0.0229,0.9771
4,3.5,left-hand,0.834,0.166
4,3.5,left-hand,0.8425,0.1575
4,3.5,left-hand,0.638,0.362
4,3.5,right-hand,0.0061,0.9939
4,3.5,left-hand,0.2157,0.7843
4,3.5,left-hand,0.2951,0.7049
4,3.5,right-hand,0.0028,0.9972
4,3.5,right-hand,0.0362,0.9638
4,3.5,left-hand,0.4093,0.5907
4,3.5,left-hand,0.5877,0.4123
4,3.5,left-hand,0.4449,0.5551
4,3.5,left-hand,0.4892,0.5108
4,3.5,left-hand,0.0485,0.9515
4,3.5,right-hand,0.014,0.986
4,3.5,right-hand,0.0425,0.9575
4,3.5,left-hand,0.7319,0.2681
5,3.5,left-hand,0.8304,0.1696
5,3.5,right-hand,0.527,0.473
5,3.5,left-hand,0.6763,0.3237
5,3.5,right-hand,0.1617,0.8383
5,3.5,left-hand,0.9715,0.0285
5,3.5,right-hand,0.0113,0.9887
5,3.5,right-hand,0.9127,0.0873
5,3.5,right-hand,0.9168,0.0832
5,3.5,left-hand,0.9983,0.0017
5,3.5,right-hand,0.9786,0.0214
5,3.5,right-hand,0.8544,0.1456
5,3.5,right-hand,0.4004,0.5996
5,3.5,left-hand,0.9823,0.0177
5,3.5,right-hand,0.8288,0.1712
5,3.5,right-hand,0.782,0.218
5,3.5,left-hand,0.8525,0.1475
5,3.5,right-hand,0.404,0.596
5,3.5,right-hand,0.1463,0.8537
5,3.5,left-hand,0.9334,0.0666
5,3.5,left-hand,0.9947,0.0053
5,3.5,left-hand,0.9671,0.0329
5,3.5,left-hand,0.9653,0.0347
5,3.5,right-hand,0.0229,0.9771
5,3.5,left-hand,0.9951,0.0049
5,3.5,right-hand,0.175,0.825
5,3.5,left-hand,0.9898,0.0102
5,3.5,right-hand,0.9347,0.0653
5,3.5,right-hand,0.273,0.727
5,3.5,left-hand,0.862,0.138
5,3.5,left-hand,0.9918,0.0082
5,3.5,right-hand,0.3626,0.6374
5,3.5,right-hand,0.0574,0.9426
5,3.5,right-hand,0.126,0.874
5,3.5,left-hand,0.9723,0.0277
5,3.5,right-hand,0.7948,0.2052
5,3.5,left-hand,0.9748,0.0252
5,3.5,left-hand,0.5267,0.4733
5,3.5,right-hand,0.6816,0.3184
5,3.5,right-hand,0.2441,0.7559
5,3.5,left-hand,0.9841,0.0159
5,3.5,right-hand,0.4269,0.5731
5,3.5,left-hand,0.8207,0.1793
5,3.5,right-hand,0.028,0.972
5,3.5,left-hand,0.9953,0.0047
5,3.5,left-hand,0.8828,0.1172
5,3.5,left-hand,0.9337,0.0663
5,3.5,right-hand,0.3371,0.6629
5,3.5,left-hand,0.9574,0.0426
5,3.5,left-hand,0.9945,0.0055
5,3.5,left-hand,0.929,0.071
5,3.5,left-hand,0.8298,0.1702
5,3.5,right-hand,0.7838,0.2162
5,3.5,right-hand,0.0944,0.9056
5,3.5,right-hand,0.059,0.941
5,3.5,left-hand,0.2994,0.7006
5,3.5,right-hand,0.9284,0.0716
5,3.5,right-hand,0.5663,0.4337
5,3.5,left-hand,0.9594,0.0406
5,3.5,right-hand,0.0483,0.9517
5,3.5,left-hand,0.995,0.005
5,3.5,right-hand,0.7399,0.2601
5,3.5,right-hand,0.0192,0.9808
5,3.5,left-hand,0.954,0.046
5,3.5,left-hand,0.0234,0.9766
5,3.5,left-hand,0.6313,0.3687
5,3.5,left-hand,0.272,0.728
5,3.5,right-hand,0.0378,0.9622
5,3.5,right-hand,0.0066,0.9934
5,3.5,left-hand,0.7982,0.2018
5,3.5,right-hand,0.0098,0.9902
5,3.5,left-hand,0.9629,0.0371
5,3.5,right-hand,0.0831,0.9169
5,3.5,left-hand,0.9558,0.0442
5,3.5,left-hand,0.9578,0.0422
5,3.5,right-hand,0.6892,0.3108
5,3.5,right-hand,0.0727,0.9273
5,3.5,left-hand,0.9634,0.0366
5,3.5,left-hand,0.6058,0.3942
5,3.5,left-hand,0.9655,0.0345
5,3.5,right-hand,0.0068,0.9932
5,3.5,left-hand,0.9853,0.0147
5,3.5,left-hand,0.9893,0.0107
5,3.5,right-hand,0.4335,0.5665
5,3.5,right-hand,0.0197,0.9803
5,3.5,left-hand,0.9463,0.0537
5,3.5,right-hand,0.6385,0.3615
5,3.5,right-hand,0.0373,0.9627
5,3.5,left-hand,0.99,0.01
5,3.5,left-hand,0.9919,0.0081
5,3.5,right-hand,0.0229,0.9771
5,3.5,right-hand,0.0703,0.9297
5,3.5,left-hand,0.9826,0.0174
5,3.5,right-hand,0.0079,0.9921
5,3.5,left-hand,0.9885,0.0115
5,3.5,left-hand,0.0129,0.9871
5,3.5,right-hand,0.0875,0.9125
5,3.5,left-hand,0.9627,0.0373
5,3.5,right-hand,0.0034,0.9966
5,3.5,right-hand,0.031,0.969
5,3.5,right-hand,0.0049,0.9951
5,3.5,right-hand,0.1903,0.8097
5,3.5,left-hand,0.9748,0.0252
5,3.5,right-hand,0.2406,0.7594
5,3.5,left-hand,0.9928,0.0072
5,3.5,left-hand,0.923,0.077
5,3.5,left-hand,0.9756,0.0244
5,3.5,right-hand,0.3141,0.6859
5,3.5,right-hand,0.0155,0.9845
5,3.5,right-hand,0.004,0.996
5,3.5,left-hand,0.8187,0.1813
5,3.5,left-hand,0.9536,0.0464
5,3.5,right-hand,0.0025,0.9975
5,3.5,right-hand,0.0012,0.9988
5,3.5,right-hand,0.2372,0.7628
5,3.5,left-hand,0.5018,0.4982
5,3.5,left-hand,0.7972,0.2028
5,3.5,left-hand,0.5154,0.4846
5,3.5,left-hand,0.1177,0.8823
5,3.5,left-hand,0.5354,0.4646
5,3.5,left-hand,0.6865,0.3135
5,3.5,left-hand,0.2609,0.7391
5,3.5,right-hand,0.0223,0.9777
5,3.5,right-hand,0.028,0.972
5,3.5,right-hand,0.0007,0.9993
5,3.5,right-hand,0.0343,0.9657
5,3.5,left-hand,0.928,0.072
5,3.5,left-hand,0.5953,0.4047
5,3.5,right-hand,0.3237,0.6763
5,3.5,right-hand,0.0011,0.9989
5,3.5,left-hand,0.4741,0.5259
5,3.5,left-hand,0.1605,0.8395
5,3.5,left-hand,0.145,0.855
5,3.5,right-hand,0.0314,0.9686
5,3.5,left-hand,0.6585,0.3415
5,3.5,right-hand,0.004,0.996
5,3.5,left-hand,0.3513,0.6487
5,3.5,right-hand,0.7692,0.2308
5,3.5,right-hand,0.004,0.996
5,3.5,right-hand,0.0039,0.9961
5,3.5,left-hand,0.6556,0.3444
5,3.5,left-hand,0.0497,0.9503
5,3.5,right-hand,0.0067,0.9933
5,3.5,left-hand,0.4753,0.5247
5,3.5,left-hand,0.8132,0.1868
5,3.5,right-hand,0.0444,0.9556
5,3.5,right-hand,0.0108,0.9892
5,3.5,right-hand,0.0048,0.9952
5,3.5,left-hand,0.1356,0.8644
