fold,tmin,true_label,left-hand,right-hand
1,3.5,right-hand,0.4783,0.5217
1,3.5,left-hand,0.4688,0.5312
1,3.5,right-hand,0.5296,0.4704
1,3.5,right-hand,0.5261,0.4739
1,3.5,right-hand,0.4988,0.5012
1,3.5,left-hand,0.491,0.509
1,3.5,left-hand,0.5382,0.4618
1,3.5,left-hand,0.4689,0.5311
1,3.5,left-hand,0.5429,0.4571
1,3.5,right-hand,0.4993,0.5007
1,3.5,left-hand,0.4666,0.5334
1,3.5,right-hand,0.5222,0.4778
1,3.5,left-hand,0.332,0.668
1,3.5,left-hand,0.4607,0.5393
1,3.5,right-hand,0.4814,0.5186
1,3.5,right-hand,0.4671,0.5329
1,3.5,right-hand,0.5,0.5
1,3.5,left-hand,0.4989,0.5011
1,3.5,right-hand,0.4749,0.5251
1,3.5,right-hand,0.5056,0.4944
1,3.5,left-hand,0.4135,0.5865
1,3.5,right-hand,0.486,0.514
1,3.5,right-hand,0.5225,0.4775
1,3.5,left-hand,0.565,0.435
1,3.5,left-hand,0.4517,0.5483
1,3.5,left-hand,0.5097,0.4903
1,3.5,right-hand,0.5212,0.4788
1,3.5,right-hand,0.5754,0.4246
1,3.5,right-hand,0.5012,0.4988
1,3.5,left-hand,0.5231,0.4769
1,3.5,left-hand,0.5038,0.4962
1,3.5,left-hand,0.503,0.497
1,3.5,right-hand,0.5264,0.4736
1,3.5,left-hand,0.4583,0.5417
1,3.5,left-hand,0.4885,0.5115
1,3.5,right-hand,0.5071,0.4929
1,3.5,right-hand,0.4974,0.5026
1,3.5,left-hand,0.5327,0.4673
1,3.5,right-hand,0.4672,0.5328
1,3.5,left-hand,0.4736,0.5264
1,3.5,right-hand,0.5145,0.4855
1,3.5,left-hand,0.5214,0.4786
1,3.5,left-hand,0.4827,0.5173
1,3.5,right-hand,0.5108,0.4892
1,3.5,left-hand,0.5227,0.4773
1,3.5,left-hand,0.5338,0.4662
1,3.5,right-hand,0.5362,0.4638
1,3.5,right-hand,0.5355,0.4645
1,3.5,right-hand,0.5067,0.4933
1,3.5,right-hand,0.4858,0.5142
1,3.5,left-hand,0.5049,0.4951
1,3.5,left-hand,0.5695,0.4305
1,3.5,left-hand,0.5395,0.4605
1,3.5,right-hand,0.5155,0.4845
1,3.5,left-hand,0.4852,0.5148
1,3.5,left-hand,0.4784,0.5216
1,3.5,right-hand,0.5414,0.4586
1,3.5,right-hand,0.544,0.456
1,3.5,left-hand,0.4489,0.5511
1,3.5,left-hand,0.5181,0.4819
1,3.5,right-hand,0.4937,0.5063
1,3.5,right-hand,0.4958,0.5042
1,3.5,left-hand,0.4896,0.5104
1,3.5,right-hand,0.4792,0.5208
1,3.5,left-hand,0.5171,0.4829
1,3.5,right-hand,0.5027,0.4973
1,3.5,right-hand,0.5102,0.4898
1,3.5,left-hand,0.5008,0.4992
1,3.5,left-hand,0.4968,0.5032
1,3.5,left-hand,0.4971,0.5029
1,3.5,left-hand,0.5184,0.4816
1,3.5,right-hand,0.5163,0.4837
1,3.5,left-hand,0.5052,0.4948
1,3.5,right-hand,0.4957,0.5043
1,3.5,left-hand,0.5528,0.4472
1,3.5,left-hand,0.5018,0.4982
1,3.5,left-hand,0.5131,0.4869
1,3.5,left-hand,0.526,0.474
1,3.5,left-hand,0.5133,0.4867
1,3.5,right-hand,0.483,0.517
1,3.5,left-hand,0.4886,0.5114
1,3.5,right-hand,0.523,0.477
1,3.5,right-hand,0.5112,0.4888
1,3.5,right-hand,0.4845,0.5155
1,3.5,left-hand,0.5095,0.4905
1,3.5,right-hand,0.4764,0.5236
1,3.5,right-hand,0.466,0.534
1,3.5,right-hand,0.515,0.485
1,3.5,right-hand,0.4908,0.5092
1,3.5,left-hand,0.498,0.502
1,3.5,left-hand,0.4991,0.5009
1,3.5,left-hand,0.4586,0.5414
1,3.5,left-hand,0.4987,0.5013
1,3.5,right-hand,0.4968,0.5032
1,3.5,left-hand,0.4846,0.5154
1,3.5,right-hand,0.4689,0.5311
1,3.5,left-hand,0.5372,0.4628
1,3.5,left-hand,0.4953,0.5047
1,3.5,left-hand,0.4753,0.5247
1,3.5,left-hand,0.4919,0.5081
1,3.5,right-hand,0.485,0.515
1,3.5,right-hand,0.4929,0.5071
1,3.5,right-hand,0.4754,0.5246
1,3.5,left-hand,0.5287,0.4713
1,3.5,left-hand,0.4966,0.5034
1,3.5,right-hand,0.5098,0.4902
1,3.5,left-hand,0.5033,0.4967
1,3.5,right-hand,0.4818,0.5182
1,3.5,right-hand,0.5151,0.4849
1,3.5,left-hand,0.4873,0.5127
1,3.5,right-hand,0.524,0.476
1,3.5,left-hand,0.4952,0.5048
1,3.5,right-hand,0.5462,0.4538
1,3.5,right-hand,0.5033,0.4967
1,3.5,right-hand,0.4898,0.5102
1,3.5,right-hand,0.5372,0.4628
1,3.5,right-hand,0.4956,0.5044
1,3.5,left-hand,0.5023,0.4977
1,3.5,left-hand,0.5026,0.4974
1,3.5,right-hand,0.5151,0.4849
1,3.5,right-hand,0.5311,0.4689
1,3.5,left-hand,0.5015,0.4985
1,3.5,right-hand,0.5027,0.4973
1,3.5,right-hand,0.5134,0.4866
1,3.5,right-hand,0.45,0.55
1,3.5,right-hand,0.4937,0.5063
1,3.5,right-hand,0.5052,0.4948
1,3.5,left-hand,0.4727,0.5273
1,3.5,left-hand,0.4722,0.5278
1,3.5,left-hand,0.5142,0.4858
1,3.5,right-hand,0.4904,0.5096
1,3.5,right-hand,0.4883,0.5117
1,3.5,left-hand,0.4749,0.5251
1,3.5,left-hand,0.4717,0.5283
1,3.5,right-hand,0.5156,0.4844
1,3.5,right-hand,0.5138,0.4862
1,3.5,right-hand,0.4892,0.5108
1,3.5,left-hand,0.5158,0.4842
1,3.5,left-hand,0.5009,0.4991
1,3.5,left-hand,0.5284,0.4716
1,3.5,right-hand,0.4863,0.5137
1,3.5,right-hand,0.4733,0.5267
1,3.5,left-hand,0.5223,0.4777
1,3.5,left-hand,0.5062,0.4938
2,3.5,left-hand,0.4639,0.5361
2,3.5,left-hand,0.4796,0.5204
2,3.5,right-hand,0.4802,0.5198
2,3.5,left-hand,0.5047,0.4953
2,3.5,right-hand,0.571,0.429
2,3.5,right-hand,0.5564,0.4436
2,3.5,right-hand,0.5413,0.4587
2,3.5,right-hand,0.6886,0.3114
2,3.5,left-hand,0.5153,0.4847
2,3.5,right-hand,0.5093,0.4907
2,3.5,left-hand,0.5274,0.4726
2,3.5,left-hand,0.4933,0.5067
2,3.5,left-hand,0.4435,0.5565
2,3.5,right-hand,0.431,0.569
2,3.5,left-hand,0.5382,0.4618
2,3.5,right-hand,0.4739,0.5261
2,3.5,right-hand,0.5615,0.4385
2,3.5,left-hand,0.5366,0.4634
2,3.5,right-hand,0.5032,0.4968
2,3.5,left-hand,0.4856,0.5144
2,3.5,right-hand,0.4677,0.5323
2,3.5,left-hand,0.4891,0.5109
2,3.5,right-hand,0.4962,0.5038
2,3.5,left-hand,0.4418,0.5582
2,3.5,right-hand,0.5351,0.4649
2,3.5,right-hand,0.4706,0.5294
2,3.5,left-hand,0.5217,0.4783
2,3.5,right-hand,0.5132,0.4868
2,3.5,right-hand,0.5395,0.4605
2,3.5,right-hand,0.5047,0.4953
2,3.5,right-hand,0.4864,0.5136
2,3.5,left-hand,0.4961,0.5039
2,3.5,right-hand,0.7398,0.2602
2,3.5,left-hand,0.5618,0.4382
2,3.5,left-hand,0.4658,0.5342
2,3.5,right-hand,0.5423,0.4577
2,3.5,left-hand,0.5941,0.4059
2,3.5,left-hand,0.5162,0.4838
2,3.5,right-hand,0.5544,0.4456
2,3.5,left-hand,0.5503,0.4497
2,3.5,right-hand,0.5212,0.4788
2,3.5,right-hand,0.5336,0.4664
2,3.5,right-hand,0.5609,0.4391
2,3.5,right-hand,0.5022,0.4978
2,3.5,left-hand,0.5564,0.4436
2,3.5,left-hand,0.5459,0.4541
2,3.5,left-hand,0.5431,0.4569
2,3.5,right-hand,0.5652,0.4348
2,3.5,right-hand,0.5849,0.4151
2,3.5,left-hand,0.4377,0.5623
2,3.5,right-hand,0.504,0.496
2,3.5,right-hand,0.4764,0.5236
2,3.5,left-hand,0.4812,0.5188
2,3.5,right-hand,0.5304,0.4696
2,3.5,right-hand,0.5611,0.4389
2,3.5,left-hand,0.4706,0.5294
2,3.5,right-hand,0.4817,0.5183
2,3.5,right-hand,0.4198,0.5802
2,3.5,right-hand,0.5137,0.4863
2,3.5,left-hand,0.4971,0.5029
2,3.5,right-hand,0.4696,0.5304
2,3.5,left-hand,0.5055,0.4945
2,3.5,right-hand,0.4994,0.5006
2,3.5,left-hand,0.4742,0.5258
2,3.5,right-hand,0.4863,0.5137
2,3.5,left-hand,0.5434,0.4566
2,3.5,left-hand,0.5236,0.4764
2,3.5,right-hand,0.5704,0.4296
2,3.5,left-hand,0.5289,0.4711
2,3.5,right-hand,0.469,0.531
2,3.5,left-hand,0.4597,0.5403
2,3.5,right-hand,0.5409,0.4591
2,3.5,right-hand,0.5096,0.4904
2,3.5,left-hand,0.4634,0.5366
2,3.5,right-hand,0.4638,0.5362
2,3.5,right-hand,0.5561,0.4439
2,3.5,left-hand,0.464,0.536
2,3.5,left-hand,0.5192,0.4808
2,3.5,right-hand,0.4552,0.5448
2,3.5,right-hand,0.5442,0.4558
2,3.5,left-hand,0.5352,0.4648
2,3.5,left-hand,0.4694,0.5306
2,3.5,right-hand,0.4558,0.5442
2,3.5,right-hand,0.4099,0.5901
2,3.5,right-hand,0.4885,0.5115
2,3.5,left-hand,0.4638,0.5362
2,3.5,left-hand,0.4747,0.5253
2,3.5,left-hand,0.4929,0.5071
2,3.5,right-hand,0.4714,0.5286
2,3.5,left-hand,0.4291,0.5709
2,3.5,left-hand,0.47,0.53
2,3.5,left-hand,0.4975,0.5025
2,3.5,right-hand,0.5113,0.4887
2,3.5,left-hand,0.5116,0.4884
2,3.5,right-hand,0.4047,0.5953
2,3.5,left-hand,0.4588,0.5412
2,3.5,left-hand,0.4852,0.5148
2,3.5,right-hand,0.5295,0.4705
2,3.5,left-hand,0.4593,0.5407
2,3.5,right-hand,0.5189,0.4811
2,3.5,right-hand,0.5154,0.4846
2,3.5,right-hand,0.4655,0.5345
2,3.5,right-hand,0.5232,0.4768
2,3.5,left-hand,0.4743,0.5257
2,3.5,left-hand,0.5401,0.4599
2,3.5,right-hand,0.4645,0.5355
2,3.5,right-hand,0.4297,0.5703
2,3.5,left-hand,0.508,0.492
2,3.5,right-hand,0.6866,0.3134
2,3.5,right-hand,0.5395,0.4605
2,3.5,right-hand,0.4437,0.5563
2,3.5,left-hand,0.469,0.531
2,3.5,left-hand,0.4941,0.5059
2,3.5,left-hand,0.5406,0.4594
2,3.5,left-hand,0.5529,0.4471
2,3.5,left-hand,0.512,0.488
2,3.5,left-hand,0.4797,0.5203
2,3.5,left-hand,0.4995,0.5005
2,3.5,right-hand,0.5295,0.4705
2,3.5,right-hand,0.5483,0.4517
2,3.5,left-hand,0.491,0.509
2,3.5,right-hand,0.4735,0.5265
2,3.5,left-hand,0.5163,0.4837
2,3.5,left-hand,0.5012,0.4988
2,3.5,left-hand,0.3415,0.6585
2,3.5,right-hand,0.4224,0.5776
2,3.5,left-hand,0.5505,0.4495
2,3.5,left-hand,0.5015,0.4985
2,3.5,left-hand,0.5317,0.4683
2,3.5,left-hand,0.5761,0.4239
2,3.5,right-hand,0.5418,0.4582
2,3.5,left-hand,0.5165,0.4835
2,3.5,left-hand,0.4953,0.5047
2,3.5,left-hand,0.5165,0.4835
2,3.5,left-hand,0.4651,0.5349
2,3.5,right-hand,0.4741,0.5259
2,3.5,right-hand,0.5198,0.4802
2,3.5,right-hand,0.4871,0.5129
2,3.5,right-hand,0.4764,0.5236
2,3.5,left-hand,0.4554,0.5446
2,3.5,left-hand,0.5243,0.4757
2,3.5,left-hand,0.5361,0.4639
2,3.5,right-hand,0.524,0.476
2,3.5,right-hand,0.4303,0.5697
3,3.5,left-hand,0.5075,0.4925
3,3.5,left-hand,0.4833,0.5167
3,3.5,right-hand,0.4692,0.5308
3,3.5,right-hand,0.5047,0.4953
3,3.5,left-hand,0.5222,0.4778
3,3.5,left-hand,0.5224,0.4776
3,3.5,left-hand,0.5078,0.4922
3,3.5,right-hand,0.4835,0.5165
3,3.5,left-hand,0.4911,0.5089
3,3.5,left-hand,0.4786,0.5214
3,3.5,right-hand,0.4827,0.5173
3,3.5,left-hand,0.4946,0.5054
3,3.5,left-hand,0.4739,0.5261
3,3.5,right-hand,0.5072,0.4928
3,3.5,right-hand,0.4715,0.5285
3,3.5,left-hand,0.5106,0.4894
3,3.5,left-hand,0.5151,0.4849
3,3.5,left-hand,0.4888,0.5112
3,3.5,left-hand,0.4795,0.5205
3,3.5,right-hand,0.4791,0.5209
3,3.5,right-hand,0.5081,0.4919
3,3.5,left-hand,0.5314,0.4686
3,3.5,left-hand,0.5045,0.4955
3,3.5,left-hand,0.4905,0.5095
3,3.5,right-hand,0.4916,0.5084
3,3.5,right-hand,0.4945,0.5055
3,3.5,right-hand,0.5177,0.4823
3,3.5,right-hand,0.5144,0.4856
3,3.5,left-hand,0.5423,0.4577
3,3.5,right-hand,0.532,0.468
3,3.5,right-hand,0.5163,0.4837
3,3.5,right-hand,0.4942,0.5058
3,3.5,right-hand,0.5128,0.4872
3,3.5,left-hand,0.5,0.5
3,3.5,left-hand,0.5177,0.4823
3,3.5,right-hand,0.5085,0.4915
3,3.5,left-hand,0.5237,0.4763
3,3.5,right-hand,0.5256,0.4744
3,3.5,right-hand,0.5148,0.4852
3,3.5,right-hand,0.5057,0.4943
3,3.5,left-hand,0.5164,0.4836
3,3.5,left-hand,0.5445,0.4555
3,3.5,right-hand,0.5246,0.4754
3,3.5,right-hand,0.5138,0.4862
3,3.5,right-hand,0.4976,0.5024
3,3.5,left-hand,0.5,0.5
3,3.5,right-hand,0.5215,0.4785
3,3.5,left-hand,0.5249,0.4751
3,3.5,left-hand,0.4828,0.5172
3,3.5,right-hand,0.4947,0.5053
3,3.5,left-hand,0.5025,0.4975
3,3.5,left-hand,0.5018,0.4982
3,3.5,left-hand,0.4892,0.5108
3,3.5,left-hand,0.51,0.49
3,3.5,right-hand,0.5077,0.4923
3,3.5,right-hand,0.5004,0.4996
3,3.5,left-hand,0.4808,0.5192
3,3.5,right-hand,0.4981,0.5019
3,3.5,right-hand,0.4984,0.5016
3,3.5,right-hand,0.4901,0.5099
3,3.5,left-hand,0.4581,0.5419
3,3.5,left-hand,0.491,0.509
3,3.5,left-hand,0.4942,0.5058
3,3.5,right-hand,0.4931,0.5069
3,3.5,left-hand,0.4817,0.5183
3,3.5,left-hand,0.4915,0.5085
3,3.5,right-hand,0.4853,0.5147
3,3.5,right-hand,0.4983,0.5017
3,3.5,left-hand,0.5013,0.4987
3,3.5,right-hand,0.4902,0.5098
3,3.5,right-hand,0.5094,0.4906
3,3.5,right-hand,0.5103,0.4897
3,3.5,right-hand,0.4907,0.5093
3,3.5,right-hand,0.5039,0.4961
3,3.5,left-hand,0.4917,0.5083
3,3.5,left-hand,0.5198,0.4802
3,3.5,right-hand,0.5104,0.4896
3,3.5,left-hand,0.4927,0.5073
3,3.5,right-hand,0.482,0.518
3,3.5,left-hand,0.4756,0.5244
3,3.5,right-hand,0.4748,0.5252
3,3.5,left-hand,0.491,0.509
3,3.5,left-hand,0.4952,0.5048
3,3.5,left-hand,0.4955,0.5045
3,3.5,left-hand,0.5121,0.4879
3,3.5,left-hand,0.479,0.521
3,3.5,right-hand,0.4853,0.5147
3,3.5,left-hand,0.4964,0.5036
3,3.5,left-hand,0.4991,0.5009
3,3.5,right-hand,0.4943,0.5057
3,3.5,right-hand,0.4811,0.5189
3,3.5,right-hand,0.4822,0.5178
3,3.5,right-hand,0.4998,0.5002
3,3.5,right-hand,0.4931,0.5069
3,3.5,left-hand,0.4987,0.5013
3,3.5,right-hand,0.4949,0.5051
3,3.5,right-hand,0.4862,0.5138
3,3.5,left-hand,0.4991,0.5009
3,3.5,left-hand,0.4991,0.5009
3,3.5,left-hand,0.4912,0.5088
3,3.5,left-hand,0.5152,0.4848
3,3.5,left-hand,0.4783,0.5217
3,3.5,left-hand,0.5008,0.4992
3,3.5,left-hand,0.4982,0.5018
3,3.5,right-hand,0.4805,0.5195
3,3.5,right-hand,0.4913,0.5087
3,3.5,right-hand,0.4814,0.5186
3,3.5,right-hand,0.4939,0.5061
3,3.5,left-hand,0.4885,0.5115
3,3.5,right-hand,0.4796,0.5204
3,3.5,right-hand,0.4987,0.5013
3,3.5,left-hand,0.5066,0.4934
3,3.5,left-hand,0.5152,0.4848
3,3.5,left-hand,0.5092,0.4908
3,3.5,right-hand,0.49,0.51
3,3.5,left-hand,0.4951,0.5049
3,3.5,right-hand,0.5068,0.4932
3,3.5,right-hand,0.5019,0.4981
3,3.5,right-hand,0.5147,0.4853
3,3.5,right-hand,0.4961,0.5039
3,3.5,right-hand,0.5036,0.4964
3,3.5,left-hand,0.524,0.476
3,3.5,left-hand,0.4924,0.5076
3,3.5,left-hand,0.4829,0.5171
3,3.5,right-hand,0.5058,0.4942
3,3.5,left-hand,0.4908,0.5092
3,3.5,right-hand,0.5094,0.4906
3,3.5,right-hand,0.5237,0.4763
3,3.5,right-hand,0.5009,0.4991
3,3.5,right-hand,0.4827,0.5173
3,3.5,left-hand,0.5033,0.4967
3,3.5,right-hand,0.4871,0.5129
3,3.5,left-hand,0.49,0.51
3,3.5,left-hand,0.4889,0.5111
3,3.5,right-hand,0.5113,0.4887
3,3.5,right-hand,0.5098,0.4902
3,3.5,right-hand,0.4815,0.5185
3,3.5,left-hand,0.495,0.505
3,3.5,right-hand,0.475,0.525
3,3.5,left-hand,0.4874,0.5126
3,3.5,left-hand,0.5082,0.4918
3,3.5,left-hand,0.5069,0.4931
3,3.5,right-hand,0.5124,0.4876
3,3.5,left-hand,0.4929,0.5071
4,3.5,right-hand,0.4978,0.5022
4,3.5,left-hand,0.4948,0.5052
4,3.5,right-hand,0.504,0.496
4,3.5,left-hand,0.4824,0.5176
4,3.5,left-hand,0.4826,0.5174
4,3.5,right-hand,0.4946,0.5054
4,3.5,right-hand,0.5092,0.4908
4,3.5,left-hand,0.5057,0.4943
4,3.5,right-hand,0.5237,0.4763
4,3.5,right-hand,0.4998,0.5002
4,3.5,right-hand,0.4795,0.5205
4,3.5,left-hand,0.5157,0.4843
4,3.5,left-hand,0.5234,0.4766
4,3.5,right-hand,0.526,0.474
4,3.5,left-hand,0.4942,0.5058
4,3.5,left-hand,0.5082,0.4918
4,3.5,right-hand,0.5069,0.4931
4,3.5,right-hand,0.4922,0.5078
4,3.5,right-hand,0.4842,0.5158
4,3.5,left-hand,0.5045,0.4955
4,3.5,right-hand,0.5015,0.4985
4,3.5,left-hand,0.51,0.49
4,3.5,left-hand,0.4851,0.5149
4,3.5,left-hand,0.4734,0.5266
4,3.5,right-hand,0.4898,0.5102
4,3.5,left-hand,0.475,0.525
4,3.5,left-hand,0.5007,0.4993
4,3.5,left-hand,0.5053,0.4947
4,3.5,left-hand,0.5006,0.4994
4,3.5,left-hand,0.5088,0.4912
4,3.5,left-hand,0.484,0.516
4,3.5,right-hand,0.4963,0.5037
4,3.5,right-hand,0.4957,0.5043
4,3.5,right-hand,0.5095,0.4905
4,3.5,left-hand,0.4934,0.5066
4,3.5,left-hand,0.4869,0.5131
4,3.5,right-hand,0.5017,0.4983
4,3.5,right-hand,0.4867,0.5133
4,3.5,left-hand,0.4785,0.5215
4,3.5,right-hand,0.5053,0.4947
4,3.5,left-hand,0.517,0.483
4,3.5,right-hand,0.5356,0.4644
4,3.5,left-hand,0.5022,0.4978
4,3.5,left-hand,0.4691,0.5309
4,3.5,left-hand,0.4789,0.5211
4,3.5,right-hand,0.4779,0.5221
4,3.5,right-hand,0.4929,0.5071
4,3.5,left-hand,0.5527,0.4473
4,3.5,right-hand,0.4891,0.5109
4,3.5,right-hand,0.4839,0.5161
4,3.5,right-hand,0.4921,0.5079
4,3.5,left-hand,0.4825,0.5175
4,3.5,left-hand,0.4815,0.5185
4,3.5,right-hand,0.4901,0.5099
4,3.5,left-hand,0.4866,0.5134
4,3.5,right-hand,0.5217,0.4783
4,3.5,right-hand,0.4935,0.5065
4,3.5,right-hand,0.4716,0.5284
4,3.5,left-hand,0.4866,0.5134
4,3.5,right-hand,0.5161,0.4839
4,3.5,left-hand,0.5008,0.4992
4,3.5,left-hand,0.4927,0.5073
4,3.5,left-hand,0.4922,0.5078
4,3.5,right-hand,0.4816,0.5184
4,3.5,left-hand,0.4932,0.5068
4,3.5,right-hand,0.4943,0.5057
4,3.5,right-hand,0.5024,0.4976
4,3.5,left-hand,0.5149,0.4851
4,3.5,left-hand,0.4789,0.5211
4,3.5,left-hand,0.4662,0.5338
4,3.5,right-hand,0.4811,0.5189
4,3.5,left-hand,0.496,0.504
4,3.5,left-hand,0.4753,0.5247
4,3.5,right-hand,0.4791,0.5209
4,3.5,right-hand,0.5129,0.4871
4,3.5,right-hand,0.4766,0.5234
4,3.5,left-hand,0.5404,0.4596
4,3.5,right-hand,0.5,0.5
4,3.5,right-hand,0.6882,0.3118
4,3.5,right-hand,0.5259,0.4741
4,3.5,left-hand,0.5047,0.4953
4,3.5,right-hand,0.4928,0.5072
4,3.5,left-hand,0.4953,0.5047
4,3.5,right-hand,0.4945,0.5055
4,3.5,right-hand,0.4978,0.5022
4,3.5,left-hand,0.5014,0.4986
4,3.5,right-hand,0.5149,0.4851
4,3.5,left-hand,0.4896,0.5104
4,3.5,right-hand,0.4916,0.5084
4,3.5,right-hand,0.5192,0.4808
4,3.5,left-hand,0.4863,0.5137
4,3.5,left-hand,0.4848,0.5152
4,3.5,right-hand,0.4865,0.5135
4,3.5,right-hand,0.4976,0.5024
4,3.5,left-hand,0.4891,0.5109
4,3.5,right-hand,0.5072,0.4928
4,3.5,left-hand,0.4882,0.5118
4,3.5,right-hand,0.4992,0.5008
4,3.5,right-hand,0.4865,0.5135
4,3.5,left-hand,0.5048,0.4952
4,3.5,left-hand,0.5143,0.4857
4,3.5,right-hand,0.4842,0.5158
4,3.5,left-hand,0.5054,0.4946
4,3.5,left-hand,0.4929,0.5071
4,3.5,left-hand,0.4863,0.5137
4,3.5,left-hand,0.5008,0.4992
4,3.5,left-hand,0.4959,0.5041
4,3.5,left-hand,0.4883,0.5117
4,3.5,right-hand,0.4909,0.5091
4,3.5,right-hand,0.526,0.474
4,3.5,left-hand,0.5147,0.4853
4,3.5,right-hand,0.5029,0.4971
4,3.5,left-hand,0.4763,0.5237
4,3.5,left-hand,0.4756,0.5244
4,3.5,right-hand,0.5099,0.4901
4,3.5,right-hand,0.5035,0.4965
4,3.5,right-hand,0.5149,0.4851
4,3.5,left-hand,0.4946,0.5054
4,3.5,left-hand,0.5058,0.4942
4,3.5,left-hand,0.4971,0.5029
4,3.5,left-hand,0.4975,0.5025
4,3.5,right-hand,0.5183,0.4817
4,3.5,right-hand,0.4863,0.5137
4,3.5,right-hand,0.5213,0.4787
4,3.5,right-hand,0.5134,0.4866
4,3.5,left-hand,0.4954,0.5046
4,3.5,right-hand,0.4813,0.5187
4,3.5,right-hand,0.5151,0.4849
4,3.5,left-hand,0.5164,0.4836
4,3.5,right-hand,0.4985,0.5015
4,3.5,left-hand,0.4912,0.5088
4,3.5,left-hand,0.5272,0.4728
4,3.5,right-hand,0.5192,0.4808
4,3.5,left-hand,0.5008,0.4992
4,3.5,left-hand,0.4902,0.5098
4,3.5,right-hand,0.4996,0.5004
4,3.5,left-hand,0.4991,0.5009
4,3.5,right-hand,0.5277,0.4723
4,3.5,right-hand,0.4934,0.5066
4,3.5,right-hand,0.4986,0.5014
4,3.5,right-hand,0.4974,0.5026
4,3.5,left-hand,0.4723,0.5277
4,3.5,left-hand,0.4999,0.5001
4,3.5,right-hand,0.5004,0.4996
5,3.5,right-hand,0.5356,0.4644
5,3.5,left-hand,0.4574,0.5426
5,3.5,left-hand,0.5061,0.4939
5,3.5,right-hand,0.4604,0.5396
5,3.5,right-hand,0.5463,0.4537
5,3.5,right-hand,0.5362,0.4638
5,3.5,left-hand,0.4907,0.5093
5,3.5,left-hand,0.448,0.552
5,3.5,right-hand,0.5298,0.4702
5,3.5,left-hand,0.484,0.516
5,3.5,right-hand,0.5141,0.4859
5,3.5,right-hand,0.5233,0.4767
5,3.5,right-hand,0.5214,0.4786
5,3.5,left-hand,0.4891,0.5109
5,3.5,left-hand,0.4919,0.5081
5,3.5,right-hand,0.477,0.523
5,3.5,right-hand,0.4685,0.5315
5,3.5,right-hand,0.5267,0.4733
5,3.5,left-hand,0.4595,0.5405
5,3.5,left-hand,0.4882,0.5118
5,3.5,right-hand,0.3777,0.6223
5,3.5,left-hand,0.5083,0.4917
5,3.5,left-hand,0.4979,0.5021
5,3.5,left-hand,0.4898,0.5102
5,3.5,right-hand,0.4672,0.5328
5,3.5,left-hand,0.4559,0.5441
5,3.5,left-hand,0.5418,0.4582
5,3.5,left-hand,0.5102,0.4898
5,3.5,right-hand,0.4879,0.5121
5,3.5,right-hand,0.4843,0.5157
5,3.5,right-hand,0.5424,0.4576
5,3.5,right-hand,0.4909,0.5091
5,3.5,right-hand,0.5518,0.4482
5,3.5,left-hand,0.5317,0.4683
5,3.5,left-hand,0.4796,0.5204
5,3.5,left-hand,0.4868,0.5132
5,3.5,right-hand,0.5229,0.4771
5,3.5,right-hand,0.4788,0.5212
5,3.5,left-hand,0.4768,0.5232
5,3.5,right-hand,0.4863,0.5137
5,3.5,left-hand,0.4918,0.5082
5,3.5,right-hand,0.5137,0.4863
5,3.5,right-hand,0.5056,0.4944
5,3.5,left-hand,0.5204,0.4796
5,3.5,left-hand,0.4868,0.5132
5,3.5,left-hand,0.5167,0.4833
5,3.5,left-hand,0.4887,0.5113
5,3.5,left-hand,0.4739,0.5261
5,3.5,right-hand,0.5328,0.4672
5,3.5,left-hand,0.502,0.498
5,3.5,left-hand,0.4961,0.5039
5,3.5,right-hand,0.5231,0.4769
5,3.5,right-hand,0.4948,0.5052
5,3.5,left-hand,0.5044,0.4956
5,3.5,right-hand,0.4914,0.5086
5,3.5,right-hand,0.5621,0.4379
5,3.5,left-hand,0.5066,0.4934
5,3.5,left-hand,0.5474,0.4526
5,3.5,left-hand,0.4833,0.5167
5,3.5,left-hand,0.4838,0.5162
5,3.5,left-hand,0.5261,0.4739
5,3.5,left-hand,0.5107,0.4893
5,3.5,left-hand,0.5017,0.4983
5,3.5,right-hand,0.51,0.49
5,3.5,right-hand,0.4673,0.5327
5,3.5,left-hand,0.5168,0.4832
5,3.5,right-hand,0.4746,0.5254
5,3.5,right-hand,0.4944,0.5056
5,3.5,right-hand,0.4983,0.5017
5,3.5,left-hand,0.5045,0.4955
5,3.5,right-hand,0.5113,0.4887
5,3.5,left-hand,0.5412,0.4588
5,3.5,right-hand,0.5072,0.4928
5,3.5,right-hand,0.5083,0.4917
5,3.5,right-hand,0.5349,0.4651
5,3.5,right-hand,0.4802,0.5198
5,3.5,left-hand,0.4813,0.5187
5,3.5,left-hand,0.4666,0.5334
5,3.5,left-hand,0.5058,0.4942
5,3.5,left-hand,0.4648,0.5352
5,3.5,left-hand,0.5236,0.4764
5,3.5,right-hand,0.4901,0.5099
5,3.5,left-hand,0.4663,0.5337
5,3.5,right-hand,0.4671,0.5329
5,3.5,left-hand,0.4978,0.5022
5,3.5,right-hand,0.511,0.489
5,3.5,right-hand,0.5362,0.4638
5,3.5,left-hand,0.4798,0.5202
5,3.5,right-hand,0.4719,0.5281
5,3.5,right-hand,0.472,0.528
5,3.5,left-hand,0.5121,0.4879
5,3.5,right-hand,0.5128,0.4872
5,3.5,right-hand,0.504,0.496
5,3.5,left-hand,0.4919,0.5081
5,3.5,left-hand,0.4703,0.5297
5,3.5,left-hand,0.4751,0.5249
5,3.5,right-hand,0.4702,0.5298
5,3.5,right-hand,0.4848,0.5152
5,3.5,right-hand,0.4902,0.5098
5,3.5,right-hand,0.4863,0.5137
5,3.5,right-hand,0.4777,0.5223
5,3.5,left-hand,0.4755,0.5245
5,3.5,right-hand,0.4541,0.5459
5,3.5,left-hand,0.4886,0.5114
5,3.5,left-hand,0.5052,0.4948
5,3.5,left-hand,0.5083,0.4917
5,3.5,left-hand,0.474,0.526
5,3.5,left-hand,0.4743,0.5257
5,3.5,right-hand,0.4931,0.5069
5,3.5,right-hand,0.4616,0.5384
5,3.5,left-hand,0.4709,0.5291
5,3.5,left-hand,0.5008,0.4992
5,3.5,left-hand,0.5172,0.4828
5,3.5,right-hand,0.5059,0.4941
5,3.5,right-hand,0.5162,0.4838
5,3.5,right-hand,0.5186,0.4814
5,3.5,right-hand,0.5299,0.4701
5,3.5,right-hand,0.4983,0.5017
5,3.5,right-hand,0.49,0.51
5,3.5,left-hand,0.5072,0.4928
5,3.5,left-hand,0.5604,0.4396
5,3.5,left-hand,0.491,0.509
5,3.5,right-hand,0.5153,0.4847
5,3.5,left-hand,0.494,0.506
5,3.5,right-hand,0.4944,0.5056
5,3.5,left-hand,0.4717,0.5283
5,3.5,right-hand,0.4829,0.5171
5,3.5,right-hand,0.4521,0.5479
5,3.5,left-hand,0.512,0.488
5,3.5,right-hand,0.4887,0.5113
5,3.5,left-hand,0.5015,0.4985
5,3.5,right-hand,0.5277,0.4723
5,3.5,right-hand,0.451,0.549
5,3.5,left-hand,0.4926,0.5074
5,3.5,left-hand,0.5189,0.4811
5,3.5,left-hand,0.4752,0.5248
5,3.5,right-hand,0.4923,0.5077
5,3.5,right-hand,0.4823,0.5177
5,3.5,right-hand,0.4513,0.5487
5,3.5,left-hand,0.5045,0.4955
5,3.5,right-hand,0.4479,0.5521
5,3.5,left-hand,0.4904,0.5096
5,3.5,left-hand,0.5035,0.4965
5,3.5,right-hand,0.5167,0.4833
