fold,tmin,true_label,left-hand,right-hand
1,3.5,right-hand,0.2725,0.7275
1,3.5,right-hand,0.6473,0.3527
1,3.5,left-hand,0.1779,0.8221
1,3.5,right-hand,0.2063,0.7937
1,3.5,right-hand,0.0834,0.9166
1,3.5,left-hand,0.4934,0.5066
1,3.5,right-hand,0.4827,0.5173
1,3.5,right-hand,0.5931,0.4069
1,3.5,left-hand,0.1089,0.8911
1,3.5,right-hand,0.5158,0.4842
1,3.5,right-hand,0.4185,0.5815
1,3.5,right-hand,0.8656,0.1344
1,3.5,left-hand,0.2472,0.7528
1,3.5,right-hand,0.5033,0.4967
1,3.5,right-hand,0.6085,0.3915
1,3.5,right-hand,0.6871,0.3129
1,3.5,left-hand,0.3675,0.6325
1,3.5,right-hand,0.3378,0.6622
1,3.5,left-hand,0.2676,0.7324
1,3.5,right-hand,0.6375,0.3625
1,3.5,left-hand,0.6185,0.3815
1,3.5,left-hand,0.4708,0.5292
1,3.5,right-hand,0.3933,0.6067
1,3.5,left-hand,0.4563,0.5437
1,3.5,left-hand,0.4475,0.5525
1,3.5,right-hand,0.3891,0.6109
1,3.5,left-hand,0.5773,0.4227
1,3.5,right-hand,0.4211,0.5789
1,3.5,left-hand,0.1994,0.8006
1,3.5,right-hand,0.537,0.463
1,3.5,right-hand,0.5467,0.4533
1,3.5,right-hand,0.6166,0.3834
1,3.5,left-hand,0.6247,0.3753
1,3.5,right-hand,0.3256,0.6744
1,3.5,left-hand,0.8292,0.1708
1,3.5,left-hand,0.2229,0.7771
1,3.5,left-hand,0.5798,0.4202
1,3.5,left-hand,0.638,0.362
1,3.5,left-hand,0.4873,0.5127
1,3.5,right-hand,0.4396,0.5604
1,3.5,left-hand,0.6771,0.3229
1,3.5,right-hand,0.2561,0.7439
1,3.5,right-hand,0.15,0.85
1,3.5,right-hand,0.4339,0.5661
1,3.5,left-hand,0.7617,0.2383
1,3.5,left-hand,0.8481,0.1519
1,3.5,right-hand,0.5907,0.4093
1,3.5,left-hand,0.6042,0.3958
1,3.5,left-hand,0.8551,0.1449
1,3.5,right-hand,0.2578,0.7422
1,3.5,left-hand,0.3492,0.6508
1,3.5,left-hand,0.5452,0.4548
1,3.5,left-hand,0.3617,0.6383
1,3.5,right-hand,0.429,0.571
1,3.5,left-hand,0.596,0.404
1,3.5,left-hand,0.3705,0.6295
1,3.5,right-hand,0.4104,0.5896
1,3.5,left-hand,0.3671,0.6329
1,3.5,right-hand,0.7611,0.2389
1,3.5,left-hand,0.9191,0.0809
1,3.5,left-hand,0.6081,0.3919
1,3.5,right-hand,0.079,0.921
1,3.5,right-hand,0.3556,0.6444
1,3.5,right-hand,0.1061,0.8939
1,3.5,left-hand,0.2559,0.7441
1,3.5,left-hand,0.9564,0.0436
1,3.5,left-hand,0.7106,0.2894
1,3.5,right-hand,0.13,0.87
1,3.5,left-hand,0.9008,0.0992
1,3.5,left-hand,0.3444,0.6556
1,3.5,left-hand,0.4262,0.5738
1,3.5,right-hand,0.055,0.945
1,3.5,right-hand,0.0207,0.9793
1,3.5,right-hand,0.301,0.699
1,3.5,right-hand,0.4668,0.5332
1,3.5,left-hand,0.8116,0.1884
1,3.5,left-hand,0.678,0.322
1,3.5,left-hand,0.8467,0.1533
1,3.5,left-hand,0.8712,0.1288
1,3.5,right-hand,0.0424,0.9576
1,3.5,right-hand,0.0308,0.9692
1,3.5,left-hand,0.8194,0.1806
1,3.5,left-hand,0.8564,0.1436
1,3.5,left-hand,0.9787,0.0213
1,3.5,left-hand,0.876,0.124
1,3.5,left-hand,0.0619,0.9381
1,3.5,right-hand,0.0278,0.9722
1,3.5,left-hand,0.8152,0.1848
1,3.5,left-hand,0.2224,0.7776
1,3.5,right-hand,0.0548,0.9452
1,3.5,left-hand,0.849,0.151
1,3.5,left-hand,0.9614,0.0386
1,3.5,right-hand,0.1353,0.8647
1,3.5,right-hand,0.1697,0.8303
1,3.5,left-hand,0.952,0.048
1,3.5,right-hand,0.2911,0.7089
1,3.5,right-hand,0.6995,0.3005
1,3.5,left-hand,0.471,0.529
1,3.5,right-hand,0.1733,0.8267
1,3.5,right-hand,0.1842,0.8158
1,3.5,right-hand,0.0511,0.9489
1,3.5,right-hand,0.1143,0.8857
1,3.5,left-hand,0.8387,0.1613
1,3.5,right-hand,0.2052,0.7948
1,3.5,left-hand,0.8505,0.1495
1,3.5,right-hand,0.8154,0.1846
1,3.5,left-hand,0.9841,0.0159
1,3.5,right-hand,0.3458,0.6542
1,3.5,left-hand,0.6564,0.3436
1,3.5,left-hand,0.9727,0.0273
1,3.5,left-hand,0.5778,0.4222
1,3.5,left-hand,0.4614,0.5386
1,3.5,right-hand,0.1563,0.8437
1,3.5,right-hand,0.0368,0.9632
1,3.5,right-hand,0.1837,0.8163
1,3.5,left-hand,0.945,0.055
1,3.5,left-hand,0.771,0.229
1,3.5,right-hand,0.3916,0.6084
1,3.5,left-hand,0.3256,0.6744
1,3.5,left-hand,0.6462,0.3538
1,3.5,right-hand,0.0416,0.9584
1,3.5,right-hand,0.0397,0.9603
1,3.5,right-hand,0.3498,0.6502
1,3.5,right-hand,0.0362,0.9638
1,3.5,left-hand,0.8143,0.1857
1,3.5,right-hand,0.0984,0.9016
1,3.5,left-hand,0.8658,0.1342
1,3.5,left-hand,0.9019,0.0981
1,3.5,right-hand,0.0788,0.9212
1,3.5,left-hand,0.9685,0.0315
1,3.5,right-hand,0.1438,0.8562
1,3.5,right-hand,0.2578,0.7422
1,3.5,right-hand,0.3361,0.6639
1,3.5,left-hand,0.9031,0.0969
1,3.5,right-hand,0.5533,0.4467
1,3.5,right-hand,0.4811,0.5189
1,3.5,right-hand,0.3906,0.6094
1,3.5,right-hand,0.142,0.858
1,3.5,right-hand,0.2151,0.7849
1,3.5,left-hand,0.7379,0.2621
1,3.5,right-hand,0.3597,0.6403
1,3.5,right-hand,0.3086,0.6914
1,3.5,left-hand,0.6373,0.3627
1,3.5,right-hand,0.1737,0.8263
1,3.5,left-hand,0.9049,0.0951
1,3.5,left-hand,0.9876,0.0124
1,3.5,left-hand,0.7437,0.2563
1,3.5,left-hand,0.784,0.216
1,3.5,left-hand,0.7966,0.2034
1,3.5,left-hand,0.9671,0.0329
1,3.5,right-hand,0.1651,0.8349
1,3.5,right-hand,0.4019,0.5981
2,3.5,left-hand,0.461,0.539
2,3.5,left-hand,0.4507,0.5493
2,3.5,left-hand,0.5875,0.4125
2,3.5,right-hand,0.4384,0.5616
2,3.5,right-hand,0.3677,0.6323
2,3.5,left-hand,0.9611,0.0389
2,3.5,left-hand,0.8459,0.1541
2,3.5,right-hand,0.6046,0.3954
2,3.5,left-hand,0.6598,0.3402
2,3.5,right-hand,0.5682,0.4318
2,3.5,right-hand,0.6236,0.3764
2,3.5,right-hand,0.1872,0.8128
2,3.5,right-hand,0.2506,0.7494
2,3.5,left-hand,0.8201,0.1799
2,3.5,right-hand,0.0929,0.9071
2,3.5,left-hand,0.6867,0.3133
2,3.5,left-hand,0.674,0.326
2,3.5,right-hand,0.4823,0.5177
2,3.5,left-hand,0.6483,0.3517
2,3.5,left-hand,0.4458,0.5542
2,3.5,left-hand,0.4805,0.5195
2,3.5,right-hand,0.5362,0.4638
2,3.5,left-hand,0.3104,0.6896
2,3.5,left-hand,0.3639,0.6361
2,3.5,left-hand,0.6228,0.3772
2,3.5,right-hand,0.3295,0.6705
2,3.5,right-hand,0.1097,0.8903
2,3.5,right-hand,0.5205,0.4795
2,3.5,right-hand,0.4713,0.5287
2,3.5,right-hand,0.3397,0.6603
2,3.5,right-hand,0.1496,0.8504
2,3.5,right-hand,0.23,0.77
2,3.5,right-hand,0.5109,0.4891
2,3.5,left-hand,0.6585,0.3415
2,3.5,right-hand,0.666,0.334
2,3.5,right-hand,0.3199,0.6801
2,3.5,right-hand,0.3101,0.6899
2,3.5,left-hand,0.9521,0.0479
2,3.5,left-hand,0.336,0.664
2,3.5,left-hand,0.6932,0.3068
2,3.5,right-hand,0.6168,0.3832
2,3.5,right-hand,0.1596,0.8404
2,3.5,left-hand,0.8666,0.1334
2,3.5,right-hand,0.7396,0.2604
2,3.5,right-hand,0.1291,0.8709
2,3.5,left-hand,0.5103,0.4897
2,3.5,left-hand,0.7243,0.2757
2,3.5,right-hand,0.5689,0.4311
2,3.5,right-hand,0.0853,0.9147
2,3.5,right-hand,0.7332,0.2668
2,3.5,left-hand,0.8118,0.1882
2,3.5,right-hand,0.6162,0.3838
2,3.5,left-hand,0.0416,0.9584
2,3.5,right-hand,0.0878,0.9122
2,3.5,right-hand,0.703,0.297
2,3.5,left-hand,0.4504,0.5496
2,3.5,left-hand,0.9434,0.0566
2,3.5,left-hand,0.9474,0.0526
2,3.5,right-hand,0.1318,0.8682
2,3.5,right-hand,0.0941,0.9059
2,3.5,right-hand,0.7945,0.2055
2,3.5,right-hand,0.0866,0.9134
2,3.5,right-hand,0.0529,0.9471
2,3.5,left-hand,0.7871,0.2129
2,3.5,right-hand,0.2007,0.7993
2,3.5,left-hand,0.3836,0.6164
2,3.5,right-hand,0.089,0.911
2,3.5,right-hand,0.2648,0.7352
2,3.5,right-hand,0.1336,0.8664
2,3.5,left-hand,0.7936,0.2064
2,3.5,right-hand,0.1061,0.8939
2,3.5,right-hand,0.8958,0.1042
2,3.5,left-hand,0.8911,0.1089
2,3.5,left-hand,0.8052,0.1948
2,3.5,right-hand,0.0294,0.9706
2,3.5,left-hand,0.8936,0.1064
2,3.5,left-hand,0.9066,0.0934
2,3.5,right-hand,0.5757,0.4243
2,3.5,left-hand,0.7629,0.2371
2,3.5,left-hand,0.8832,0.1168
2,3.5,left-hand,0.5378,0.4622
2,3.5,right-hand,0.1066,0.8934
2,3.5,right-hand,0.0395,0.9605
2,3.5,left-hand,0.1166,0.8834
2,3.5,right-hand,0.0814,0.9186
2,3.5,left-hand,0.563,0.437
2,3.5,left-hand,0.8982,0.1018
2,3.5,left-hand,0.8751,0.1249
2,3.5,right-hand,0.1097,0.8903
2,3.5,right-hand,0.0809,0.9191
2,3.5,left-hand,0.6695,0.3305
2,3.5,right-hand,0.7495,0.2505
2,3.5,right-hand,0.0522,0.9478
2,3.5,left-hand,0.8633,0.1367
2,3.5,right-hand,0.1807,0.8193
2,3.5,left-hand,0.9596,0.0404
2,3.5,right-hand,0.0947,0.9053
2,3.5,left-hand,0.5417,0.4583
2,3.5,right-hand,0.037,0.963
2,3.5,right-hand,0.0338,0.9662
2,3.5,left-hand,0.8172,0.1828
2,3.5,left-hand,0.8675,0.1325
2,3.5,left-hand,0.4874,0.5126
2,3.5,right-hand,0.1116,0.8884
2,3.5,right-hand,0.107,0.893
2,3.5,left-hand,0.6039,0.3961
2,3.5,right-hand,0.0828,0.9172
2,3.5,left-hand,0.8819,0.1181
2,3.5,left-hand,0.5614,0.4386
2,3.5,left-hand,0.6054,0.3946
2,3.5,right-hand,0.0412,0.9588
2,3.5,right-hand,0.3209,0.6791
2,3.5,left-hand,0.3377,0.6623
2,3.5,right-hand,0.2519,0.7481
2,3.5,right-hand,0.7141,0.2859
2,3.5,right-hand,0.0315,0.9685
2,3.5,left-hand,0.3965,0.6035
2,3.5,left-hand,0.9845,0.0155
2,3.5,left-hand,0.9647,0.0353
2,3.5,left-hand,0.9865,0.0135
2,3.5,right-hand,0.1708,0.8292
2,3.5,left-hand,0.9324,0.0676
2,3.5,left-hand,0.8548,0.1452
2,3.5,left-hand,0.9378,0.0622
2,3.5,right-hand,0.3776,0.6224
2,3.5,left-hand,0.8557,0.1443
2,3.5,right-hand,0.1776,0.8224
2,3.5,left-hand,0.9652,0.0348
2,3.5,left-hand,0.7666,0.2334
2,3.5,left-hand,0.8698,0.1302
2,3.5,right-hand,0.1472,0.8528
2,3.5,left-hand,0.8888,0.1112
2,3.5,right-hand,0.2527,0.7473
2,3.5,left-hand,0.9894,0.0106
2,3.5,left-hand,0.8576,0.1424
2,3.5,left-hand,0.9298,0.0702
2,3.5,left-hand,0.5129,0.4871
2,3.5,left-hand,0.8247,0.1753
2,3.5,left-hand,0.7659,0.2341
2,3.5,left-hand,0.9282,0.0718
2,3.5,left-hand,0.9761,0.0239
2,3.5,right-hand,0.13,0.87
2,3.5,right-hand,0.1806,0.8194
2,3.5,right-hand,0.0404,0.9596
2,3.5,right-hand,0.3782,0.6218
2,3.5,right-hand,0.7214,0.2786
2,3.5,left-hand,0.7087,0.2913
2,3.5,left-hand,0.9616,0.0384
2,3.5,right-hand,0.079,0.921
2,3.5,right-hand,0.4755,0.5245
2,3.5,right-hand,0.2143,0.7857
2,3.5,left-hand,0.8431,0.1569
3,3.5,left-hand,0.9229,0.0771
3,3.5,right-hand,0.2435,0.7565
3,3.5,left-hand,0.8457,0.1543
3,3.5,left-hand,0.8782,0.1218
3,3.5,left-hand,0.1162,0.8838
3,3.5,left-hand,0.165,0.835
3,3.5,right-hand,0.052,0.948
3,3.5,right-hand,0.1677,0.8323
3,3.5,right-hand,0.1447,0.8553
3,3.5,left-hand,0.1382,0.8618
3,3.5,left-hand,0.7926,0.2074
3,3.5,right-hand,0.6286,0.3714
3,3.5,left-hand,0.1781,0.8219
3,3.5,left-hand,0.4627,0.5373
3,3.5,right-hand,0.3306,0.6694
3,3.5,left-hand,0.6771,0.3229
3,3.5,right-hand,0.843,0.157
3,3.5,left-hand,0.6748,0.3252
3,3.5,left-hand,0.3584,0.6416
3,3.5,left-hand,0.3065,0.6935
3,3.5,right-hand,0.1079,0.8921
3,3.5,left-hand,0.1129,0.8871
3,3.5,right-hand,0.0866,0.9134
3,3.5,right-hand,0.2927,0.7073
3,3.5,left-hand,0.8436,0.1564
3,3.5,left-hand,0.7838,0.2162
3,3.5,right-hand,0.4379,0.5621
3,3.5,left-hand,0.4704,0.5296
3,3.5,left-hand,0.6809,0.3191
3,3.5,left-hand,0.5025,0.4975
3,3.5,right-hand,0.0037,0.9963
3,3.5,left-hand,0.9428,0.0572
3,3.5,left-hand,0.4374,0.5626
3,3.5,left-hand,0.4878,0.5122
3,3.5,right-hand,0.1528,0.8472
3,3.5,left-hand,0.6755,0.3245
3,3.5,left-hand,0.3101,0.6899
3,3.5,left-hand,0.9632,0.0368
3,3.5,right-hand,0.4689,0.5311
3,3.5,left-hand,0.6446,0.3554
3,3.5,right-hand,0.1957,0.8043
3,3.5,right-hand,0.9543,0.0457
3,3.5,right-hand,0.3761,0.6239
3,3.5,right-hand,0.434,0.566
3,3.5,left-hand,0.6234,0.3766
3,3.5,left-hand,0.54,0.46
3,3.5,left-hand,0.7304,0.2696
3,3.5,right-hand,0.4594,0.5406
3,3.5,left-hand,0.9607,0.0393
3,3.5,right-hand,0.6552,0.3448
3,3.5,right-hand,0.5443,0.4557
3,3.5,right-hand,0.0526,0.9474
3,3.5,left-hand,0.9117,0.0883
3,3.5,right-hand,0.0633,0.9367
3,3.5,left-hand,0.3531,0.6469
3,3.5,right-hand,0.0204,0.9796
3,3.5,right-hand,0.3377,0.6623
3,3.5,left-hand,0.3303,0.6697
3,3.5,right-hand,0.1676,0.8324
3,3.5,right-hand,0.0364,0.9636
3,3.5,right-hand,0.6715,0.3285
3,3.5,left-hand,0.472,0.528
3,3.5,left-hand,0.4794,0.5206
3,3.5,left-hand,0.2312,0.7688
3,3.5,left-hand,0.8707,0.1293
3,3.5,left-hand,0.2468,0.7532
3,3.5,right-hand,0.2099,0.7901
3,3.5,right-hand,0.2287,0.7713
3,3.5,left-hand,0.1513,0.8487
3,3.5,right-hand,0.1513,0.8487
3,3.5,left-hand,0.2954,0.7046
3,3.5,right-hand,0.0627,0.9373
3,3.5,right-hand,0.0858,0.9142
3,3.5,left-hand,0.7745,0.2255
3,3.5,left-hand,0.8351,0.1649
3,3.5,right-hand,0.5773,0.4227
3,3.5,right-hand,0.376,0.624
3,3.5,left-hand,0.9024,0.0976
3,3.5,right-hand,0.0381,0.9619
3,3.5,right-hand,0.0078,0.9922
3,3.5,right-hand,0.0228,0.9772
3,3.5,right-hand,0.4928,0.5072
3,3.5,right-hand,0.3154,0.6846
3,3.5,left-hand,0.8892,0.1108
3,3.5,right-hand,0.0562,0.9438
3,3.5,right-hand,0.0606,0.9394
3,3.5,right-hand,0.0377,0.9623
3,3.5,right-hand,0.0549,0.9451
3,3.5,right-hand,0.2319,0.7681
3,3.5,left-hand,0.6698,0.3302
3,3.5,left-hand,0.8859,0.1141
3,3.5,left-hand,0.97,0.03
3,3.5,left-hand,0.9757,0.0243
3,3.5,left-hand,0.4369,0.5631
3,3.5,right-hand,0.9594,0.0406
3,3.5,left-hand,0.9053,0.0947
3,3.5,right-hand,0.1172,0.8828
3,3.5,left-hand,0.9594,0.0406
3,3.5,right-hand,0.276,0.724
3,3.5,left-hand,0.0636,0.9364
3,3.5,left-hand,0.683,0.317
3,3.5,right-hand,0.0371,0.9629
3,3.5,right-hand,0.0963,0.9037
3,3.5,left-hand,0.7157,0.2843
3,3.5,right-hand,0.191,0.809
3,3.5,right-hand,0.0188,0.9812
3,3.5,right-hand,0.1782,0.8218
3,3.5,left-hand,0.9673,0.0327
3,3.5,right-hand,0.1745,0.8255
3,3.5,right-hand,0.1082,0.8918
3,3.5,left-hand,0.9059,0.0941
3,3.5,right-hand,0.034,0.966
3,3.5,left-hand,0.7148,0.2852
3,3.5,left-hand,0.9434,0.0566
3,3.5,left-hand,0.6981,0.3019
3,3.5,right-hand,0.1198,0.8802
3,3.5,left-hand,0.2813,0.7187
3,3.5,left-hand,0.8654,0.1346
3,3.5,right-hand,0.0763,0.9237
3,3.5,right-hand,0.2152,0.7848
3,3.5,left-hand,0.6293,0.3707
3,3.5,right-hand,0.0382,0.9618
3,3.5,left-hand,0.5664,0.4336
3,3.5,right-hand,0.0631,0.9369
3,3.5,right-hand,0.1451,0.8549
3,3.5,left-hand,0.9477,0.0523
3,3.5,left-hand,0.9828,0.0172
3,3.5,left-hand,0.8517,0.1483
3,3.5,left-hand,0.9146,0.0854
3,3.5,left-hand,0.8925,0.1075
3,3.5,right-hand,0.8869,0.1131
3,3.5,right-hand,0.1547,0.8453
3,3.5,right-hand,0.322,0.678
3,3.5,right-hand,0.0584,0.9416
3,3.5,right-hand,0.4587,0.5413
3,3.5,right-hand,0.2325,0.7675
3,3.5,left-hand,0.9927,0.0073
3,3.5,right-hand,0.2359,0.7641
3,3.5,right-hand,0.4217,0.5783
3,3.5,right-hand,0.2024,0.7976
3,3.5,right-hand,0.2775,0.7225
3,3.5,left-hand,0.9715,0.0285
3,3.5,right-hand,0.6975,0.3025
3,3.5,right-hand,0.4246,0.5754
3,3.5,left-hand,0.9545,0.0455
3,3.5,left-hand,0.8204,0.1796
3,3.5,right-hand,0.3047,0.6953
3,3.5,left-hand,0.9536,0.0464
3,3.5,left-hand,0.9817,0.0183
3,3.5,left-hand,0.8878,0.1122
3,3.5,right-hand,0.3971,0.6029
3,3.5,left-hand,0.9641,0.0359
4,3.5,right-hand,0.5658,0.4342
4,3.5,right-hand,0.812,0.188
4,3.5,left-hand,0.7208,0.2792
4,3.5,right-hand,0.5437,0.4563
4,3.5,left-hand,0.7651,0.2349
4,3.5,right-hand,0.314,0.686
4,3.5,right-hand,0.6511,0.3489
4,3.5,right-hand,0.5478,0.4522
4,3.5,right-hand,0.6605,0.3395
4,3.5,right-hand,0.1569,0.8431
4,3.5,left-hand,0.5878,0.4122
4,3.5,left-hand,0.2532,0.7468
4,3.5,right-hand,0.1547,0.8453
4,3.5,left-hand,0.9394,0.0606
4,3.5,right-hand,0.2289,0.7711
4,3.5,left-hand,0.4028,0.5972
4,3.5,right-hand,0.6253,0.3747
4,3.5,left-hand,0.3753,0.6247
4,3.5,right-hand,0.146,0.854
4,3.5,left-hand,0.7555,0.2445
4,3.5,right-hand,0.2087,0.7913
4,3.5,left-hand,0.4781,0.5219
4,3.5,right-hand,0.1875,0.8125
4,3.5,left-hand,0.4854,0.5146
4,3.5,right-hand,0.8128,0.1872
4,3.5,left-hand,0.6529,0.3471
4,3.5,left-hand,0.5559,0.4441
4,3.5,left-hand,0.3516,0.6484
4,3.5,left-hand,0.2983,0.7017
4,3.5,right-hand,0.3945,0.6055
4,3.5,left-hand,0.8455,0.1545
4,3.5,right-hand,0.2755,0.7245
4,3.5,left-hand,0.6472,0.3528
4,3.5,right-hand,0.1701,0.8299
4,3.5,left-hand,0.8916,0.1084
4,3.5,right-hand,0.2511,0.7489
4,3.5,left-hand,0.6769,0.3231
4,3.5,right-hand,0.5566,0.4434
4,3.5,right-hand,0.1234,0.8766
4,3.5,left-hand,0.8364,0.1636
4,3.5,right-hand,0.2172,0.7828
4,3.5,right-hand,0.4081,0.5919
4,3.5,left-hand,0.7897,0.2103
4,3.5,right-hand,0.468,0.532
4,3.5,right-hand,0.801,0.199
4,3.5,right-hand,0.3819,0.6181
4,3.5,left-hand,0.7667,0.2333
4,3.5,right-hand,0.5858,0.4142
4,3.5,left-hand,0.7185,0.2815
4,3.5,left-hand,0.4941,0.5059
4,3.5,left-hand,0.3272,0.6728
4,3.5,right-hand,0.8685,0.1315
4,3.5,left-hand,0.6063,0.3937
4,3.5,left-hand,0.947,0.053
4,3.5,right-hand,0.0553,0.9447
4,3.5,right-hand,0.0546,0.9454
4,3.5,left-hand,0.7664,0.2336
4,3.5,left-hand,0.6477,0.3523
4,3.5,left-hand,0.8559,0.1441
4,3.5,right-hand,0.2698,0.7302
4,3.5,right-hand,0.24,0.76
4,3.5,right-hand,0.0495,0.9505
4,3.5,left-hand,0.9803,0.0197
4,3.5,right-hand,0.3455,0.6545
4,3.5,left-hand,0.8161,0.1839
4,3.5,left-hand,0.9114,0.0886
4,3.5,right-hand,0.0419,0.9581
4,3.5,right-hand,0.6096,0.3904
4,3.5,right-hand,0.0354,0.9646
4,3.5,left-hand,0.9633,0.0367
4,3.5,right-hand,0.044,0.956
4,3.5,left-hand,0.9668,0.0332
4,3.5,right-hand,0.043,0.957
4,3.5,right-hand,0.0718,0.9282
4,3.5,right-hand,0.2969,0.7031
4,3.5,left-hand,0.9616,0.0384
4,3.5,left-hand,0.8714,0.1286
4,3.5,right-hand,0.1473,0.8527
4,3.5,left-hand,0.9368,0.0632
4,3.5,left-hand,0.4852,0.5148
4,3.5,left-hand,0.9341,0.0659
4,3.5,left-hand,0.7313,0.2687
4,3.5,right-hand,0.1068,0.8932
4,3.5,left-hand,0.8326,0.1674
4,3.5,right-hand,0.0819,0.9181
4,3.5,left-hand,0.2948,0.7052
4,3.5,left-hand,0.9748,0.0252
4,3.5,right-hand,0.1353,0.8647
4,3.5,right-hand,0.1193,0.8807
4,3.5,left-hand,0.7334,0.2666
4,3.5,right-hand,0.0623,0.9377
4,3.5,right-hand,0.257,0.743
4,3.5,left-hand,0.4439,0.5561
4,3.5,left-hand,0.8439,0.1561
4,3.5,right-hand,0.0353,0.9647
4,3.5,right-hand,0.1147,0.8853
4,3.5,left-hand,0.9578,0.0422
4,3.5,left-hand,0.8983,0.1017
4,3.5,right-hand,0.0385,0.9615
4,3.5,right-hand,0.2211,0.7789
4,3.5,right-hand,0.4546,0.5454
4,3.5,left-hand,0.3055,0.6945
4,3.5,left-hand,0.7728,0.2272
4,3.5,right-hand,0.0256,0.9744
4,3.5,right-hand,0.1738,0.8262
4,3.5,left-hand,0.6078,0.3922
4,3.5,left-hand,0.2193,0.7807
4,3.5,right-hand,0.2041,0.7959
4,3.5,left-hand,0.3671,0.6329
4,3.5,left-hand,0.8388,0.1612
4,3.5,left-hand,0.0875,0.9125
4,3.5,right-hand,0.3393,0.6607
4,3.5,left-hand,0.4162,0.5838
4,3.5,left-hand,0.7641,0.2359
4,3.5,left-hand,0.7732,0.2268
4,3.5,right-hand,0.1552,0.8448
4,3.5,left-hand,0.322,0.678
4,3.5,left-hand,0.9678,0.0322
4,3.5,right-hand,0.0762,0.9238
4,3.5,left-hand,0.9358,0.0642
4,3.5,right-hand,0.1574,0.8426
4,3.5,left-hand,0.9879,0.0121
4,3.5,right-hand,0.2882,0.7118
4,3.5,left-hand,0.7937,0.2063
4,3.5,right-hand,0.6685,0.3315
4,3.5,left-hand,0.9442,0.0558
4,3.5,right-hand,0.9128,0.0872
4,3.5,right-hand,0.1951,0.8049
4,3.5,left-hand,0.9602,0.0398
4,3.5,left-hand,0.933,0.067
4,3.5,right-hand,0.39,0.61
4,3.5,left-hand,0.9937,0.0063
4,3.5,left-hand,0.9126,0.0874
4,3.5,right-hand,0.1638,0.8362
4,3.5,right-hand,0.1706,0.8294
4,3.5,right-hand,0.2748,0.7252
4,3.5,left-hand,0.946,0.054
4,3.5,left-hand,0.7563,0.2437
4,3.5,right-hand,0.2758,0.7242
4,3.5,left-hand,0.7311,0.2689
4,3.5,right-hand,0.6045,0.3955
4,3.5,left-hand,0.8908,0.1092
4,3.5,left-hand,0.8596,0.1404
4,3.5,right-hand,0.115,0.885
4,3.5,right-hand,0.8181,0.1819
4,3.5,left-hand,0.9414,0.0586
4,3.5,left-hand,0.9662,0.0338
4,3.5,right-hand,0.2403,0.7597
4,3.5,right-hand,0.1657,0.8343
4,3.5,right-hand,0.1163,0.8837
4,3.5,right-hand,0.4248,0.5752
4,3.5,left-hand,0.8179,0.1821
5,3.5,left-hand,0.0994,0.9006
5,3.5,left-hand,0.0959,0.9041
5,3.5,left-hand,0.602,0.398
5,3.5,left-hand,0.2969,0.7031
5,3.5,right-hand,0.4737,0.5263
5,3.5,right-hand,0.1059,0.8941
5,3.5,right-hand,0.213,0.787
5,3.5,left-hand,0.4172,0.5828
5,3.5,left-hand,0.6646,0.3354
5,3.5,left-hand,0.6065,0.3935
5,3.5,right-hand,0.6187,0.3813
5,3.5,left-hand,0.1027,0.8973
5,3.5,left-hand,0.8653,0.1347
5,3.5,left-hand,0.5218,0.4782
5,3.5,right-hand,0.1913,0.8087
5,3.5,left-hand,0.6968,0.3032
5,3.5,left-hand,0.849,0.151
5,3.5,left-hand,0.7249,0.2751
5,3.5,right-hand,0.3769,0.6231
5,3.5,right-hand,0.6688,0.3312
5,3.5,right-hand,0.6075,0.3925
5,3.5,right-hand,0.822,0.178
5,3.5,left-hand,0.3377,0.6623
5,3.5,left-hand,0.8102,0.1898
5,3.5,right-hand,0.8353,0.1647
5,3.5,left-hand,0.352,0.648
5,3.5,left-hand,0.671,0.329
5,3.5,left-hand,0.294,0.706
5,3.5,right-hand,0.6651,0.3349
5,3.5,right-hand,0.568,0.432
5,3.5,right-hand,0.6939,0.3061
5,3.5,right-hand,0.4696,0.5304
5,3.5,right-hand,0.5249,0.4751
5,3.5,right-hand,0.5322,0.4678
5,3.5,left-hand,0.376,0.624
5,3.5,left-hand,0.0458,0.9542
5,3.5,left-hand,0.7759,0.2241
5,3.5,left-hand,0.4324,0.5676
5,3.5,right-hand,0.0901,0.9099
5,3.5,right-hand,0.768,0.232
5,3.5,right-hand,0.4267,0.5733
5,3.5,right-hand,0.1114,0.8886
5,3.5,left-hand,0.9828,0.0172
5,3.5,right-hand,0.8361,0.1639
5,3.5,right-hand,0.4615,0.5385
5,3.5,left-hand,0.0428,0.9572
5,3.5,left-hand,0.6441,0.3559
5,3.5,right-hand,0.6655,0.3345
5,3.5,right-hand,0.3495,0.6505
5,3.5,right-hand,0.4687,0.5313
5,3.5,right-hand,0.7927,0.2073
5,3.5,right-hand,0.3837,0.6163
5,3.5,right-hand,0.3354,0.6646
5,3.5,left-hand,0.7076,0.2924
5,3.5,left-hand,0.5213,0.4787
5,3.5,left-hand,0.2919,0.7081
5,3.5,right-hand,0.718,0.282
5,3.5,right-hand,0.1052,0.8948
5,3.5,left-hand,0.6672,0.3328
5,3.5,left-hand,0.8943,0.1057
5,3.5,right-hand,0.0358,0.9642
5,3.5,right-hand,0.5356,0.4644
5,3.5,left-hand,0.2964,0.7036
5,3.5,left-hand,0.6031,0.3969
5,3.5,left-hand,0.8899,0.1101
5,3.5,left-hand,0.9608,0.0392
5,3.5,left-hand,0.1582,0.8418
5,3.5,left-hand,0.9824,0.0176
5,3.5,left-hand,0.9391,0.0609
5,3.5,right-hand,0.0367,0.9633
5,3.5,right-hand,0.0308,0.9692
5,3.5,left-hand,0.5721,0.4279
5,3.5,left-hand,0.9283,0.0717
5,3.5,left-hand,0.1634,0.8366
5,3.5,left-hand,0.9212,0.0788
5,3.5,right-hand,0.0181,0.9819
5,3.5,right-hand,0.1028,0.8972
5,3.5,left-hand,0.73,0.27
5,3.5,right-hand,0.0623,0.9377
5,3.5,left-hand,0.8793,0.1207
5,3.5,right-hand,0.0189,0.9811
5,3.5,left-hand,0.8025,0.1975
5,3.5,right-hand,0.0691,0.9309
5,3.5,left-hand,0.7249,0.2751
5,3.5,right-hand,0.0212,0.9788
5,3.5,right-hand,0.4282,0.5718
5,3.5,left-hand,0.8803,0.1197
5,3.5,left-hand,0.9785,0.0215
5,3.5,right-hand,0.2383,0.7617
5,3.5,right-hand,0.0676,0.9324
5,3.5,right-hand,0.0211,0.9789
5,3.5,left-hand,0.4505,0.5495
5,3.5,right-hand,0.2092,0.7908
5,3.5,left-hand,0.9927,0.0073
5,3.5,left-hand,0.5063,0.4937
5,3.5,left-hand,0.8357,0.1643
5,3.5,left-hand,0.4201,0.5799
5,3.5,left-hand,0.9059,0.0941
5,3.5,right-hand,0.0167,0.9833
5,3.5,right-hand,0.1323,0.8677
5,3.5,left-hand,0.5831,0.4169
5,3.5,right-hand,0.1712,0.8288
5,3.5,right-hand,0.1146,0.8854
5,3.5,right-hand,0.2983,0.7017
5,3.5,right-hand,0.0512,0.9488
5,3.5,left-hand,0.9436,0.0564
5,3.5,left-hand,0.8658,0.1342
5,3.5,left-hand,0.9223,0.0777
5,3.5,left-hand,0.9876,0.0124
5,3.5,right-hand,0.0562,0.9438
5,3.5,right-hand,0.0497,0.9503
5,3.5,left-hand,0.2892,0.7108
5,3.5,right-hand,0.1013,0.8987
5,3.5,right-hand,0.7033,0.2967
5,3.5,right-hand,0.4324,0.5676
5,3.5,right-hand,0.3714,0.6286
5,3.5,left-hand,0.9864,0.0136
5,3.5,left-hand,0.8582,0.1418
5,3.5,left-hand,0.6995,0.3005
5,3.5,right-hand,0.4493,0.5507
5,3.5,right-hand,0.7188,0.2812
5,3.5,right-hand,0.0725,0.9275
5,3.5,right-hand,0.9197,0.0803
5,3.5,left-hand,0.4551,0.5449
5,3.5,left-hand,0.4446,0.5554
5,3.5,left-hand,0.8157,0.1843
5,3.5,right-hand,0.3326,0.6674
5,3.5,left-hand,0.8592,0.1408
5,3.5,left-hand,0.9007,0.0993
5,3.5,right-hand,0.2919,0.7081
5,3.5,right-hand,0.1598,0.8402
5,3.5,right-hand,0.1734,0.8266
5,3.5,right-hand,0.1538,0.8462
5,3.5,right-hand,0.7577,0.2423
5,3.5,right-hand,0.0488,0.9512
5,3.5,left-hand,0.9233,0.0767
5,3.5,left-hand,0.737,0.263
5,3.5,right-hand,0.1292,0.8708
5,3.5,right-hand,0.4375,0.5625
5,3.5,left-hand,0.9423,0.0577
5,3.5,right-hand,0.0789,0.9211
5,3.5,right-hand,0.453,0.547
5,3.5,left-hand,0.9791,0.0209
5,3.5,left-hand,0.9602,0.0398
5,3.5,left-hand,0.9677,0.0323
5,3.5,right-hand,0.287,0.713
5,3.5,right-hand,0.073,0.927
5,3.5,right-hand,0.3961,0.6039
5,3.5,left-hand,0.9928,0.0072
5,3.5,left-hand,0.9782,0.0218
5,3.5,right-hand,0.3426,0.6574
5,3.5,left-hand,0.8983,0.1017
