fold,tmin,true_label,left-hand,right-hand
1,3.5,right-hand,0.3421,0.6579
1,3.5,right-hand,0.4908,0.5092
1,3.5,right-hand,0.6363,0.3637
1,3.5,left-hand,0.611,0.389
1,3.5,right-hand,0.8934,0.1066
1,3.5,right-hand,0.5887,0.4113
1,3.5,right-hand,0.9951,0.0049
1,3.5,left-hand,0.6051,0.3949
1,3.5,left-hand,0.7021,0.2979
1,3.5,right-hand,0.6187,0.3813
1,3.5,right-hand,0.4419,0.5581
1,3.5,left-hand,0.5829,0.4171
1,3.5,right-hand,0.6678,0.3322
1,3.5,right-hand,0.5541,0.4459
1,3.5,left-hand,0.7011,0.2989
1,3.5,right-hand,0.5954,0.4046
1,3.5,right-hand,0.4924,0.5076
1,3.5,left-hand,0.6193,0.3807
1,3.5,left-hand,0.6957,0.3043
1,3.5,left-hand,0.6249,0.3751
1,3.5,left-hand,0.683,0.317
1,3.5,right-hand,0.6055,0.3945
1,3.5,right-hand,0.4678,0.5322
1,3.5,left-hand,0.5175,0.4825
1,3.5,right-hand,0.423,0.577
1,3.5,right-hand,0.6838,0.3162
1,3.5,left-hand,0.4671,0.5329
1,3.5,right-hand,0.535,0.465
1,3.5,right-hand,0.4567,0.5433
1,3.5,right-hand,0.7963,0.2037
1,3.5,left-hand,0.5415,0.4585
1,3.5,left-hand,0.5554,0.4446
1,3.5,left-hand,0.6057,0.3943
1,3.5,left-hand,0.372,0.628
1,3.5,right-hand,0.5762,0.4238
1,3.5,right-hand,0.5249,0.4751
1,3.5,right-hand,0.5557,0.4443
1,3.5,left-hand,0.4895,0.5105
1,3.5,left-hand,0.5901,0.4099
1,3.5,left-hand,0.5052,0.4948
1,3.5,left-hand,0.4532,0.5468
1,3.5,right-hand,0.6324,0.3676
1,3.5,right-hand,0.7057,0.2943
1,3.5,left-hand,0.5955,0.4045
1,3.5,right-hand,0.6611,0.3389
1,3.5,left-hand,0.6318,0.3682
1,3.5,left-hand,0.5411,0.4589
1,3.5,left-hand,0.3282,0.6718
1,3.5,left-hand,0.2943,0.7057
1,3.5,right-hand,0.4558,0.5442
1,3.5,right-hand,0.5939,0.4061
1,3.5,left-hand,0.2863,0.7137
1,3.5,left-hand,0.6295,0.3705
1,3.5,left-hand,0.5868,0.4132
1,3.5,right-hand,0.6579,0.3421
1,3.5,right-hand,0.4584,0.5416
1,3.5,right-hand,0.4172,0.5828
1,3.5,left-hand,0.4835,0.5165
1,3.5,right-hand,0.4669,0.5331
1,3.5,right-hand,0.5376,0.4624
1,3.5,left-hand,0.1675,0.8325
1,3.5,left-hand,0.5331,0.4669
1,3.5,left-hand,0.2457,0.7543
1,3.5,right-hand,0.359,0.641
1,3.5,left-hand,0.6184,0.3816
1,3.5,right-hand,0.4163,0.5837
1,3.5,right-hand,0.6322,0.3678
1,3.5,right-hand,0.3926,0.6074
1,3.5,right-hand,0.4026,0.5974
1,3.5,left-hand,0.3451,0.6549
1,3.5,left-hand,0.46,0.54
1,3.5,left-hand,0.3072,0.6928
1,3.5,left-hand,0.5252,0.4748
1,3.5,left-hand,0.4914,0.5086
1,3.5,left-hand,0.3458,0.6542
1,3.5,right-hand,0.4858,0.5142
1,3.5,right-hand,0.3288,0.6712
1,3.5,left-hand,0.3932,0.6068
1,3.5,left-hand,0.458,0.542
1,3.5,left-hand,0.6172,0.3828
1,3.5,left-hand,0.6721,0.3279
1,3.5,right-hand,0.3794,0.6206
1,3.5,left-hand,0.612,0.388
1,3.5,right-hand,0.295,0.705
1,3.5,left-hand,0.6501,0.3499
1,3.5,right-hand,0.2913,0.7087
1,3.5,left-hand,0.8043,0.1957
1,3.5,right-hand,0.3058,0.6942
1,3.5,right-hand,0.415,0.585
1,3.5,right-hand,0.3135,0.6865
1,3.5,right-hand,0.2123,0.7877
1,3.5,right-hand,0.426,0.574
1,3.5,right-hand,0.4383,0.5617
1,3.5,left-hand,0.6934,0.3066
1,3.5,left-hand,0.5549,0.4451
1,3.5,right-hand,0.3754,0.6246
1,3.5,left-hand,0.4664,0.5336
1,3.5,left-hand,0.8504,0.1496
1,3.5,left-hand,0.6612,0.3388
1,3.5,left-hand,0.6619,0.3381
1,3.5,left-hand,0.6863,0.3137
1,3.5,right-hand,0.3504,0.6496
1,3.5,left-hand,0.6773,0.3227
1,3.5,left-hand,0.6541,0.3459
1,3.5,left-hand,0.8295,0.1705
1,3.5,left-hand,0.7576,0.2424
1,3.5,right-hand,0.3062,0.6938
1,3.5,left-hand,0.8716,0.1284
1,3.5,left-hand,0.6716,0.3284
1,3.5,right-hand,0.2735,0.7265
1,3.5,right-hand,0.4099,0.5901
1,3.5,right-hand,0.2391,0.7609
1,3.5,left-hand,0.7143,0.2857
1,3.5,left-hand,0.7874,0.2126
1,3.5,left-hand,0.6774,0.3226
1,3.5,right-hand,0.2622,0.7378
1,3.5,right-hand,0.2524,0.7476
1,3.5,right-hand,0.1985,0.8015
1,3.5,right-hand,0.2838,0.7162
1,3.5,right-hand,0.4024,0.5976
1,3.5,right-hand,0.2984,0.7016
1,3.5,left-hand,0.4502,0.5498
1,3.5,left-hand,0.55,0.45
1,3.5,right-hand,0.2686,0.7314
1,3.5,left-hand,0.3157,0.6843
1,3.5,right-hand,0.29,0.71
1,3.5,right-hand,0.3806,0.6194
1,3.5,right-hand,0.5306,0.4694
1,3.5,right-hand,0.2601,0.7399
1,3.5,right-hand,0.1885,0.8115
1,3.5,right-hand,0.408,0.592
1,3.5,left-hand,0.3638,0.6362
1,3.5,right-hand,0.4,0.6
1,3.5,right-hand,0.4135,0.5865
1,3.5,right-hand,0.4528,0.5472
1,3.5,left-hand,0.6374,0.3626
1,3.5,right-hand,0.6953,0.3047
1,3.5,left-hand,0.274,0.726
1,3.5,left-hand,0.5342,0.4658
1,3.5,left-hand,0.2553,0.7447
1,3.5,right-hand,0.3271,0.6729
1,3.5,left-hand,0.3589,0.6411
1,3.5,left-hand,0.4846,0.5154
1,3.5,left-hand,0.3584,0.6416
1,3.5,right-hand,0.3747,0.6253
1,3.5,right-hand,0.4977,0.5023
1,3.5,left-hand,0.3917,0.6083
1,3.5,left-hand,0.4021,0.5979
2,3.5,left-hand,0.4989,0.5011
2,3.5,right-hand,0.5233,0.4767
2,3.5,right-hand,0.6935,0.3065
2,3.5,left-hand,0.5767,0.4233
2,3.5,right-hand,0.4036,0.5964
2,3.5,left-hand,0.5082,0.4918
2,3.5,left-hand,0.6683,0.3317
2,3.5,left-hand,0.5103,0.4897
2,3.5,left-hand,0.529,0.471
2,3.5,right-hand,0.5899,0.4101
2,3.5,left-hand,0.633,0.367
2,3.5,right-hand,0.5556,0.4444
2,3.5,right-hand,0.5497,0.4503
2,3.5,right-hand,0.5393,0.4607
2,3.5,left-hand,0.4717,0.5283
2,3.5,left-hand,0.7264,0.2736
2,3.5,right-hand,0.637,0.363
2,3.5,right-hand,0.5051,0.4949
2,3.5,right-hand,0.5716,0.4284
2,3.5,left-hand,0.5849,0.4151
2,3.5,left-hand,0.4443,0.5557
2,3.5,right-hand,0.4637,0.5363
2,3.5,right-hand,0.6833,0.3167
2,3.5,right-hand,0.5465,0.4535
2,3.5,right-hand,0.5043,0.4957
2,3.5,right-hand,0.4183,0.5817
2,3.5,left-hand,0.5235,0.4765
2,3.5,left-hand,0.5368,0.4632
2,3.5,right-hand,0.4234,0.5766
2,3.5,right-hand,0.6609,0.3391
2,3.5,left-hand,0.434,0.566
2,3.5,right-hand,0.3948,0.6052
2,3.5,right-hand,0.4248,0.5752
2,3.5,left-hand,0.8587,0.1413
2,3.5,right-hand,0.5406,0.4594
2,3.5,right-hand,0.6192,0.3808
2,3.5,right-hand,0.504,0.496
2,3.5,right-hand,0.408,0.592
2,3.5,left-hand,0.5649,0.4351
2,3.5,left-hand,0.5562,0.4438
2,3.5,left-hand,0.2506,0.7494
2,3.5,left-hand,0.5002,0.4998
2,3.5,right-hand,0.6339,0.3661
2,3.5,right-hand,0.639,0.361
2,3.5,left-hand,0.3127,0.6873
2,3.5,right-hand,0.4021,0.5979
2,3.5,left-hand,0.4238,0.5762
2,3.5,right-hand,0.6241,0.3759
2,3.5,right-hand,0.6322,0.3678
2,3.5,left-hand,0.8655,0.1345
2,3.5,right-hand,0.421,0.579
2,3.5,left-hand,0.3641,0.6359
2,3.5,right-hand,0.5026,0.4974
2,3.5,right-hand,0.5036,0.4964
2,3.5,right-hand,0.4549,0.5451
2,3.5,left-hand,0.4671,0.5329
2,3.5,left-hand,0.2469,0.7531
2,3.5,right-hand,0.3285,0.6715
2,3.5,right-hand,0.1672,0.8328
2,3.5,right-hand,0.5702,0.4298
2,3.5,right-hand,0.6461,0.3539
2,3.5,right-hand,0.782,0.218
2,3.5,right-hand,0.312,0.688
2,3.5,left-hand,0.4986,0.5014
2,3.5,left-hand,0.746,0.254
2,3.5,left-hand,0.5384,0.4616
2,3.5,right-hand,0.564,0.436
2,3.5,right-hand,0.458,0.542
2,3.5,left-hand,0.3655,0.6345
2,3.5,right-hand,0.173,0.827
2,3.5,left-hand,0.5441,0.4559
2,3.5,left-hand,0.3963,0.6037
2,3.5,left-hand,0.5719,0.4281
2,3.5,right-hand,0.4397,0.5603
2,3.5,left-hand,0.3244,0.6756
2,3.5,right-hand,0.3563,0.6437
2,3.5,right-hand,0.3949,0.6051
2,3.5,left-hand,0.3997,0.6003
2,3.5,left-hand,0.5629,0.4371
2,3.5,right-hand,0.4192,0.5808
2,3.5,right-hand,0.5315,0.4685
2,3.5,left-hand,0.6094,0.3906
2,3.5,right-hand,0.4626,0.5374
2,3.5,left-hand,0.5908,0.4092
2,3.5,right-hand,0.4446,0.5554
2,3.5,right-hand,0.3228,0.6772
2,3.5,left-hand,0.5564,0.4436
2,3.5,right-hand,0.255,0.745
2,3.5,right-hand,0.4384,0.5616
2,3.5,right-hand,0.3699,0.6301
2,3.5,left-hand,0.7162,0.2838
2,3.5,left-hand,0.7888,0.2112
2,3.5,left-hand,0.6983,0.3017
2,3.5,right-hand,0.3638,0.6362
2,3.5,left-hand,0.7056,0.2944
2,3.5,left-hand,0.4684,0.5316
2,3.5,left-hand,0.7559,0.2441
2,3.5,right-hand,0.3736,0.6264
2,3.5,left-hand,0.751,0.249
2,3.5,right-hand,0.3624,0.6376
2,3.5,left-hand,0.5558,0.4442
2,3.5,left-hand,0.7498,0.2502
2,3.5,left-hand,0.6768,0.3232
2,3.5,left-hand,0.7175,0.2825
2,3.5,right-hand,0.5437,0.4563
2,3.5,right-hand,0.3197,0.6803
2,3.5,right-hand,0.2491,0.7509
2,3.5,right-hand,0.349,0.651
2,3.5,right-hand,0.252,0.748
2,3.5,left-hand,0.634,0.366
2,3.5,left-hand,0.7823,0.2177
2,3.5,right-hand,0.345,0.655
2,3.5,right-hand,0.3748,0.6252
2,3.5,right-hand,0.3022,0.6978
2,3.5,left-hand,0.3628,0.6372
2,3.5,left-hand,0.4918,0.5082
2,3.5,left-hand,0.58,0.42
2,3.5,left-hand,0.4788,0.5212
2,3.5,left-hand,0.5549,0.4451
2,3.5,left-hand,0.5253,0.4747
2,3.5,left-hand,0.4878,0.5122
2,3.5,right-hand,0.4307,0.5693
2,3.5,left-hand,0.3271,0.6729
2,3.5,left-hand,0.5643,0.4357
2,3.5,left-hand,0.6049,0.3951
2,3.5,right-hand,0.3382,0.6618
2,3.5,right-hand,0.3774,0.6226
2,3.5,left-hand,0.7021,0.2979
2,3.5,left-hand,0.3833,0.6167
2,3.5,right-hand,0.327,0.673
2,3.5,left-hand,0.4889,0.5111
2,3.5,left-hand,0.4547,0.5453
2,3.5,left-hand,0.3276,0.6724
2,3.5,right-hand,0.439,0.561
2,3.5,left-hand,0.6197,0.3803
2,3.5,left-hand,0.4762,0.5238
2,3.5,left-hand,0.3834,0.6166
2,3.5,left-hand,0.4724,0.5276
2,3.5,left-hand,0.4976,0.5024
2,3.5,right-hand,0.5417,0.4583
2,3.5,right-hand,0.2954,0.7046
2,3.5,right-hand,0.34,0.66
2,3.5,right-hand,0.3914,0.6086
2,3.5,left-hand,0.5598,0.4402
2,3.5,left-hand,0.4668,0.5332
2,3.5,left-hand,0.5053,0.4947
2,3.5,right-hand,0.532,0.468
2,3.5,right-hand,0.3786,0.6214
3,3.5,left-hand,0.7448,0.2552
3,3.5,left-hand,0.445,0.555
3,3.5,right-hand,0.7924,0.2076
3,3.5,right-hand,0.551,0.449
3,3.5,left-hand,0.6948,0.3052
3,3.5,left-hand,0.368,0.632
3,3.5,left-hand,0.6698,0.3302
3,3.5,right-hand,0.6137,0.3863
3,3.5,right-hand,0.673,0.327
3,3.5,right-hand,0.3781,0.6219
3,3.5,right-hand,0.695,0.305
3,3.5,left-hand,0.5261,0.4739
3,3.5,right-hand,0.5611,0.4389
3,3.5,right-hand,0.5839,0.4161
3,3.5,left-hand,0.4381,0.5619
3,3.5,left-hand,0.5152,0.4848
3,3.5,right-hand,0.4577,0.5423
3,3.5,left-hand,0.52,0.48
3,3.5,left-hand,0.5334,0.4666
3,3.5,left-hand,0.5465,0.4535
3,3.5,left-hand,0.5375,0.4625
3,3.5,left-hand,0.4009,0.5991
3,3.5,left-hand,0.3579,0.6421
3,3.5,left-hand,0.5549,0.4451
3,3.5,right-hand,0.4333,0.5667
3,3.5,right-hand,0.54,0.46
3,3.5,left-hand,0.6845,0.3155
3,3.5,right-hand,0.3482,0.6518
3,3.5,right-hand,0.5405,0.4595
3,3.5,left-hand,0.432,0.568
3,3.5,left-hand,0.3577,0.6423
3,3.5,right-hand,0.6763,0.3237
3,3.5,right-hand,0.5453,0.4547
3,3.5,left-hand,0.4755,0.5245
3,3.5,left-hand,0.5059,0.4941
3,3.5,right-hand,0.5264,0.4736
3,3.5,left-hand,0.6003,0.3997
3,3.5,right-hand,0.5693,0.4307
3,3.5,right-hand,0.7069,0.2931
3,3.5,left-hand,0.3363,0.6637
3,3.5,left-hand,0.5443,0.4557
3,3.5,right-hand,0.5613,0.4387
3,3.5,left-hand,0.4413,0.5587
3,3.5,right-hand,0.4568,0.5432
3,3.5,left-hand,0.493,0.507
3,3.5,right-hand,0.5158,0.4842
3,3.5,right-hand,0.57,0.43
3,3.5,right-hand,0.5974,0.4026
3,3.5,left-hand,0.2303,0.7697
3,3.5,right-hand,0.3603,0.6397
3,3.5,left-hand,0.1561,0.8439
3,3.5,right-hand,0.2951,0.7049
3,3.5,left-hand,0.7218,0.2782
3,3.5,left-hand,0.5531,0.4469
3,3.5,right-hand,0.6906,0.3094
3,3.5,right-hand,0.6247,0.3753
3,3.5,left-hand,0.1789,0.8211
3,3.5,left-hand,0.6057,0.3943
3,3.5,left-hand,0.2835,0.7165
3,3.5,right-hand,0.8398,0.1602
3,3.5,right-hand,0.511,0.489
3,3.5,left-hand,0.5131,0.4869
3,3.5,left-hand,0.6311,0.3689
3,3.5,right-hand,0.4414,0.5586
3,3.5,right-hand,0.4037,0.5963
3,3.5,left-hand,0.498,0.502
3,3.5,right-hand,0.6518,0.3482
3,3.5,right-hand,0.4112,0.5888
3,3.5,left-hand,0.5808,0.4192
3,3.5,left-hand,0.8743,0.1257
3,3.5,right-hand,0.3551,0.6449
3,3.5,right-hand,0.6078,0.3922
3,3.5,right-hand,0.4475,0.5525
3,3.5,right-hand,0.2975,0.7025
3,3.5,left-hand,0.5891,0.4109
3,3.5,right-hand,0.5857,0.4143
3,3.5,left-hand,0.5192,0.4808
3,3.5,right-hand,0.5289,0.4711
3,3.5,left-hand,0.6457,0.3543
3,3.5,right-hand,0.5663,0.4337
3,3.5,left-hand,0.5408,0.4592
3,3.5,left-hand,0.4177,0.5823
3,3.5,left-hand,0.381,0.619
3,3.5,left-hand,0.78,0.22
3,3.5,left-hand,0.7452,0.2548
3,3.5,left-hand,0.7747,0.2253
3,3.5,left-hand,0.7433,0.2567
3,3.5,right-hand,0.3689,0.6311
3,3.5,right-hand,0.4693,0.5307
3,3.5,left-hand,0.4394,0.5606
3,3.5,right-hand,0.3092,0.6908
3,3.5,left-hand,0.4571,0.5429
3,3.5,right-hand,0.3691,0.6309
3,3.5,right-hand,0.3332,0.6668
3,3.5,right-hand,0.3028,0.6972
3,3.5,right-hand,0.38,0.62
3,3.5,right-hand,0.257,0.743
3,3.5,left-hand,0.6166,0.3834
3,3.5,left-hand,0.6243,0.3757
3,3.5,left-hand,0.7428,0.2572
3,3.5,right-hand,0.2277,0.7723
3,3.5,left-hand,0.599,0.401
3,3.5,left-hand,0.7327,0.2673
3,3.5,left-hand,0.6624,0.3376
3,3.5,left-hand,0.6421,0.3579
3,3.5,right-hand,0.3749,0.6251
3,3.5,right-hand,0.3825,0.6175
3,3.5,right-hand,0.2763,0.7237
3,3.5,right-hand,0.3291,0.6709
3,3.5,left-hand,0.4227,0.5773
3,3.5,left-hand,0.582,0.418
3,3.5,left-hand,0.6651,0.3349
3,3.5,right-hand,0.2013,0.7987
3,3.5,left-hand,0.5259,0.4741
3,3.5,right-hand,0.3197,0.6803
3,3.5,left-hand,0.6495,0.3505
3,3.5,right-hand,0.3648,0.6352
3,3.5,right-hand,0.3674,0.6326
3,3.5,right-hand,0.3162,0.6838
3,3.5,left-hand,0.4715,0.5285
3,3.5,left-hand,0.2999,0.7001
3,3.5,left-hand,0.6258,0.3742
3,3.5,right-hand,0.3631,0.6369
3,3.5,right-hand,0.4239,0.5761
3,3.5,right-hand,0.4483,0.5517
3,3.5,right-hand,0.2614,0.7386
3,3.5,right-hand,0.3043,0.6957
3,3.5,right-hand,0.2607,0.7393
3,3.5,left-hand,0.3966,0.6034
3,3.5,right-hand,0.4101,0.5899
3,3.5,right-hand,0.3605,0.6395
3,3.5,left-hand,0.6098,0.3902
3,3.5,right-hand,0.3338,0.6662
3,3.5,right-hand,0.1917,0.8083
3,3.5,right-hand,0.6105,0.3895
3,3.5,left-hand,0.4658,0.5342
3,3.5,left-hand,0.7207,0.2793
3,3.5,right-hand,0.3812,0.6188
3,3.5,left-hand,0.4224,0.5776
3,3.5,right-hand,0.3144,0.6856
3,3.5,left-hand,0.7288,0.2712
3,3.5,left-hand,0.342,0.658
3,3.5,left-hand,0.6032,0.3968
3,3.5,right-hand,0.4779,0.5221
3,3.5,left-hand,0.4458,0.5542
3,3.5,right-hand,0.3833,0.6167
3,3.5,right-hand,0.5032,0.4968
3,3.5,left-hand,0.5904,0.4096
4,3.5,left-hand,0.6157,0.3843
4,3.5,left-hand,0.5863,0.4137
4,3.5,right-hand,0.618,0.382
4,3.5,right-hand,0.6244,0.3756
4,3.5,right-hand,0.6296,0.3704
4,3.5,right-hand,0.482,0.518
4,3.5,left-hand,0.4964,0.5036
4,3.5,left-hand,0.4413,0.5587
4,3.5,right-hand,0.5198,0.4802
4,3.5,right-hand,0.4924,0.5076
4,3.5,right-hand,0.487,0.513
4,3.5,left-hand,0.5669,0.4331
4,3.5,left-hand,0.573,0.427
4,3.5,right-hand,0.4853,0.5147
4,3.5,right-hand,0.5032,0.4968
4,3.5,left-hand,0.5436,0.4564
4,3.5,left-hand,0.4989,0.5011
4,3.5,left-hand,0.6369,0.3631
4,3.5,left-hand,0.5852,0.4148
4,3.5,left-hand,0.5708,0.4292
4,3.5,right-hand,0.6687,0.3313
4,3.5,right-hand,0.4981,0.5019
4,3.5,left-hand,0.5312,0.4688
4,3.5,left-hand,0.6481,0.3519
4,3.5,left-hand,0.503,0.497
4,3.5,right-hand,0.4179,0.5821
4,3.5,right-hand,0.5339,0.4661
4,3.5,left-hand,0.6742,0.3258
4,3.5,left-hand,0.85,0.15
4,3.5,left-hand,0.4391,0.5609
4,3.5,left-hand,0.6221,0.3779
4,3.5,right-hand,0.4986,0.5014
4,3.5,right-hand,0.5067,0.4933
4,3.5,right-hand,0.5727,0.4273
4,3.5,right-hand,0.4835,0.5165
4,3.5,right-hand,0.5354,0.4646
4,3.5,left-hand,0.4456,0.5544
4,3.5,left-hand,0.6675,0.3325
4,3.5,left-hand,0.569,0.431
4,3.5,left-hand,0.6478,0.3522
4,3.5,right-hand,0.5549,0.4451
4,3.5,left-hand,0.3855,0.6145
4,3.5,right-hand,0.5567,0.4433
4,3.5,right-hand,0.4167,0.5833
4,3.5,left-hand,0.4916,0.5084
4,3.5,right-hand,0.651,0.349
4,3.5,left-hand,0.4691,0.5309
4,3.5,left-hand,0.6305,0.3695
4,3.5,left-hand,0.6018,0.3982
4,3.5,left-hand,0.4474,0.5526
4,3.5,right-hand,0.5871,0.4129
4,3.5,right-hand,0.1782,0.8218
4,3.5,right-hand,0.0709,0.9291
4,3.5,left-hand,0.3641,0.6359
4,3.5,right-hand,0.4219,0.5781
4,3.5,right-hand,0.2667,0.7333
4,3.5,left-hand,0.3603,0.6397
4,3.5,left-hand,0.2819,0.7181
4,3.5,left-hand,0.2879,0.7121
4,3.5,right-hand,0.4121,0.5879
4,3.5,left-hand,0.3515,0.6485
4,3.5,left-hand,0.3677,0.6323
4,3.5,left-hand,0.3932,0.6068
4,3.5,right-hand,0.4406,0.5594
4,3.5,left-hand,0.5366,0.4634
4,3.5,left-hand,0.5462,0.4538
4,3.5,left-hand,0.6121,0.3879
4,3.5,right-hand,0.4354,0.5646
4,3.5,right-hand,0.4433,0.5567
4,3.5,right-hand,0.278,0.722
4,3.5,right-hand,0.6329,0.3671
4,3.5,left-hand,0.5664,0.4336
4,3.5,left-hand,0.3648,0.6352
4,3.5,left-hand,0.5689,0.4311
4,3.5,right-hand,0.4349,0.5651
4,3.5,left-hand,0.6916,0.3084
4,3.5,right-hand,0.3815,0.6185
4,3.5,left-hand,0.5451,0.4549
4,3.5,right-hand,0.4242,0.5758
4,3.5,right-hand,0.5972,0.4028
4,3.5,right-hand,0.54,0.46
4,3.5,left-hand,0.6453,0.3547
4,3.5,right-hand,0.398,0.602
4,3.5,left-hand,0.4851,0.5149
4,3.5,right-hand,0.3687,0.6313
4,3.5,right-hand,0.4548,0.5452
4,3.5,left-hand,0.7827,0.2173
4,3.5,right-hand,0.3991,0.6009
4,3.5,right-hand,0.278,0.722
4,3.5,left-hand,0.6323,0.3677
4,3.5,right-hand,0.3219,0.6781
4,3.5,right-hand,0.3104,0.6896
4,3.5,right-hand,0.4748,0.5252
4,3.5,right-hand,0.4891,0.5109
4,3.5,right-hand,0.3811,0.6189
4,3.5,left-hand,0.6131,0.3869
4,3.5,left-hand,0.7433,0.2567
4,3.5,right-hand,0.29,0.71
4,3.5,right-hand,0.4036,0.5964
4,3.5,right-hand,0.4574,0.5426
4,3.5,right-hand,0.4371,0.5629
4,3.5,left-hand,0.7499,0.2501
4,3.5,left-hand,0.7265,0.2735
4,3.5,right-hand,0.3491,0.6509
4,3.5,left-hand,0.6513,0.3487
4,3.5,left-hand,0.7211,0.2789
4,3.5,left-hand,0.7159,0.2841
4,3.5,left-hand,0.6854,0.3146
4,3.5,left-hand,0.6619,0.3381
4,3.5,right-hand,0.3245,0.6755
4,3.5,left-hand,0.6703,0.3297
4,3.5,left-hand,0.5705,0.4295
4,3.5,right-hand,0.4079,0.5921
4,3.5,left-hand,0.6344,0.3656
4,3.5,right-hand,0.4686,0.5314
4,3.5,right-hand,0.2086,0.7914
4,3.5,left-hand,0.706,0.294
4,3.5,right-hand,0.4189,0.5811
4,3.5,right-hand,0.4295,0.5705
4,3.5,right-hand,0.4478,0.5522
4,3.5,left-hand,0.4076,0.5924
4,3.5,left-hand,0.5395,0.4605
4,3.5,right-hand,0.3913,0.6087
4,3.5,left-hand,0.5954,0.4046
4,3.5,left-hand,0.3772,0.6228
4,3.5,right-hand,0.46,0.54
4,3.5,left-hand,0.4827,0.5173
4,3.5,left-hand,0.4441,0.5559
4,3.5,right-hand,0.2876,0.7124
4,3.5,left-hand,0.4518,0.5482
4,3.5,left-hand,0.3361,0.6639
4,3.5,left-hand,0.5726,0.4274
4,3.5,right-hand,0.4534,0.5466
4,3.5,right-hand,0.3395,0.6605
4,3.5,right-hand,0.4786,0.5214
4,3.5,right-hand,0.3943,0.6057
4,3.5,left-hand,0.4646,0.5354
4,3.5,right-hand,0.2549,0.7451
4,3.5,left-hand,0.5727,0.4273
4,3.5,right-hand,0.4054,0.5946
4,3.5,right-hand,0.5004,0.4996
4,3.5,left-hand,0.6265,0.3735
4,3.5,right-hand,0.5524,0.4476
4,3.5,right-hand,0.3174,0.6826
4,3.5,right-hand,0.439,0.561
4,3.5,left-hand,0.5927,0.4073
4,3.5,left-hand,0.3825,0.6175
4,3.5,right-hand,0.4834,0.5166
5,3.5,right-hand,0.3976,0.6024
5,3.5,left-hand,0.3906,0.6094
5,3.5,left-hand,0.587,0.413
5,3.5,right-hand,0.662,0.338
5,3.5,right-hand,0.6339,0.3661
5,3.5,left-hand,0.6757,0.3243
5,3.5,left-hand,0.6937,0.3063
5,3.5,left-hand,0.5813,0.4187
5,3.5,right-hand,0.604,0.396
5,3.5,left-hand,0.5977,0.4023
5,3.5,left-hand,0.4682,0.5318
5,3.5,left-hand,0.7689,0.2311
5,3.5,right-hand,0.6405,0.3595
5,3.5,left-hand,0.5135,0.4865
5,3.5,left-hand,0.4296,0.5704
5,3.5,right-hand,0.5269,0.4731
5,3.5,left-hand,0.6287,0.3713
5,3.5,right-hand,0.6966,0.3034
5,3.5,left-hand,0.4774,0.5226
5,3.5,right-hand,0.5447,0.4553
5,3.5,right-hand,0.5802,0.4198
5,3.5,left-hand,0.4793,0.5207
5,3.5,right-hand,0.6144,0.3856
5,3.5,right-hand,0.6712,0.3288
5,3.5,left-hand,0.3956,0.6044
5,3.5,right-hand,0.6775,0.3225
5,3.5,left-hand,0.3876,0.6124
5,3.5,right-hand,0.7027,0.2973
5,3.5,left-hand,0.462,0.538
5,3.5,right-hand,0.7265,0.2735
5,3.5,left-hand,0.4046,0.5954
5,3.5,right-hand,0.5693,0.4307
5,3.5,left-hand,0.7222,0.2778
5,3.5,left-hand,0.454,0.546
5,3.5,left-hand,0.2993,0.7007
5,3.5,left-hand,0.6156,0.3844
5,3.5,left-hand,0.4702,0.5298
5,3.5,right-hand,0.4572,0.5428
5,3.5,right-hand,0.5755,0.4245
5,3.5,right-hand,0.7019,0.2981
5,3.5,left-hand,0.5974,0.4026
5,3.5,right-hand,0.6326,0.3674
5,3.5,left-hand,0.449,0.551
5,3.5,right-hand,0.5352,0.4648
5,3.5,left-hand,0.5236,0.4764
5,3.5,right-hand,0.6652,0.3348
5,3.5,right-hand,0.726,0.274
5,3.5,right-hand,0.5066,0.4934
5,3.5,right-hand,0.4012,0.5988
5,3.5,right-hand,0.569,0.431
5,3.5,left-hand,0.4065,0.5935
5,3.5,right-hand,0.5256,0.4744
5,3.5,left-hand,0.4695,0.5305
5,3.5,left-hand,0.5729,0.4271
5,3.5,right-hand,0.6006,0.3994
5,3.5,left-hand,0.4848,0.5152
5,3.5,left-hand,0.5837,0.4163
5,3.5,left-hand,0.5413,0.4587
5,3.5,right-hand,0.5954,0.4046
5,3.5,right-hand,0.1975,0.8025
5,3.5,left-hand,0.4525,0.5475
5,3.5,right-hand,0.4935,0.5065
5,3.5,right-hand,0.6658,0.3342
5,3.5,right-hand,0.4242,0.5758
5,3.5,left-hand,0.5503,0.4497
5,3.5,right-hand,0.6197,0.3803
5,3.5,right-hand,0.2994,0.7006
5,3.5,left-hand,0.4299,0.5701
5,3.5,left-hand,0.3912,0.6088
5,3.5,right-hand,0.3989,0.6011
5,3.5,left-hand,0.4366,0.5634
5,3.5,left-hand,0.2697,0.7303
5,3.5,right-hand,0.309,0.691
5,3.5,right-hand,0.4598,0.5402
5,3.5,left-hand,0.5146,0.4854
5,3.5,left-hand,0.2577,0.7423
5,3.5,right-hand,0.5694,0.4306
5,3.5,right-hand,0.3571,0.6429
5,3.5,right-hand,0.5175,0.4825
5,3.5,right-hand,0.4414,0.5586
5,3.5,right-hand,0.3416,0.6584
5,3.5,right-hand,0.5682,0.4318
5,3.5,left-hand,0.7407,0.2593
5,3.5,left-hand,0.3698,0.6302
5,3.5,left-hand,0.6046,0.3954
5,3.5,left-hand,0.6647,0.3353
5,3.5,left-hand,0.5635,0.4365
5,3.5,left-hand,0.7402,0.2598
5,3.5,left-hand,0.5601,0.4399
5,3.5,right-hand,0.3337,0.6663
5,3.5,right-hand,0.3726,0.6274
5,3.5,left-hand,0.5964,0.4036
5,3.5,right-hand,0.4366,0.5634
5,3.5,left-hand,0.6475,0.3525
5,3.5,right-hand,0.4228,0.5772
5,3.5,right-hand,0.2916,0.7084
5,3.5,left-hand,0.5211,0.4789
5,3.5,right-hand,0.4429,0.5571
5,3.5,left-hand,0.3861,0.6139
5,3.5,left-hand,0.7026,0.2974
5,3.5,right-hand,0.3847,0.6153
5,3.5,left-hand,0.7557,0.2443
5,3.5,left-hand,0.5543,0.4457
5,3.5,right-hand,0.4848,0.5152
5,3.5,right-hand,0.2484,0.7516
5,3.5,right-hand,0.3003,0.6997
5,3.5,left-hand,0.5831,0.4169
5,3.5,left-hand,0.7971,0.2029
5,3.5,left-hand,0.5157,0.4843
5,3.5,right-hand,0.3546,0.6454
5,3.5,right-hand,0.3638,0.6362
5,3.5,left-hand,0.756,0.244
5,3.5,left-hand,0.6828,0.3172
5,3.5,right-hand,0.3831,0.6169
5,3.5,right-hand,0.1623,0.8377
5,3.5,right-hand,0.2638,0.7362
5,3.5,left-hand,0.3987,0.6013
5,3.5,right-hand,0.3838,0.6162
5,3.5,right-hand,0.4105,0.5895
5,3.5,right-hand,0.4327,0.5673
5,3.5,right-hand,0.1854,0.8146
5,3.5,left-hand,0.729,0.271
5,3.5,left-hand,0.7902,0.2098
5,3.5,left-hand,0.4707,0.5293
5,3.5,left-hand,0.4927,0.5073
5,3.5,right-hand,0.3243,0.6757
5,3.5,right-hand,0.4519,0.5481
5,3.5,left-hand,0.6137,0.3863
5,3.5,left-hand,0.6329,0.3671
5,3.5,right-hand,0.1898,0.8102
5,3.5,right-hand,0.3427,0.6573
5,3.5,right-hand,0.4827,0.5173
5,3.5,right-hand,0.5134,0.4866
5,3.5,left-hand,0.4548,0.5452
5,3.5,right-hand,0.45,0.55
5,3.5,left-hand,0.3852,0.6148
5,3.5,left-hand,0.6814,0.3186
5,3.5,left-hand,0.5009,0.4991
5,3.5,left-hand,0.5331,0.4669
5,3.5,right-hand,0.4842,0.5158
5,3.5,right-hand,0.5291,0.4709
5,3.5,left-hand,0.6004,0.3996
5,3.5,right-hand,0.3881,0.6119
5,3.5,left-hand,0.4511,0.5489
5,3.5,right-hand,0.4941,0.5059
5,3.5,left-hand,0.622,0.378
5,3.5,left-hand,0.3536,0.6464
5,3.5,right-hand,0.424,0.576
