fold,tmin,true_label,left-hand,right-hand
1,3.5,right-hand,0.3239,0.6761
1,3.5,right-hand,0.623,0.377
1,3.5,left-hand,0.309,0.691
1,3.5,right-hand,0.2016,0.7984
1,3.5,right-hand,0.2281,0.7719
1,3.5,left-hand,0.4344,0.5656
1,3.5,right-hand,0.552,0.448
1,3.5,right-hand,0.1996,0.8004
1,3.5,left-hand,0.3622,0.6378
1,3.5,right-hand,0.6543,0.3457
1,3.5,right-hand,0.6982,0.3018
1,3.5,right-hand,0.6548,0.3452
1,3.5,left-hand,0.2625,0.7375
1,3.5,right-hand,0.2984,0.7016
1,3.5,right-hand,0.7215,0.2785
1,3.5,right-hand,0.7351,0.2649
1,3.5,left-hand,0.3626,0.6374
1,3.5,right-hand,0.4936,0.5064
1,3.5,left-hand,0.3221,0.6779
1,3.5,right-hand,0.516,0.484
1,3.5,left-hand,0.5081,0.4919
1,3.5,left-hand,0.6493,0.3507
1,3.5,right-hand,0.4373,0.5627
1,3.5,left-hand,0.365,0.635
1,3.5,left-hand,0.2217,0.7783
1,3.5,right-hand,0.4392,0.5608
1,3.5,left-hand,0.1907,0.8093
1,3.5,right-hand,0.5392,0.4608
1,3.5,left-hand,0.2468,0.7532
1,3.5,right-hand,0.1207,0.8793
1,3.5,right-hand,0.6173,0.3827
1,3.5,right-hand,0.1866,0.8134
1,3.5,left-hand,0.2812,0.7188
1,3.5,right-hand,0.105,0.895
1,3.5,left-hand,0.5476,0.4524
1,3.5,left-hand,0.2512,0.7488
1,3.5,left-hand,0.5557,0.4443
1,3.5,left-hand,0.6148,0.3852
1,3.5,left-hand,0.6003,0.3997
1,3.5,right-hand,0.3847,0.6153
1,3.5,left-hand,0.3852,0.6148
1,3.5,right-hand,0.4819,0.5181
1,3.5,right-hand,0.1929,0.8071
1,3.5,right-hand,0.4386,0.5614
1,3.5,left-hand,0.6014,0.3986
1,3.5,left-hand,0.7405,0.2595
1,3.5,right-hand,0.7506,0.2494
1,3.5,left-hand,0.6119,0.3881
1,3.5,left-hand,0.8022,0.1978
1,3.5,right-hand,0.4717,0.5283
1,3.5,left-hand,0.4119,0.5881
1,3.5,left-hand,0.5506,0.4494
1,3.5,left-hand,0.5785,0.4215
1,3.5,right-hand,0.4828,0.5172
1,3.5,left-hand,0.6505,0.3495
1,3.5,left-hand,0.6583,0.3417
1,3.5,right-hand,0.6658,0.3342
1,3.5,left-hand,0.3085,0.6915
1,3.5,right-hand,0.7059,0.2941
1,3.5,left-hand,0.8923,0.1077
1,3.5,left-hand,0.7722,0.2278
1,3.5,right-hand,0.1841,0.8159
1,3.5,right-hand,0.2008,0.7992
1,3.5,right-hand,0.4741,0.5259
1,3.5,left-hand,0.4401,0.5599
1,3.5,left-hand,0.9143,0.0857
1,3.5,left-hand,0.8128,0.1872
1,3.5,right-hand,0.2132,0.7868
1,3.5,left-hand,0.7681,0.2319
1,3.5,left-hand,0.4859,0.5141
1,3.5,left-hand,0.3151,0.6849
1,3.5,right-hand,0.1603,0.8397
1,3.5,right-hand,0.0876,0.9124
1,3.5,right-hand,0.2564,0.7436
1,3.5,right-hand,0.0441,0.9559
1,3.5,left-hand,0.7256,0.2744
1,3.5,left-hand,0.7519,0.2481
1,3.5,left-hand,0.8517,0.1483
1,3.5,left-hand,0.7848,0.2152
1,3.5,right-hand,0.0994,0.9006
1,3.5,right-hand,0.0892,0.9108
1,3.5,left-hand,0.7727,0.2273
1,3.5,left-hand,0.7344,0.2656
1,3.5,left-hand,0.9387,0.0613
1,3.5,left-hand,0.7249,0.2751
1,3.5,left-hand,0.1759,0.8241
1,3.5,right-hand,0.0913,0.9087
1,3.5,left-hand,0.7492,0.2508
1,3.5,left-hand,0.2566,0.7434
1,3.5,right-hand,0.1285,0.8715
1,3.5,left-hand,0.8446,0.1554
1,3.5,left-hand,0.898,0.102
1,3.5,right-hand,0.2672,0.7328
1,3.5,right-hand,0.2951,0.7049
1,3.5,left-hand,0.874,0.126
1,3.5,right-hand,0.3223,0.6777
1,3.5,right-hand,0.8404,0.1596
1,3.5,left-hand,0.5138,0.4862
1,3.5,right-hand,0.2831,0.7169
1,3.5,right-hand,0.2795,0.7205
1,3.5,right-hand,0.1382,0.8618
1,3.5,right-hand,0.224,0.776
1,3.5,left-hand,0.7388,0.2612
1,3.5,right-hand,0.2686,0.7314
1,3.5,left-hand,0.8138,0.1862
1,3.5,right-hand,0.793,0.207
1,3.5,left-hand,0.934,0.066
1,3.5,right-hand,0.4835,0.5165
1,3.5,left-hand,0.6584,0.3416
1,3.5,left-hand,0.8993,0.1007
1,3.5,left-hand,0.4053,0.5947
1,3.5,left-hand,0.537,0.463
1,3.5,right-hand,0.338,0.662
1,3.5,right-hand,0.1413,0.8587
1,3.5,right-hand,0.2775,0.7225
1,3.5,left-hand,0.9043,0.0957
1,3.5,left-hand,0.726,0.274
1,3.5,right-hand,0.3113,0.6887
1,3.5,left-hand,0.2486,0.7514
1,3.5,left-hand,0.6719,0.3281
1,3.5,right-hand,0.1138,0.8862
1,3.5,right-hand,0.1107,0.8893
1,3.5,right-hand,0.2038,0.7962
1,3.5,right-hand,0.0945,0.9055
1,3.5,left-hand,0.795,0.205
1,3.5,right-hand,0.1555,0.8445
1,3.5,left-hand,0.7227,0.2773
1,3.5,left-hand,0.8131,0.1869
1,3.5,right-hand,0.1822,0.8178
1,3.5,left-hand,0.7878,0.2122
1,3.5,right-hand,0.1962,0.8038
1,3.5,right-hand,0.4387,0.5613
1,3.5,right-hand,0.2582,0.7418
1,3.5,left-hand,0.8323,0.1677
1,3.5,right-hand,0.2563,0.7437
1,3.5,right-hand,0.4798,0.5202
1,3.5,right-hand,0.325,0.675
1,3.5,right-hand,0.2126,0.7874
1,3.5,right-hand,0.2425,0.7575
1,3.5,left-hand,0.6852,0.3148
1,3.5,right-hand,0.3259,0.6741
1,3.5,right-hand,0.2845,0.7155
1,3.5,left-hand,0.6343,0.3657
1,3.5,right-hand,0.2381,0.7619
1,3.5,left-hand,0.8269,0.1731
1,3.5,left-hand,0.944,0.056
1,3.5,left-hand,0.7174,0.2826
1,3.5,left-hand,0.7145,0.2855
1,3.5,left-hand,0.7176,0.2824
1,3.5,left-hand,0.885,0.115
1,3.5,right-hand,0.2499,0.7501
1,3.5,right-hand,0.5437,0.4563
2,3.5,left-hand,0.4698,0.5302
2,3.5,left-hand,0.4506,0.5494
2,3.5,left-hand,0.5495,0.4505
2,3.5,right-hand,0.0644,0.9356
2,3.5,right-hand,0.352,0.648
2,3.5,left-hand,0.8509,0.1491
2,3.5,left-hand,0.8242,0.1758
2,3.5,right-hand,0.5994,0.4006
2,3.5,left-hand,0.7217,0.2783
2,3.5,right-hand,0.5963,0.4037
2,3.5,right-hand,0.5155,0.4845
2,3.5,right-hand,0.2682,0.7318
2,3.5,right-hand,0.3648,0.6352
2,3.5,left-hand,0.7349,0.2651
2,3.5,right-hand,0.1576,0.8424
2,3.5,left-hand,0.6331,0.3669
2,3.5,left-hand,0.7161,0.2839
2,3.5,right-hand,0.4581,0.5419
2,3.5,left-hand,0.596,0.404
2,3.5,left-hand,0.5048,0.4952
2,3.5,left-hand,0.3985,0.6015
2,3.5,right-hand,0.4636,0.5364
2,3.5,left-hand,0.319,0.681
2,3.5,left-hand,0.1733,0.8267
2,3.5,left-hand,0.7109,0.2891
2,3.5,right-hand,0.2182,0.7818
2,3.5,right-hand,0.197,0.803
2,3.5,right-hand,0.5111,0.4889
2,3.5,right-hand,0.326,0.674
2,3.5,right-hand,0.1082,0.8918
2,3.5,right-hand,0.2345,0.7655
2,3.5,right-hand,0.2294,0.7706
2,3.5,right-hand,0.6098,0.3902
2,3.5,left-hand,0.6215,0.3785
2,3.5,right-hand,0.7585,0.2415
2,3.5,right-hand,0.3308,0.6692
2,3.5,right-hand,0.3716,0.6284
2,3.5,left-hand,0.9088,0.0912
2,3.5,left-hand,0.5471,0.4529
2,3.5,left-hand,0.8311,0.1689
2,3.5,right-hand,0.7683,0.2317
2,3.5,right-hand,0.2392,0.7608
2,3.5,left-hand,0.6359,0.3641
2,3.5,right-hand,0.7223,0.2777
2,3.5,right-hand,0.2326,0.7674
2,3.5,left-hand,0.745,0.255
2,3.5,left-hand,0.7562,0.2438
2,3.5,right-hand,0.7017,0.2983
2,3.5,right-hand,0.2995,0.7005
2,3.5,right-hand,0.6356,0.3644
2,3.5,left-hand,0.6493,0.3507
2,3.5,right-hand,0.6336,0.3664
2,3.5,left-hand,0.1157,0.8843
2,3.5,right-hand,0.1854,0.8146
2,3.5,right-hand,0.8091,0.1909
2,3.5,left-hand,0.6406,0.3594
2,3.5,left-hand,0.8784,0.1216
2,3.5,left-hand,0.9166,0.0834
2,3.5,right-hand,0.2489,0.7511
2,3.5,right-hand,0.1941,0.8059
2,3.5,right-hand,0.7937,0.2063
2,3.5,right-hand,0.1746,0.8254
2,3.5,right-hand,0.2793,0.7207
2,3.5,left-hand,0.7338,0.2662
2,3.5,right-hand,0.2628,0.7372
2,3.5,left-hand,0.5276,0.4724
2,3.5,right-hand,0.1612,0.8388
2,3.5,right-hand,0.3515,0.6485
2,3.5,right-hand,0.256,0.744
2,3.5,left-hand,0.7535,0.2465
2,3.5,right-hand,0.2804,0.7196
2,3.5,right-hand,0.782,0.218
2,3.5,left-hand,0.8315,0.1685
2,3.5,left-hand,0.764,0.236
2,3.5,right-hand,0.1451,0.8549
2,3.5,left-hand,0.889,0.111
2,3.5,left-hand,0.8627,0.1373
2,3.5,right-hand,0.7219,0.2781
2,3.5,left-hand,0.6315,0.3685
2,3.5,left-hand,0.8087,0.1913
2,3.5,left-hand,0.53,0.47
2,3.5,right-hand,0.3038,0.6962
2,3.5,right-hand,0.0738,0.9262
2,3.5,left-hand,0.2051,0.7949
2,3.5,right-hand,0.1818,0.8182
2,3.5,left-hand,0.6099,0.3901
2,3.5,left-hand,0.7901,0.2099
2,3.5,left-hand,0.759,0.241
2,3.5,right-hand,0.2513,0.7487
2,3.5,right-hand,0.3022,0.6978
2,3.5,left-hand,0.7892,0.2108
2,3.5,right-hand,0.6676,0.3324
2,3.5,right-hand,0.1208,0.8792
2,3.5,left-hand,0.7627,0.2373
2,3.5,right-hand,0.2705,0.7295
2,3.5,left-hand,0.882,0.118
2,3.5,right-hand,0.1965,0.8035
2,3.5,left-hand,0.5767,0.4233
2,3.5,right-hand,0.1212,0.8788
2,3.5,right-hand,0.0835,0.9165
2,3.5,left-hand,0.7981,0.2019
2,3.5,left-hand,0.8303,0.1697
2,3.5,left-hand,0.4767,0.5233
2,3.5,right-hand,0.2055,0.7945
2,3.5,right-hand,0.163,0.837
2,3.5,left-hand,0.5947,0.4053
2,3.5,right-hand,0.1645,0.8355
2,3.5,left-hand,0.8072,0.1928
2,3.5,left-hand,0.5609,0.4391
2,3.5,left-hand,0.2365,0.7635
2,3.5,right-hand,0.1983,0.8017
2,3.5,right-hand,0.3749,0.6251
2,3.5,left-hand,0.3633,0.6367
2,3.5,right-hand,0.0,1.0
2,3.5,right-hand,0.6745,0.3255
2,3.5,right-hand,0.1253,0.8747
2,3.5,left-hand,0.4124,0.5876
2,3.5,left-hand,0.8806,0.1194
2,3.5,left-hand,0.8234,0.1766
2,3.5,left-hand,0.94,0.06
2,3.5,right-hand,0.2928,0.7072
2,3.5,left-hand,0.902,0.098
2,3.5,left-hand,0.7937,0.2063
2,3.5,left-hand,0.74,0.26
2,3.5,right-hand,0.4066,0.5934
2,3.5,left-hand,0.8583,0.1417
2,3.5,right-hand,0.2738,0.7262
2,3.5,left-hand,0.8933,0.1067
2,3.5,left-hand,0.7221,0.2779
2,3.5,left-hand,0.799,0.201
2,3.5,right-hand,0.2161,0.7839
2,3.5,left-hand,0.5483,0.4517
2,3.5,right-hand,0.3962,0.6038
2,3.5,left-hand,0.9327,0.0673
2,3.5,left-hand,0.8525,0.1475
2,3.5,left-hand,0.8822,0.1178
2,3.5,left-hand,0.5897,0.4103
2,3.5,left-hand,0.7441,0.2559
2,3.5,left-hand,0.738,0.262
2,3.5,left-hand,0.8834,0.1166
2,3.5,left-hand,0.8563,0.1437
2,3.5,right-hand,0.2274,0.7726
2,3.5,right-hand,0.2674,0.7326
2,3.5,right-hand,0.112,0.888
2,3.5,right-hand,0.353,0.647
2,3.5,right-hand,0.5251,0.4749
2,3.5,left-hand,0.6954,0.3046
2,3.5,left-hand,0.8223,0.1777
2,3.5,right-hand,0.1851,0.8149
2,3.5,right-hand,0.3504,0.6496
2,3.5,right-hand,0.3123,0.6877
2,3.5,left-hand,0.7496,0.2504
3,3.5,left-hand,0.0577,0.9423
3,3.5,right-hand,0.334,0.666
3,3.5,left-hand,0.1006,0.8994
3,3.5,left-hand,0.8465,0.1535
3,3.5,left-hand,0.3386,0.6614
3,3.5,left-hand,0.2444,0.7556
3,3.5,right-hand,0.1487,0.8513
3,3.5,right-hand,0.3148,0.6852
3,3.5,right-hand,0.2693,0.7307
3,3.5,left-hand,0.2995,0.7005
3,3.5,left-hand,0.7111,0.2889
3,3.5,right-hand,0.7255,0.2745
3,3.5,left-hand,0.2293,0.7707
3,3.5,left-hand,0.3112,0.6888
3,3.5,right-hand,0.1281,0.8719
3,3.5,left-hand,0.6662,0.3338
3,3.5,right-hand,0.6137,0.3863
3,3.5,left-hand,0.6756,0.3244
3,3.5,left-hand,0.4146,0.5854
3,3.5,left-hand,0.3757,0.6243
3,3.5,right-hand,0.2446,0.7554
3,3.5,left-hand,0.2758,0.7242
3,3.5,right-hand,0.2784,0.7216
3,3.5,right-hand,0.309,0.691
3,3.5,left-hand,0.7629,0.2371
3,3.5,left-hand,0.7491,0.2509
3,3.5,right-hand,0.5654,0.4346
3,3.5,left-hand,0.7269,0.2731
3,3.5,left-hand,0.7144,0.2856
3,3.5,left-hand,0.5552,0.4448
3,3.5,right-hand,0.0789,0.9211
3,3.5,left-hand,0.8779,0.1221
3,3.5,left-hand,0.4846,0.5154
3,3.5,left-hand,0.7465,0.2535
3,3.5,right-hand,0.215,0.785
3,3.5,left-hand,0.7657,0.2343
3,3.5,left-hand,0.3796,0.6204
3,3.5,left-hand,0.8173,0.1827
3,3.5,right-hand,0.512,0.488
3,3.5,left-hand,0.5888,0.4112
3,3.5,right-hand,0.4119,0.5881
3,3.5,right-hand,0.1698,0.8302
3,3.5,right-hand,0.4292,0.5708
3,3.5,right-hand,0.5414,0.4586
3,3.5,left-hand,0.7104,0.2896
3,3.5,left-hand,0.2258,0.7742
3,3.5,left-hand,0.8133,0.1867
3,3.5,right-hand,0.3522,0.6478
3,3.5,left-hand,0.9401,0.0599
3,3.5,right-hand,0.7647,0.2353
3,3.5,right-hand,0.6578,0.3422
3,3.5,right-hand,0.1595,0.8405
3,3.5,left-hand,0.8072,0.1928
3,3.5,right-hand,0.1248,0.8752
3,3.5,left-hand,0.5568,0.4432
3,3.5,right-hand,0.1512,0.8488
3,3.5,right-hand,0.704,0.296
3,3.5,left-hand,0.4844,0.5156
3,3.5,right-hand,0.1209,0.8791
3,3.5,right-hand,0.1248,0.8752
3,3.5,right-hand,0.796,0.204
3,3.5,left-hand,0.7715,0.2285
3,3.5,left-hand,0.6378,0.3622
3,3.5,left-hand,0.2986,0.7014
3,3.5,left-hand,0.8066,0.1934
3,3.5,left-hand,0.2585,0.7415
3,3.5,right-hand,0.2714,0.7286
3,3.5,right-hand,0.3111,0.6889
3,3.5,left-hand,0.3171,0.6829
3,3.5,right-hand,0.2308,0.7692
3,3.5,left-hand,0.3606,0.6394
3,3.5,right-hand,0.2397,0.7603
3,3.5,right-hand,0.3088,0.6912
3,3.5,left-hand,0.6837,0.3163
3,3.5,left-hand,0.7865,0.2135
3,3.5,right-hand,0.8069,0.1931
3,3.5,right-hand,0.6992,0.3008
3,3.5,left-hand,0.8279,0.1721
3,3.5,right-hand,0.1538,0.8462
3,3.5,right-hand,0.0731,0.9269
3,3.5,right-hand,0.099,0.901
3,3.5,right-hand,0.6284,0.3716
3,3.5,right-hand,0.3546,0.6454
3,3.5,left-hand,0.8349,0.1651
3,3.5,right-hand,0.1248,0.8752
3,3.5,right-hand,0.1268,0.8732
3,3.5,right-hand,0.1196,0.8804
3,3.5,right-hand,0.117,0.883
3,3.5,right-hand,0.3835,0.6165
3,3.5,left-hand,0.735,0.265
3,3.5,left-hand,0.8293,0.1707
3,3.5,left-hand,0.8782,0.1218
3,3.5,left-hand,0.8157,0.1843
3,3.5,left-hand,0.4621,0.5379
3,3.5,right-hand,0.892,0.108
3,3.5,left-hand,0.8531,0.1469
3,3.5,right-hand,0.2434,0.7566
3,3.5,left-hand,0.8487,0.1513
3,3.5,right-hand,0.6363,0.3637
3,3.5,left-hand,0.1259,0.8741
3,3.5,left-hand,0.6723,0.3277
3,3.5,right-hand,0.1113,0.8887
3,3.5,right-hand,0.3356,0.6644
3,3.5,left-hand,0.69,0.31
3,3.5,right-hand,0.267,0.733
3,3.5,right-hand,0.0987,0.9013
3,3.5,right-hand,0.2508,0.7492
3,3.5,left-hand,0.869,0.131
3,3.5,right-hand,0.3013,0.6987
3,3.5,right-hand,0.2337,0.7663
3,3.5,left-hand,0.8937,0.1063
3,3.5,right-hand,0.1064,0.8936
3,3.5,left-hand,0.7286,0.2714
3,3.5,left-hand,0.8611,0.1389
3,3.5,left-hand,0.6768,0.3232
3,3.5,right-hand,0.2967,0.7033
3,3.5,left-hand,0.2917,0.7083
3,3.5,left-hand,0.8242,0.1758
3,3.5,right-hand,0.1351,0.8649
3,3.5,right-hand,0.2697,0.7303
3,3.5,left-hand,0.5866,0.4134
3,3.5,right-hand,0.1194,0.8806
3,3.5,left-hand,0.3884,0.6116
3,3.5,right-hand,0.1513,0.8487
3,3.5,right-hand,0.203,0.797
3,3.5,left-hand,0.8252,0.1748
3,3.5,left-hand,0.8891,0.1109
3,3.5,left-hand,0.6874,0.3126
3,3.5,left-hand,0.8053,0.1947
3,3.5,left-hand,0.7542,0.2458
3,3.5,right-hand,0.8789,0.1211
3,3.5,right-hand,0.2608,0.7392
3,3.5,right-hand,0.205,0.795
3,3.5,right-hand,0.17,0.83
3,3.5,right-hand,0.5405,0.4595
3,3.5,right-hand,0.3241,0.6759
3,3.5,left-hand,0.9534,0.0466
3,3.5,right-hand,0.2975,0.7025
3,3.5,right-hand,0.4753,0.5247
3,3.5,right-hand,0.3791,0.6209
3,3.5,right-hand,0.4376,0.5624
3,3.5,left-hand,0.8458,0.1542
3,3.5,right-hand,0.8096,0.1904
3,3.5,right-hand,0.4303,0.5697
3,3.5,left-hand,0.8449,0.1551
3,3.5,left-hand,0.6414,0.3586
3,3.5,right-hand,0.3143,0.6857
3,3.5,left-hand,0.8697,0.1303
3,3.5,left-hand,0.9496,0.0504
3,3.5,left-hand,0.6869,0.3131
3,3.5,right-hand,0.2988,0.7012
3,3.5,left-hand,0.8309,0.1691
4,3.5,right-hand,0.6418,0.3582
4,3.5,right-hand,0.7873,0.2127
4,3.5,left-hand,0.1656,0.8344
4,3.5,right-hand,0.5558,0.4442
4,3.5,left-hand,0.7056,0.2944
4,3.5,right-hand,0.1806,0.8194
4,3.5,right-hand,0.7064,0.2936
4,3.5,right-hand,0.626,0.374
4,3.5,right-hand,0.7266,0.2734
4,3.5,right-hand,0.2054,0.7946
4,3.5,left-hand,0.169,0.831
4,3.5,left-hand,0.4251,0.5749
4,3.5,right-hand,0.2123,0.7877
4,3.5,left-hand,0.861,0.139
4,3.5,right-hand,0.3982,0.6018
4,3.5,left-hand,0.5391,0.4609
4,3.5,right-hand,0.7149,0.2851
4,3.5,left-hand,0.3792,0.6208
4,3.5,right-hand,0.2525,0.7475
4,3.5,left-hand,0.622,0.378
4,3.5,right-hand,0.0169,0.9831
4,3.5,left-hand,0.4869,0.5131
4,3.5,right-hand,0.2454,0.7546
4,3.5,left-hand,0.1735,0.8265
4,3.5,right-hand,0.6149,0.3851
4,3.5,left-hand,0.1919,0.8081
4,3.5,left-hand,0.5488,0.4512
4,3.5,left-hand,0.3362,0.6638
4,3.5,left-hand,0.1721,0.8279
4,3.5,right-hand,0.4377,0.5623
4,3.5,left-hand,0.2504,0.7496
4,3.5,right-hand,0.0892,0.9108
4,3.5,left-hand,0.1633,0.8367
4,3.5,right-hand,0.2687,0.7313
4,3.5,left-hand,0.8165,0.1835
4,3.5,right-hand,0.3102,0.6898
4,3.5,left-hand,0.6518,0.3482
4,3.5,right-hand,0.522,0.478
4,3.5,right-hand,0.1623,0.8377
4,3.5,left-hand,0.7596,0.2404
4,3.5,right-hand,0.2857,0.7143
4,3.5,right-hand,0.4403,0.5597
4,3.5,left-hand,0.7815,0.2185
4,3.5,right-hand,0.4245,0.5755
4,3.5,right-hand,0.7761,0.2239
4,3.5,right-hand,0.0403,0.9597
4,3.5,left-hand,0.68,0.32
4,3.5,right-hand,0.6465,0.3535
4,3.5,left-hand,0.0853,0.9147
4,3.5,left-hand,0.2482,0.7518
4,3.5,left-hand,0.4386,0.5614
4,3.5,right-hand,0.7923,0.2077
4,3.5,left-hand,0.6274,0.3726
4,3.5,left-hand,0.8031,0.1969
4,3.5,right-hand,0.1409,0.8591
4,3.5,right-hand,0.1069,0.8931
4,3.5,left-hand,0.7725,0.2275
4,3.5,left-hand,0.6568,0.3432
4,3.5,left-hand,0.7885,0.2115
4,3.5,right-hand,0.4089,0.5911
4,3.5,right-hand,0.2939,0.7061
4,3.5,right-hand,0.1093,0.8907
4,3.5,left-hand,0.9013,0.0987
4,3.5,right-hand,0.4852,0.5148
4,3.5,left-hand,0.8027,0.1973
4,3.5,left-hand,0.8907,0.1093
4,3.5,right-hand,0.0952,0.9048
4,3.5,right-hand,0.751,0.249
4,3.5,right-hand,0.0863,0.9137
4,3.5,left-hand,0.8978,0.1022
4,3.5,right-hand,0.1047,0.8953
4,3.5,left-hand,0.8753,0.1247
4,3.5,right-hand,0.1048,0.8952
4,3.5,right-hand,0.1125,0.8875
4,3.5,right-hand,0.5131,0.4869
4,3.5,left-hand,0.8764,0.1236
4,3.5,left-hand,0.6866,0.3134
4,3.5,right-hand,0.2108,0.7892
4,3.5,left-hand,0.7866,0.2134
4,3.5,left-hand,0.5241,0.4759
4,3.5,left-hand,0.919,0.081
4,3.5,left-hand,0.6969,0.3031
4,3.5,right-hand,0.2128,0.7872
4,3.5,left-hand,0.7783,0.2217
4,3.5,right-hand,0.1297,0.8703
4,3.5,left-hand,0.2945,0.7055
4,3.5,left-hand,0.9267,0.0733
4,3.5,right-hand,0.1828,0.8172
4,3.5,right-hand,0.3479,0.6521
4,3.5,left-hand,0.7355,0.2645
4,3.5,right-hand,0.1338,0.8662
4,3.5,right-hand,0.2975,0.7025
4,3.5,left-hand,0.641,0.359
4,3.5,left-hand,0.754,0.246
4,3.5,right-hand,0.0911,0.9089
4,3.5,right-hand,0.1889,0.8111
4,3.5,left-hand,0.9271,0.0729
4,3.5,left-hand,0.817,0.183
4,3.5,right-hand,0.1114,0.8886
4,3.5,right-hand,0.2853,0.7147
4,3.5,right-hand,0.4009,0.5991
4,3.5,left-hand,0.3197,0.6803
4,3.5,left-hand,0.6684,0.3316
4,3.5,right-hand,0.0931,0.9069
4,3.5,right-hand,0.4066,0.5934
4,3.5,left-hand,0.5904,0.4096
4,3.5,left-hand,0.2438,0.7562
4,3.5,right-hand,0.2675,0.7325
4,3.5,left-hand,0.4005,0.5995
4,3.5,left-hand,0.7705,0.2295
4,3.5,left-hand,0.1468,0.8532
4,3.5,right-hand,0.3401,0.6599
4,3.5,left-hand,0.2203,0.7797
4,3.5,left-hand,0.6706,0.3294
4,3.5,left-hand,0.6806,0.3194
4,3.5,right-hand,0.2069,0.7931
4,3.5,left-hand,0.2348,0.7652
4,3.5,left-hand,0.852,0.148
4,3.5,right-hand,0.1207,0.8793
4,3.5,left-hand,0.7003,0.2997
4,3.5,right-hand,0.2887,0.7113
4,3.5,left-hand,0.9172,0.0828
4,3.5,right-hand,0.2067,0.7933
4,3.5,left-hand,0.6899,0.3101
4,3.5,right-hand,0.1981,0.8019
4,3.5,left-hand,0.871,0.129
4,3.5,right-hand,0.7212,0.2788
4,3.5,right-hand,0.4816,0.5184
4,3.5,left-hand,0.9225,0.0775
4,3.5,left-hand,0.82,0.18
4,3.5,right-hand,0.1897,0.8103
4,3.5,left-hand,0.9463,0.0537
4,3.5,left-hand,0.8678,0.1322
4,3.5,right-hand,0.2538,0.7462
4,3.5,right-hand,0.2321,0.7679
4,3.5,right-hand,0.3555,0.6445
4,3.5,left-hand,0.7577,0.2423
4,3.5,left-hand,0.6566,0.3434
4,3.5,right-hand,0.3221,0.6779
4,3.5,left-hand,0.8011,0.1989
4,3.5,right-hand,0.5037,0.4963
4,3.5,left-hand,0.811,0.189
4,3.5,left-hand,0.8027,0.1973
4,3.5,right-hand,0.1609,0.8391
4,3.5,right-hand,0.7744,0.2256
4,3.5,left-hand,0.8087,0.1913
4,3.5,left-hand,0.8407,0.1593
4,3.5,right-hand,0.2891,0.7109
4,3.5,right-hand,0.2146,0.7854
4,3.5,right-hand,0.1548,0.8452
4,3.5,right-hand,0.4163,0.5837
4,3.5,left-hand,0.7313,0.2687
5,3.5,left-hand,0.1573,0.8427
5,3.5,left-hand,0.1635,0.8365
5,3.5,left-hand,0.4887,0.5113
5,3.5,left-hand,0.3877,0.6123
5,3.5,right-hand,0.5291,0.4709
5,3.5,right-hand,0.199,0.801
5,3.5,right-hand,0.3855,0.6145
5,3.5,left-hand,0.4162,0.5838
5,3.5,left-hand,0.4069,0.5931
5,3.5,left-hand,0.6184,0.3816
5,3.5,right-hand,0.5748,0.4252
5,3.5,left-hand,0.1782,0.8218
5,3.5,left-hand,0.6514,0.3486
5,3.5,left-hand,0.467,0.533
5,3.5,right-hand,0.2509,0.7491
5,3.5,left-hand,0.7132,0.2868
5,3.5,left-hand,0.5906,0.4094
5,3.5,left-hand,0.5664,0.4336
5,3.5,right-hand,0.3221,0.6779
5,3.5,right-hand,0.6545,0.3455
5,3.5,right-hand,0.4652,0.5348
5,3.5,right-hand,0.781,0.219
5,3.5,left-hand,0.1135,0.8865
5,3.5,left-hand,0.5751,0.4249
5,3.5,right-hand,0.7304,0.2696
5,3.5,left-hand,0.3439,0.6561
5,3.5,left-hand,0.6266,0.3734
5,3.5,left-hand,0.1313,0.8687
5,3.5,right-hand,0.3067,0.6933
5,3.5,right-hand,0.154,0.846
5,3.5,right-hand,0.649,0.351
5,3.5,right-hand,0.1386,0.8614
5,3.5,right-hand,0.1822,0.8178
5,3.5,right-hand,0.1857,0.8143
5,3.5,left-hand,0.4824,0.5176
5,3.5,left-hand,0.1202,0.8798
5,3.5,left-hand,0.7721,0.2279
5,3.5,left-hand,0.461,0.539
5,3.5,right-hand,0.1499,0.8501
5,3.5,right-hand,0.8454,0.1546
5,3.5,right-hand,0.2944,0.7056
5,3.5,right-hand,0.1562,0.8438
5,3.5,left-hand,0.8074,0.1926
5,3.5,right-hand,0.6276,0.3724
5,3.5,right-hand,0.5382,0.4618
5,3.5,left-hand,0.1062,0.8938
5,3.5,left-hand,0.7163,0.2837
5,3.5,right-hand,0.7826,0.2174
5,3.5,right-hand,0.6338,0.3662
5,3.5,right-hand,0.34,0.66
5,3.5,right-hand,0.5758,0.4242
5,3.5,right-hand,0.2582,0.7418
5,3.5,right-hand,0.4612,0.5388
5,3.5,left-hand,0.796,0.204
5,3.5,left-hand,0.4715,0.5285
5,3.5,left-hand,0.2777,0.7223
5,3.5,right-hand,0.6739,0.3261
5,3.5,right-hand,0.1612,0.8388
5,3.5,left-hand,0.3377,0.6623
5,3.5,left-hand,0.7789,0.2211
5,3.5,right-hand,0.0996,0.9004
5,3.5,right-hand,0.771,0.229
5,3.5,left-hand,0.2985,0.7015
5,3.5,left-hand,0.7641,0.2359
5,3.5,left-hand,0.8299,0.1701
5,3.5,left-hand,0.9014,0.0986
5,3.5,left-hand,0.1961,0.8039
5,3.5,left-hand,0.9358,0.0642
5,3.5,left-hand,0.8222,0.1778
5,3.5,right-hand,0.1206,0.8794
5,3.5,right-hand,0.2059,0.7941
5,3.5,left-hand,0.5578,0.4422
5,3.5,left-hand,0.7898,0.2102
5,3.5,left-hand,0.1995,0.8005
5,3.5,left-hand,0.8067,0.1933
5,3.5,right-hand,0.0884,0.9116
5,3.5,right-hand,0.3116,0.6884
5,3.5,left-hand,0.5902,0.4098
5,3.5,right-hand,0.2846,0.7154
5,3.5,left-hand,0.0288,0.9712
5,3.5,right-hand,0.0992,0.9008
5,3.5,left-hand,0.7364,0.2636
5,3.5,right-hand,0.1213,0.8787
5,3.5,left-hand,0.6064,0.3936
5,3.5,right-hand,0.0881,0.9119
5,3.5,right-hand,0.4559,0.5441
5,3.5,left-hand,0.696,0.304
5,3.5,left-hand,0.937,0.063
5,3.5,right-hand,0.3024,0.6976
5,3.5,right-hand,0.2343,0.7657
5,3.5,right-hand,0.0926,0.9074
5,3.5,left-hand,0.3987,0.6013
5,3.5,right-hand,0.2668,0.7332
5,3.5,left-hand,0.9449,0.0551
5,3.5,left-hand,0.4789,0.5211
5,3.5,left-hand,0.78,0.22
5,3.5,left-hand,0.4113,0.5887
5,3.5,left-hand,0.7937,0.2063
5,3.5,right-hand,0.0845,0.9155
5,3.5,right-hand,0.2168,0.7832
5,3.5,left-hand,0.6261,0.3739
5,3.5,right-hand,0.256,0.744
5,3.5,right-hand,0.1682,0.8318
5,3.5,right-hand,0.3838,0.6162
5,3.5,right-hand,0.1097,0.8903
5,3.5,left-hand,0.8271,0.1729
5,3.5,left-hand,0.744,0.256
5,3.5,left-hand,0.7973,0.2027
5,3.5,left-hand,0.8832,0.1168
5,3.5,right-hand,0.1333,0.8667
5,3.5,right-hand,0.1571,0.8429
5,3.5,left-hand,0.2754,0.7246
5,3.5,right-hand,0.196,0.804
5,3.5,right-hand,0.6947,0.3053
5,3.5,right-hand,0.3941,0.6059
5,3.5,right-hand,0.4379,0.5621
5,3.5,left-hand,0.8899,0.1101
5,3.5,left-hand,0.7797,0.2203
5,3.5,left-hand,0.6344,0.3656
5,3.5,right-hand,0.0563,0.9437
5,3.5,right-hand,0.1818,0.8182
5,3.5,right-hand,0.1402,0.8598
5,3.5,right-hand,0.6865,0.3135
5,3.5,left-hand,0.4726,0.5274
5,3.5,left-hand,0.4001,0.5999
5,3.5,left-hand,0.7706,0.2294
5,3.5,right-hand,0.3464,0.6536
5,3.5,left-hand,0.8405,0.1595
5,3.5,left-hand,0.8604,0.1396
5,3.5,right-hand,0.294,0.706
5,3.5,right-hand,0.2187,0.7813
5,3.5,right-hand,0.3253,0.6747
5,3.5,right-hand,0.3213,0.6787
5,3.5,right-hand,0.6619,0.3381
5,3.5,right-hand,0.2154,0.7846
5,3.5,left-hand,0.7291,0.2709
5,3.5,left-hand,0.6963,0.3037
5,3.5,right-hand,0.2303,0.7697
5,3.5,right-hand,0.6377,0.3623
5,3.5,left-hand,0.8815,0.1185
5,3.5,right-hand,0.1417,0.8583
5,3.5,right-hand,0.5608,0.4392
5,3.5,left-hand,0.8429,0.1571
5,3.5,left-hand,0.6585,0.3415
5,3.5,left-hand,0.7325,0.2675
5,3.5,right-hand,0.3268,0.6732
5,3.5,right-hand,0.2307,0.7693
5,3.5,right-hand,0.3668,0.6332
5,3.5,left-hand,0.8611,0.1389
5,3.5,left-hand,0.8156,0.1844
5,3.5,right-hand,0.5634,0.4366
5,3.5,left-hand,0.7644,0.2356
