fold,tmin,true_label,left-hand,right-hand
1,3.5,left-hand,0.4776,0.5224
1,3.5,right-hand,0.4141,0.5859
1,3.5,left-hand,0.4567,0.5433
1,3.5,left-hand,0.8065,0.1935
1,3.5,left-hand,0.3861,0.6139
1,3.5,right-hand,0.4944,0.5056
1,3.5,right-hand,0.6808,0.3192
1,3.5,right-hand,0.3608,0.6392
1,3.5,right-hand,0.8899,0.1101
1,3.5,left-hand,0.5428,0.4572
1,3.5,right-hand,0.2433,0.7567
1,3.5,left-hand,0.3563,0.6437
1,3.5,right-hand,0.5905,0.4095
1,3.5,left-hand,0.6501,0.3499
1,3.5,right-hand,0.7039,0.2961
1,3.5,left-hand,0.7216,0.2784
1,3.5,right-hand,0.4465,0.5535
1,3.5,left-hand,0.3298,0.6702
1,3.5,left-hand,0.107,0.893
1,3.5,right-hand,0.4505,0.5495
1,3.5,left-hand,0.5904,0.4096
1,3.5,left-hand,0.6528,0.3472
1,3.5,left-hand,0.4469,0.5531
1,3.5,right-hand,0.6778,0.3222
1,3.5,left-hand,0.3456,0.6544
1,3.5,right-hand,0.5902,0.4098
1,3.5,right-hand,0.3557,0.6443
1,3.5,left-hand,0.3982,0.6018
1,3.5,left-hand,0.3922,0.6078
1,3.5,right-hand,0.4072,0.5928
1,3.5,right-hand,0.4776,0.5224
1,3.5,right-hand,0.2359,0.7641
1,3.5,right-hand,0.3431,0.6569
1,3.5,left-hand,0.4789,0.5211
1,3.5,left-hand,0.6533,0.3467
1,3.5,right-hand,0.325,0.675
1,3.5,left-hand,0.5168,0.4832
1,3.5,right-hand,0.3761,0.6239
1,3.5,left-hand,0.3862,0.6138
1,3.5,right-hand,0.111,0.889
1,3.5,right-hand,0.759,0.241
1,3.5,left-hand,0.3745,0.6255
1,3.5,left-hand,0.4389,0.5611
1,3.5,right-hand,0.3466,0.6534
1,3.5,right-hand,0.0438,0.9562
1,3.5,right-hand,0.815,0.185
1,3.5,left-hand,0.4868,0.5132
1,3.5,left-hand,0.122,0.878
1,3.5,left-hand,0.7156,0.2844
1,3.5,left-hand,0.3487,0.6513
1,3.5,right-hand,0.4434,0.5566
1,3.5,left-hand,0.4473,0.5527
1,3.5,left-hand,0.1548,0.8452
1,3.5,right-hand,0.4488,0.5512
1,3.5,right-hand,0.1515,0.8485
1,3.5,right-hand,0.4197,0.5803
1,3.5,right-hand,0.3907,0.6093
1,3.5,left-hand,0.662,0.338
1,3.5,right-hand,0.6652,0.3348
1,3.5,left-hand,0.5108,0.4892
1,3.5,right-hand,0.3216,0.6784
1,3.5,right-hand,0.2038,0.7962
1,3.5,left-hand,0.6018,0.3982
1,3.5,left-hand,0.3207,0.6793
1,3.5,left-hand,0.5209,0.4791
1,3.5,right-hand,0.3487,0.6513
1,3.5,left-hand,0.4481,0.5519
1,3.5,right-hand,0.3867,0.6133
1,3.5,right-hand,0.3945,0.6055
1,3.5,right-hand,0.1249,0.8751
1,3.5,right-hand,0.1408,0.8592
1,3.5,left-hand,0.5733,0.4267
1,3.5,left-hand,0.7752,0.2248
1,3.5,right-hand,0.5732,0.4268
1,3.5,right-hand,0.6886,0.3114
1,3.5,right-hand,0.4977,0.5023
1,3.5,right-hand,0.2874,0.7126
1,3.5,left-hand,0.5091,0.4909
1,3.5,right-hand,0.2843,0.7157
1,3.5,right-hand,0.5653,0.4347
1,3.5,left-hand,0.4945,0.5055
1,3.5,right-hand,0.366,0.634
1,3.5,left-hand,0.7058,0.2942
1,3.5,left-hand,0.6615,0.3385
1,3.5,left-hand,0.8766,0.1234
1,3.5,right-hand,0.8329,0.1671
1,3.5,left-hand,0.8222,0.1778
1,3.5,left-hand,0.8459,0.1541
1,3.5,left-hand,0.7244,0.2756
1,3.5,right-hand,0.7998,0.2002
1,3.5,left-hand,0.795,0.205
1,3.5,right-hand,0.694,0.306
1,3.5,right-hand,0.3378,0.6622
1,3.5,right-hand,0.0702,0.9298
1,3.5,right-hand,0.1475,0.8525
1,3.5,right-hand,0.6117,0.3883
1,3.5,left-hand,0.1891,0.8109
1,3.5,right-hand,0.3203,0.6797
1,3.5,right-hand,0.8004,0.1996
1,3.5,left-hand,0.7095,0.2905
1,3.5,right-hand,0.6754,0.3246
1,3.5,left-hand,0.8778,0.1222
1,3.5,left-hand,0.2761,0.7239
1,3.5,right-hand,0.498,0.502
1,3.5,right-hand,0.3721,0.6279
1,3.5,left-hand,0.6892,0.3108
1,3.5,left-hand,0.7333,0.2667
1,3.5,left-hand,0.418,0.582
1,3.5,right-hand,0.4635,0.5365
1,3.5,right-hand,0.6142,0.3858
1,3.5,left-hand,0.2438,0.7562
1,3.5,right-hand,0.6127,0.3873
1,3.5,left-hand,0.6663,0.3337
1,3.5,left-hand,0.6549,0.3451
1,3.5,left-hand,0.9097,0.0903
1,3.5,left-hand,0.5787,0.4213
1,3.5,left-hand,0.3559,0.6441
1,3.5,right-hand,0.3994,0.6006
1,3.5,right-hand,0.4872,0.5128
1,3.5,left-hand,0.571,0.429
1,3.5,left-hand,0.6361,0.3639
1,3.5,left-hand,0.3781,0.6219
1,3.5,right-hand,0.5806,0.4194
1,3.5,left-hand,0.5739,0.4261
1,3.5,left-hand,0.391,0.609
1,3.5,left-hand,0.3887,0.6113
1,3.5,left-hand,0.4668,0.5332
1,3.5,left-hand,0.8267,0.1733
1,3.5,left-hand,0.4867,0.5133
1,3.5,right-hand,0.6462,0.3538
1,3.5,right-hand,0.7836,0.2164
1,3.5,right-hand,0.7055,0.2945
1,3.5,right-hand,0.4418,0.5582
1,3.5,left-hand,0.5183,0.4817
1,3.5,left-hand,0.3233,0.6767
1,3.5,right-hand,0.698,0.302
1,3.5,left-hand,0.6882,0.3118
1,3.5,right-hand,0.3145,0.6855
1,3.5,right-hand,0.6871,0.3129
1,3.5,right-hand,0.2713,0.7287
1,3.5,left-hand,0.5031,0.4969
1,3.5,left-hand,0.679,0.321
1,3.5,right-hand,0.8574,0.1426
1,3.5,right-hand,0.3502,0.6498
2,3.5,right-hand,0.6942,0.3058
2,3.5,right-hand,0.529,0.471
2,3.5,left-hand,0.8041,0.1959
2,3.5,left-hand,0.8251,0.1749
2,3.5,right-hand,0.3944,0.6056
2,3.5,left-hand,0.5042,0.4958
2,3.5,left-hand,0.082,0.918
2,3.5,left-hand,0.6903,0.3097
2,3.5,right-hand,0.3034,0.6966
2,3.5,left-hand,0.7858,0.2142
2,3.5,right-hand,0.2626,0.7374
2,3.5,right-hand,0.3887,0.6113
2,3.5,right-hand,0.6369,0.3631
2,3.5,left-hand,0.3209,0.6791
2,3.5,right-hand,0.3102,0.6898
2,3.5,left-hand,0.9287,0.0713
2,3.5,right-hand,0.7258,0.2742
2,3.5,left-hand,0.76,0.24
2,3.5,left-hand,0.1884,0.8116
2,3.5,right-hand,0.3558,0.6442
2,3.5,left-hand,0.543,0.457
2,3.5,right-hand,0.6692,0.3308
2,3.5,left-hand,0.2231,0.7769
2,3.5,right-hand,0.1376,0.8624
2,3.5,left-hand,0.8181,0.1819
2,3.5,left-hand,0.754,0.246
2,3.5,right-hand,0.4398,0.5602
2,3.5,left-hand,0.4334,0.5666
2,3.5,left-hand,0.2923,0.7077
2,3.5,left-hand,0.4408,0.5592
2,3.5,left-hand,0.6299,0.3701
2,3.5,right-hand,0.271,0.729
2,3.5,right-hand,0.1295,0.8705
2,3.5,left-hand,0.3637,0.6363
2,3.5,right-hand,0.2054,0.7946
2,3.5,left-hand,0.106,0.894
2,3.5,left-hand,0.8473,0.1527
2,3.5,right-hand,0.3295,0.6705
2,3.5,right-hand,0.5372,0.4628
2,3.5,right-hand,0.6032,0.3968
2,3.5,left-hand,0.1328,0.8672
2,3.5,left-hand,0.2189,0.7811
2,3.5,left-hand,0.6011,0.3989
2,3.5,left-hand,0.2002,0.7998
2,3.5,right-hand,0.2418,0.7582
2,3.5,right-hand,0.3496,0.6504
2,3.5,left-hand,0.6679,0.3321
2,3.5,right-hand,0.0364,0.9636
2,3.5,left-hand,0.4384,0.5616
2,3.5,right-hand,0.9131,0.0869
2,3.5,left-hand,0.4602,0.5398
2,3.5,left-hand,0.1633,0.8367
2,3.5,right-hand,0.7592,0.2408
2,3.5,left-hand,0.1455,0.8545
2,3.5,left-hand,0.7522,0.2478
2,3.5,right-hand,0.0367,0.9633
2,3.5,left-hand,0.1743,0.8257
2,3.5,left-hand,0.6517,0.3483
2,3.5,left-hand,0.3777,0.6223
2,3.5,right-hand,0.2673,0.7327
2,3.5,left-hand,0.3427,0.6573
2,3.5,right-hand,0.215,0.785
2,3.5,left-hand,0.879,0.121
2,3.5,right-hand,0.3144,0.6856
2,3.5,left-hand,0.3961,0.6039
2,3.5,left-hand,0.5086,0.4914
2,3.5,right-hand,0.1879,0.8121
2,3.5,right-hand,0.3678,0.6322
2,3.5,right-hand,0.4468,0.5532
2,3.5,left-hand,0.6623,0.3377
2,3.5,left-hand,0.0989,0.9011
2,3.5,left-hand,0.4758,0.5242
2,3.5,right-hand,0.8142,0.1858
2,3.5,left-hand,0.3777,0.6223
2,3.5,right-hand,0.2703,0.7297
2,3.5,right-hand,0.6998,0.3002
2,3.5,left-hand,0.1283,0.8717
2,3.5,left-hand,0.496,0.504
2,3.5,left-hand,0.3076,0.6924
2,3.5,left-hand,0.6413,0.3587
2,3.5,left-hand,0.3821,0.6179
2,3.5,left-hand,0.1098,0.8902
2,3.5,right-hand,0.4277,0.5723
2,3.5,right-hand,0.3966,0.6034
2,3.5,right-hand,0.3847,0.6153
2,3.5,right-hand,0.6215,0.3785
2,3.5,right-hand,0.6974,0.3026
2,3.5,right-hand,0.6332,0.3668
2,3.5,left-hand,0.3224,0.6776
2,3.5,right-hand,0.1314,0.8686
2,3.5,right-hand,0.2142,0.7858
2,3.5,right-hand,0.6529,0.3471
2,3.5,left-hand,0.2872,0.7128
2,3.5,right-hand,0.4023,0.5977
2,3.5,left-hand,0.6127,0.3873
2,3.5,right-hand,0.6808,0.3192
2,3.5,right-hand,0.5303,0.4697
2,3.5,left-hand,0.665,0.335
2,3.5,right-hand,0.5821,0.4179
2,3.5,left-hand,0.2632,0.7368
2,3.5,left-hand,0.8518,0.1482
2,3.5,left-hand,0.8448,0.1552
2,3.5,left-hand,0.4675,0.5325
2,3.5,right-hand,0.4906,0.5094
2,3.5,right-hand,0.7177,0.2823
2,3.5,left-hand,0.6893,0.3107
2,3.5,left-hand,0.6073,0.3927
2,3.5,right-hand,0.5685,0.4315
2,3.5,left-hand,0.6967,0.3033
2,3.5,left-hand,0.5239,0.4761
2,3.5,left-hand,0.7448,0.2552
2,3.5,right-hand,0.2039,0.7961
2,3.5,right-hand,0.341,0.659
2,3.5,right-hand,0.7976,0.2024
2,3.5,right-hand,0.6047,0.3953
2,3.5,right-hand,0.5534,0.4466
2,3.5,right-hand,0.3088,0.6912
2,3.5,right-hand,0.2239,0.7761
2,3.5,left-hand,0.587,0.413
2,3.5,right-hand,0.5068,0.4932
2,3.5,right-hand,0.2547,0.7453
2,3.5,right-hand,0.7022,0.2978
2,3.5,left-hand,0.5648,0.4352
2,3.5,left-hand,0.4476,0.5524
2,3.5,right-hand,0.4385,0.5615
2,3.5,left-hand,0.8885,0.1115
2,3.5,right-hand,0.6382,0.3618
2,3.5,right-hand,0.1177,0.8823
2,3.5,right-hand,0.6904,0.3096
2,3.5,left-hand,0.5063,0.4937
2,3.5,right-hand,0.7236,0.2764
2,3.5,right-hand,0.4934,0.5066
2,3.5,right-hand,0.1419,0.8581
2,3.5,right-hand,0.3131,0.6869
2,3.5,right-hand,0.5479,0.4521
2,3.5,left-hand,0.7622,0.2378
2,3.5,left-hand,0.4208,0.5792
2,3.5,left-hand,0.6177,0.3823
2,3.5,left-hand,0.7141,0.2859
2,3.5,right-hand,0.9102,0.0898
2,3.5,right-hand,0.274,0.726
2,3.5,left-hand,0.396,0.604
2,3.5,right-hand,0.2396,0.7604
2,3.5,left-hand,0.7604,0.2396
3,3.5,right-hand,0.8164,0.1836
3,3.5,right-hand,0.3764,0.6236
3,3.5,left-hand,0.488,0.512
3,3.5,right-hand,0.4632,0.5368
3,3.5,left-hand,0.362,0.638
3,3.5,right-hand,0.8411,0.1589
3,3.5,right-hand,0.5046,0.4954
3,3.5,left-hand,0.7937,0.2063
3,3.5,right-hand,0.2247,0.7753
3,3.5,right-hand,0.8342,0.1658
3,3.5,left-hand,0.486,0.514
3,3.5,right-hand,0.8329,0.1671
3,3.5,right-hand,0.4874,0.5126
3,3.5,left-hand,0.4595,0.5405
3,3.5,left-hand,0.8762,0.1238
3,3.5,right-hand,0.7215,0.2785
3,3.5,right-hand,0.1943,0.8057
3,3.5,right-hand,0.3534,0.6466
3,3.5,left-hand,0.8281,0.1719
3,3.5,right-hand,0.9117,0.0883
3,3.5,left-hand,0.4707,0.5293
3,3.5,right-hand,0.2903,0.7097
3,3.5,right-hand,0.3924,0.6076
3,3.5,left-hand,0.6355,0.3645
3,3.5,right-hand,0.5279,0.4721
3,3.5,left-hand,0.2146,0.7854
3,3.5,left-hand,0.5146,0.4854
3,3.5,left-hand,0.4222,0.5778
3,3.5,right-hand,0.2555,0.7445
3,3.5,left-hand,0.2804,0.7196
3,3.5,left-hand,0.3484,0.6516
3,3.5,left-hand,0.1226,0.8774
3,3.5,left-hand,0.6139,0.3861
3,3.5,right-hand,0.2693,0.7307
3,3.5,right-hand,0.5286,0.4714
3,3.5,left-hand,0.8129,0.1871
3,3.5,left-hand,0.0784,0.9216
3,3.5,left-hand,0.5432,0.4568
3,3.5,right-hand,0.5392,0.4608
3,3.5,left-hand,0.0778,0.9222
3,3.5,left-hand,0.4352,0.5648
3,3.5,right-hand,0.5284,0.4716
3,3.5,right-hand,0.1943,0.8057
3,3.5,left-hand,0.3655,0.6345
3,3.5,left-hand,0.4063,0.5937
3,3.5,right-hand,0.5638,0.4362
3,3.5,left-hand,0.3241,0.6759
3,3.5,right-hand,0.3773,0.6227
3,3.5,right-hand,0.4545,0.5455
3,3.5,left-hand,0.2801,0.7199
3,3.5,right-hand,0.8016,0.1984
3,3.5,right-hand,0.1604,0.8396
3,3.5,right-hand,0.5485,0.4515
3,3.5,left-hand,0.1939,0.8061
3,3.5,right-hand,0.5411,0.4589
3,3.5,left-hand,0.1327,0.8673
3,3.5,right-hand,0.4237,0.5763
3,3.5,left-hand,0.1248,0.8752
3,3.5,left-hand,0.7358,0.2642
3,3.5,left-hand,0.5774,0.4226
3,3.5,right-hand,0.2708,0.7292
3,3.5,right-hand,0.325,0.675
3,3.5,right-hand,0.2657,0.7343
3,3.5,left-hand,0.4019,0.5981
3,3.5,left-hand,0.3215,0.6785
3,3.5,right-hand,0.141,0.859
3,3.5,right-hand,0.1923,0.8077
3,3.5,right-hand,0.3869,0.6131
3,3.5,left-hand,0.6614,0.3386
3,3.5,left-hand,0.6262,0.3738
3,3.5,left-hand,0.8334,0.1666
3,3.5,left-hand,0.1735,0.8265
3,3.5,left-hand,0.7217,0.2783
3,3.5,left-hand,0.4629,0.5371
3,3.5,right-hand,0.1483,0.8517
3,3.5,left-hand,0.348,0.652
3,3.5,left-hand,0.3555,0.6445
3,3.5,right-hand,0.0429,0.9571
3,3.5,right-hand,0.4388,0.5612
3,3.5,right-hand,0.208,0.792
3,3.5,left-hand,0.7693,0.2307
3,3.5,right-hand,0.6028,0.3972
3,3.5,right-hand,0.5093,0.4907
3,3.5,right-hand,0.7441,0.2559
3,3.5,left-hand,0.7044,0.2956
3,3.5,right-hand,0.8847,0.1153
3,3.5,right-hand,0.5333,0.4667
3,3.5,right-hand,0.7562,0.2438
3,3.5,right-hand,0.5238,0.4762
3,3.5,left-hand,0.8613,0.1387
3,3.5,left-hand,0.5397,0.4603
3,3.5,left-hand,0.2727,0.7273
3,3.5,left-hand,0.4687,0.5313
3,3.5,left-hand,0.4369,0.5631
3,3.5,right-hand,0.6718,0.3282
3,3.5,left-hand,0.6699,0.3301
3,3.5,left-hand,0.3865,0.6135
3,3.5,right-hand,0.2989,0.7011
3,3.5,right-hand,0.7551,0.2449
3,3.5,right-hand,0.6802,0.3198
3,3.5,right-hand,0.3163,0.6837
3,3.5,right-hand,0.6691,0.3309
3,3.5,right-hand,0.2092,0.7908
3,3.5,right-hand,0.4191,0.5809
3,3.5,left-hand,0.26,0.74
3,3.5,left-hand,0.8633,0.1367
3,3.5,left-hand,0.7635,0.2365
3,3.5,left-hand,0.5443,0.4557
3,3.5,left-hand,0.2921,0.7079
3,3.5,right-hand,0.3558,0.6442
3,3.5,right-hand,0.6024,0.3976
3,3.5,left-hand,0.5065,0.4935
3,3.5,right-hand,0.2307,0.7693
3,3.5,right-hand,0.3904,0.6096
3,3.5,left-hand,0.4508,0.5492
3,3.5,left-hand,0.3899,0.6101
3,3.5,right-hand,0.5481,0.4519
3,3.5,left-hand,0.4134,0.5866
3,3.5,left-hand,0.454,0.546
3,3.5,left-hand,0.4019,0.5981
3,3.5,left-hand,0.5451,0.4549
3,3.5,right-hand,0.4619,0.5381
3,3.5,left-hand,0.6322,0.3678
3,3.5,right-hand,0.3857,0.6143
3,3.5,right-hand,0.4882,0.5118
3,3.5,left-hand,0.8098,0.1902
3,3.5,right-hand,0.6863,0.3137
3,3.5,left-hand,0.794,0.206
3,3.5,left-hand,0.3188,0.6812
3,3.5,left-hand,0.4303,0.5697
3,3.5,right-hand,0.4415,0.5585
3,3.5,left-hand,0.7958,0.2042
3,3.5,right-hand,0.77,0.23
3,3.5,left-hand,0.6372,0.3628
3,3.5,right-hand,0.5301,0.4699
3,3.5,left-hand,0.4684,0.5316
3,3.5,right-hand,0.6704,0.3296
3,3.5,right-hand,0.7544,0.2456
3,3.5,left-hand,0.5594,0.4406
3,3.5,right-hand,0.5904,0.4096
3,3.5,left-hand,0.4292,0.5708
3,3.5,right-hand,0.3018,0.6982
3,3.5,left-hand,0.596,0.404
3,3.5,right-hand,0.4206,0.5794
4,3.5,left-hand,0.0796,0.9204
4,3.5,right-hand,0.599,0.401
4,3.5,right-hand,0.5679,0.4321
4,3.5,left-hand,0.5188,0.4812
4,3.5,right-hand,0.4922,0.5078
4,3.5,left-hand,0.5191,0.4809
4,3.5,left-hand,0.1833,0.8167
4,3.5,right-hand,0.6859,0.3141
4,3.5,left-hand,0.4726,0.5274
4,3.5,left-hand,0.7154,0.2846
4,3.5,left-hand,0.6949,0.3051
4,3.5,right-hand,0.6105,0.3895
4,3.5,right-hand,0.8775,0.1225
4,3.5,right-hand,0.8457,0.1543
4,3.5,right-hand,0.5082,0.4918
4,3.5,left-hand,0.7499,0.2501
4,3.5,left-hand,0.5677,0.4323
4,3.5,left-hand,0.7372,0.2628
4,3.5,left-hand,0.2209,0.7791
4,3.5,right-hand,0.2144,0.7856
4,3.5,left-hand,0.2594,0.7406
4,3.5,right-hand,0.1776,0.8224
4,3.5,right-hand,0.6178,0.3822
4,3.5,right-hand,0.2446,0.7554
4,3.5,right-hand,0.6701,0.3299
4,3.5,left-hand,0.3785,0.6215
4,3.5,right-hand,0.6135,0.3865
4,3.5,right-hand,0.0494,0.9506
4,3.5,right-hand,0.3451,0.6549
4,3.5,left-hand,0.7143,0.2857
4,3.5,right-hand,0.6149,0.3851
4,3.5,left-hand,0.7393,0.2607
4,3.5,left-hand,0.4775,0.5225
4,3.5,right-hand,0.606,0.394
4,3.5,right-hand,0.1865,0.8135
4,3.5,right-hand,0.313,0.687
4,3.5,left-hand,0.6203,0.3797
4,3.5,left-hand,0.3102,0.6898
4,3.5,left-hand,0.5904,0.4096
4,3.5,right-hand,0.0751,0.9249
4,3.5,right-hand,0.2589,0.7411
4,3.5,left-hand,0.7132,0.2868
4,3.5,right-hand,0.184,0.816
4,3.5,right-hand,0.6458,0.3542
4,3.5,right-hand,0.344,0.656
4,3.5,left-hand,0.4866,0.5134
4,3.5,left-hand,0.6203,0.3797
4,3.5,left-hand,0.1359,0.8641
4,3.5,left-hand,0.5697,0.4303
4,3.5,left-hand,0.772,0.228
4,3.5,right-hand,0.0957,0.9043
4,3.5,right-hand,0.7335,0.2665
4,3.5,right-hand,0.0896,0.9104
4,3.5,left-hand,0.6727,0.3273
4,3.5,left-hand,0.3342,0.6658
4,3.5,right-hand,0.0556,0.9444
4,3.5,left-hand,0.4562,0.5438
4,3.5,left-hand,0.5603,0.4397
4,3.5,right-hand,0.5142,0.4858
4,3.5,right-hand,0.9421,0.0579
4,3.5,left-hand,0.7133,0.2867
4,3.5,right-hand,0.1157,0.8843
4,3.5,right-hand,0.107,0.893
4,3.5,left-hand,0.418,0.582
4,3.5,left-hand,0.6216,0.3784
4,3.5,left-hand,0.1323,0.8677
4,3.5,right-hand,0.3671,0.6329
4,3.5,right-hand,0.7307,0.2693
4,3.5,right-hand,0.6227,0.3773
4,3.5,right-hand,0.5972,0.4028
4,3.5,left-hand,0.213,0.787
4,3.5,left-hand,0.6915,0.3085
4,3.5,left-hand,0.3325,0.6675
4,3.5,right-hand,0.417,0.583
4,3.5,right-hand,0.7086,0.2914
4,3.5,left-hand,0.6,0.4
4,3.5,right-hand,0.5303,0.4697
4,3.5,left-hand,0.1382,0.8618
4,3.5,left-hand,0.5017,0.4983
4,3.5,left-hand,0.5017,0.4983
4,3.5,left-hand,0.29,0.71
4,3.5,right-hand,0.5701,0.4299
4,3.5,right-hand,0.343,0.657
4,3.5,left-hand,0.6152,0.3848
4,3.5,left-hand,0.725,0.275
4,3.5,left-hand,0.2307,0.7693
4,3.5,right-hand,0.5283,0.4717
4,3.5,right-hand,0.8802,0.1198
4,3.5,left-hand,0.5638,0.4362
4,3.5,left-hand,0.8378,0.1622
4,3.5,right-hand,0.8761,0.1239
4,3.5,right-hand,0.0666,0.9334
4,3.5,left-hand,0.5018,0.4982
4,3.5,left-hand,0.4367,0.5633
4,3.5,right-hand,0.6968,0.3032
4,3.5,left-hand,0.3078,0.6922
4,3.5,right-hand,0.7459,0.2541
4,3.5,left-hand,0.9258,0.0742
4,3.5,left-hand,0.3984,0.6016
4,3.5,right-hand,0.3443,0.6557
4,3.5,left-hand,0.6641,0.3359
4,3.5,right-hand,0.8084,0.1916
4,3.5,right-hand,0.6833,0.3167
4,3.5,right-hand,0.6864,0.3136
4,3.5,right-hand,0.4934,0.5066
4,3.5,right-hand,0.8057,0.1943
4,3.5,right-hand,0.2555,0.7445
4,3.5,left-hand,0.7967,0.2033
4,3.5,right-hand,0.8156,0.1844
4,3.5,left-hand,0.1428,0.8572
4,3.5,left-hand,0.2843,0.7157
4,3.5,right-hand,0.9205,0.0795
4,3.5,right-hand,0.0786,0.9214
4,3.5,right-hand,0.5715,0.4285
4,3.5,left-hand,0.5951,0.4049
4,3.5,left-hand,0.7146,0.2854
4,3.5,left-hand,0.2523,0.7477
4,3.5,right-hand,0.4392,0.5608
4,3.5,right-hand,0.1146,0.8854
4,3.5,left-hand,0.647,0.353
4,3.5,right-hand,0.4983,0.5017
4,3.5,right-hand,0.8054,0.1946
4,3.5,left-hand,0.7742,0.2258
4,3.5,left-hand,0.8208,0.1792
4,3.5,left-hand,0.2256,0.7744
4,3.5,right-hand,0.6707,0.3293
4,3.5,left-hand,0.5527,0.4473
4,3.5,right-hand,0.5191,0.4809
4,3.5,left-hand,0.1761,0.8239
4,3.5,left-hand,0.5563,0.4437
4,3.5,right-hand,0.1779,0.8221
4,3.5,left-hand,0.1913,0.8087
4,3.5,right-hand,0.6957,0.3043
4,3.5,right-hand,0.6572,0.3428
4,3.5,left-hand,0.7528,0.2472
4,3.5,right-hand,0.7265,0.2735
4,3.5,left-hand,0.3122,0.6878
4,3.5,left-hand,0.7349,0.2651
4,3.5,right-hand,0.4191,0.5809
4,3.5,left-hand,0.6542,0.3458
4,3.5,left-hand,0.3934,0.6066
4,3.5,right-hand,0.2716,0.7284
4,3.5,right-hand,0.5611,0.4389
4,3.5,left-hand,0.5879,0.4121
5,3.5,right-hand,0.6271,0.3729
5,3.5,left-hand,0.245,0.755
5,3.5,right-hand,0.6181,0.3819
5,3.5,left-hand,0.7811,0.2189
5,3.5,left-hand,0.7208,0.2792
5,3.5,left-hand,0.366,0.634
5,3.5,right-hand,0.3921,0.6079
5,3.5,right-hand,0.5026,0.4974
5,3.5,left-hand,0.6935,0.3065
5,3.5,left-hand,0.2871,0.7129
5,3.5,right-hand,0.7976,0.2024
5,3.5,left-hand,0.6041,0.3959
5,3.5,left-hand,0.8013,0.1987
5,3.5,left-hand,0.2208,0.7792
5,3.5,right-hand,0.4012,0.5988
5,3.5,right-hand,0.5105,0.4895
5,3.5,left-hand,0.7347,0.2653
5,3.5,left-hand,0.7306,0.2694
5,3.5,right-hand,0.1003,0.8997
5,3.5,right-hand,0.639,0.361
5,3.5,left-hand,0.7043,0.2957
5,3.5,right-hand,0.1522,0.8478
5,3.5,right-hand,0.1723,0.8277
5,3.5,left-hand,0.6664,0.3336
5,3.5,right-hand,0.3824,0.6176
5,3.5,right-hand,0.6392,0.3608
5,3.5,right-hand,0.6373,0.3627
5,3.5,right-hand,0.4002,0.5998
5,3.5,left-hand,0.3114,0.6886
5,3.5,left-hand,0.4553,0.5447
5,3.5,left-hand,0.6603,0.3397
5,3.5,left-hand,0.8116,0.1884
5,3.5,right-hand,0.7498,0.2502
5,3.5,left-hand,0.5381,0.4619
5,3.5,right-hand,0.1865,0.8135
5,3.5,right-hand,0.2808,0.7192
5,3.5,left-hand,0.3474,0.6526
5,3.5,left-hand,0.4074,0.5926
5,3.5,right-hand,0.0633,0.9367
5,3.5,left-hand,0.4678,0.5322
5,3.5,right-hand,0.1375,0.8625
5,3.5,left-hand,0.7686,0.2314
5,3.5,left-hand,0.127,0.873
5,3.5,right-hand,0.5705,0.4295
5,3.5,right-hand,0.2832,0.7168
5,3.5,right-hand,0.1847,0.8153
5,3.5,right-hand,0.5386,0.4614
5,3.5,left-hand,0.068,0.932
5,3.5,right-hand,0.6469,0.3531
5,3.5,right-hand,0.6418,0.3582
5,3.5,left-hand,0.3146,0.6854
5,3.5,left-hand,0.3993,0.6007
5,3.5,right-hand,0.0626,0.9374
5,3.5,right-hand,0.7282,0.2718
5,3.5,left-hand,0.0784,0.9216
5,3.5,left-hand,0.547,0.453
5,3.5,right-hand,0.3751,0.6249
5,3.5,right-hand,0.5038,0.4962
5,3.5,right-hand,0.6833,0.3167
5,3.5,right-hand,0.2915,0.7085
5,3.5,right-hand,0.5671,0.4329
5,3.5,right-hand,0.676,0.324
5,3.5,left-hand,0.1944,0.8056
5,3.5,right-hand,0.1305,0.8695
5,3.5,left-hand,0.499,0.501
5,3.5,right-hand,0.384,0.616
5,3.5,left-hand,0.3134,0.6866
5,3.5,left-hand,0.4161,0.5839
5,3.5,left-hand,0.3072,0.6928
5,3.5,left-hand,0.6039,0.3961
5,3.5,right-hand,0.7095,0.2905
5,3.5,right-hand,0.2318,0.7682
5,3.5,left-hand,0.645,0.355
5,3.5,left-hand,0.3028,0.6972
5,3.5,left-hand,0.2923,0.7077
5,3.5,left-hand,0.7643,0.2357
5,3.5,right-hand,0.2495,0.7505
5,3.5,right-hand,0.3039,0.6961
5,3.5,right-hand,0.4182,0.5818
5,3.5,right-hand,0.3257,0.6743
5,3.5,left-hand,0.6012,0.3988
5,3.5,right-hand,0.5845,0.4155
5,3.5,left-hand,0.1729,0.8271
5,3.5,left-hand,0.5314,0.4686
5,3.5,left-hand,0.7994,0.2006
5,3.5,right-hand,0.8107,0.1893
5,3.5,left-hand,0.5667,0.4333
5,3.5,right-hand,0.8195,0.1805
5,3.5,right-hand,0.0324,0.9676
5,3.5,left-hand,0.7957,0.2043
5,3.5,right-hand,0.7411,0.2589
5,3.5,left-hand,0.6378,0.3622
5,3.5,left-hand,0.4288,0.5712
5,3.5,left-hand,0.6137,0.3863
5,3.5,right-hand,0.1091,0.8909
5,3.5,left-hand,0.7886,0.2114
5,3.5,right-hand,0.3783,0.6217
5,3.5,right-hand,0.7702,0.2298
5,3.5,left-hand,0.6384,0.3616
5,3.5,left-hand,0.6342,0.3658
5,3.5,left-hand,0.5369,0.4631
5,3.5,left-hand,0.7377,0.2623
5,3.5,right-hand,0.8214,0.1786
5,3.5,right-hand,0.7151,0.2849
5,3.5,right-hand,0.6934,0.3066
5,3.5,right-hand,0.6841,0.3159
5,3.5,right-hand,0.5563,0.4437
5,3.5,right-hand,0.5193,0.4807
5,3.5,left-hand,0.8693,0.1307
5,3.5,left-hand,0.7885,0.2115
5,3.5,right-hand,0.8836,0.1164
5,3.5,right-hand,0.7617,0.2383
5,3.5,left-hand,0.5851,0.4149
5,3.5,left-hand,0.2691,0.7309
5,3.5,right-hand,0.1767,0.8233
5,3.5,left-hand,0.8273,0.1727
5,3.5,left-hand,0.6842,0.3158
5,3.5,left-hand,0.0984,0.9016
5,3.5,left-hand,0.4586,0.5414
5,3.5,right-hand,0.539,0.461
5,3.5,right-hand,0.1744,0.8256
5,3.5,right-hand,0.5856,0.4144
5,3.5,right-hand,0.7033,0.2967
5,3.5,left-hand,0.5005,0.4995
5,3.5,left-hand,0.4798,0.5202
5,3.5,left-hand,0.586,0.414
5,3.5,left-hand,0.8451,0.1549
5,3.5,left-hand,0.4492,0.5508
5,3.5,right-hand,0.7215,0.2785
5,3.5,right-hand,0.648,0.352
5,3.5,left-hand,0.7876,0.2124
5,3.5,right-hand,0.6861,0.3139
5,3.5,right-hand,0.3547,0.6453
5,3.5,left-hand,0.5671,0.4329
5,3.5,right-hand,0.6444,0.3556
5,3.5,right-hand,0.3977,0.6023
5,3.5,left-hand,0.4808,0.5192
5,3.5,left-hand,0.3205,0.6795
5,3.5,right-hand,0.751,0.249
5,3.5,left-hand,0.2585,0.7415
5,3.5,left-hand,0.7437,0.2563
5,3.5,right-hand,0.6511,0.3489
5,3.5,left-hand,0.7028,0.2972
5,3.5,right-hand,0.6638,0.3362
