fold,tmin,true_label,left-hand,right-hand
1,2.5,left-hand,0.0706,0.9294
1,2.5,right-hand,0.1795,0.8205
1,2.5,left-hand,0.1229,0.8771
1,2.5,right-hand,0.9851,0.0149
1,2.5,left-hand,0.9214,0.0786
1,2.5,right-hand,0.4906,0.5094
1,2.5,left-hand,0.7152,0.2848
1,2.5,right-hand,0.9825,0.0175
1,2.5,left-hand,0.9576,0.0424
1,2.5,left-hand,0.9733,0.0267
1,2.5,left-hand,0.5296,0.4704
1,2.5,right-hand,0.3611,0.6389
1,2.5,left-hand,0.9799,0.0201
1,2.5,right-hand,0.6076,0.3924
1,2.5,right-hand,0.7443,0.2557
1,2.5,left-hand,0.5671,0.4329
1,2.5,left-hand,0.9691,0.0309
1,2.5,right-hand,0.0394,0.9606
1,2.5,right-hand,0.0507,0.9493
1,2.5,right-hand,0.3301,0.6699
1,2.5,right-hand,0.9671,0.0329
1,2.5,left-hand,0.9823,0.0177
1,2.5,left-hand,0.2236,0.7764
1,2.5,left-hand,0.9791,0.0209
1,2.5,left-hand,0.7966,0.2034
1,2.5,left-hand,0.9793,0.0207
1,2.5,right-hand,0.2486,0.7514
1,2.5,right-hand,0.0166,0.9834
1,2.5,left-hand,0.403,0.597
1,2.5,left-hand,0.9456,0.0544
1,2.5,right-hand,0.1888,0.8112
1,2.5,right-hand,0.0484,0.9516
1,2.5,right-hand,0.6152,0.3848
1,2.5,right-hand,0.3616,0.6384
1,2.5,left-hand,0.9347,0.0653
1,2.5,right-hand,0.0377,0.9623
1,2.5,left-hand,0.6712,0.3288
1,2.5,right-hand,0.025,0.975
1,2.5,left-hand,0.972,0.028
1,2.5,left-hand,0.274,0.726
1,2.5,right-hand,0.9759,0.0241
1,2.5,left-hand,0.2002,0.7998
1,2.5,left-hand,0.989,0.011
1,2.5,right-hand,0.0582,0.9418
1,2.5,left-hand,0.4717,0.5283
1,2.5,left-hand,0.6088,0.3912
1,2.5,right-hand,0.1708,0.8292
1,2.5,right-hand,0.6749,0.3251
1,2.5,right-hand,0.0072,0.9928
1,2.5,left-hand,0.8065,0.1935
1,2.5,right-hand,0.0935,0.9065
1,2.5,right-hand,0.0171,0.9829
1,2.5,left-hand,0.8456,0.1544
1,2.5,right-hand,0.1922,0.8078
1,2.5,right-hand,0.809,0.191
1,2.5,right-hand,0.095,0.905
1,2.5,left-hand,0.9772,0.0228
1,2.5,left-hand,0.4027,0.5973
2,2.5,right-hand,0.4293,0.5707
2,2.5,left-hand,0.844,0.156
2,2.5,right-hand,0.0335,0.9665
2,2.5,left-hand,0.5896,0.4104
2,2.5,right-hand,0.3398,0.6602
2,2.5,right-hand,0.9044,0.0956
2,2.5,right-hand,0.2273,0.7727
2,2.5,right-hand,0.2747,0.7253
2,2.5,right-hand,0.0825,0.9175
2,2.5,left-hand,0.9073,0.0927
2,2.5,left-hand,0.5594,0.4406
2,2.5,right-hand,0.583,0.417
2,2.5,left-hand,0.29,0.71
2,2.5,left-hand,0.6316,0.3684
2,2.5,right-hand,0.0084,0.9916
2,2.5,left-hand,0.9659,0.0341
2,2.5,left-hand,0.9483,0.0517
2,2.5,right-hand,0.8219,0.1781
2,2.5,left-hand,0.9424,0.0576
2,2.5,right-hand,0.5419,0.4581
2,2.5,right-hand,0.1886,0.8114
2,2.5,left-hand,0.7288,0.2712
2,2.5,right-hand,0.4168,0.5832
2,2.5,left-hand,0.7475,0.2525
2,2.5,left-hand,0.9616,0.0384
2,2.5,right-hand,0.0183,0.9817
2,2.5,right-hand,0.398,0.602
2,2.5,left-hand,0.7742,0.2258
2,2.5,left-hand,0.7283,0.2717
2,2.5,right-hand,0.33,0.67
2,2.5,right-hand,0.2822,0.7178
2,2.5,left-hand,0.6587,0.3413
2,2.5,left-hand,0.0587,0.9413
2,2.5,left-hand,0.3274,0.6726
2,2.5,left-hand,0.9303,0.0697
2,2.5,right-hand,0.0808,0.9192
2,2.5,right-hand,0.0897,0.9103
2,2.5,right-hand,0.1197,0.8803
2,2.5,right-hand,0.2198,0.7802
2,2.5,left-hand,0.9773,0.0227
2,2.5,left-hand,0.9614,0.0386
2,2.5,left-hand,0.9847,0.0153
2,2.5,left-hand,0.9604,0.0396
2,2.5,left-hand,0.8189,0.1811
2,2.5,right-hand,0.1734,0.8266
2,2.5,right-hand,0.1669,0.8331
2,2.5,left-hand,0.5968,0.4032
2,2.5,right-hand,0.795,0.205
2,2.5,left-hand,0.3627,0.6373
2,2.5,right-hand,0.0105,0.9895
2,2.5,left-hand,0.1326,0.8674
2,2.5,left-hand,0.4915,0.5085
2,2.5,left-hand,0.7887,0.2113
2,2.5,right-hand,0.1461,0.8539
2,2.5,left-hand,0.5319,0.4681
2,2.5,right-hand,0.0225,0.9775
2,2.5,right-hand,0.01,0.99
2,2.5,right-hand,0.0055,0.9945
3,2.5,right-hand,0.9582,0.0418
3,2.5,left-hand,0.8827,0.1173
3,2.5,left-hand,0.5517,0.4483
3,2.5,left-hand,0.9953,0.0047
3,2.5,left-hand,0.977,0.023
3,2.5,right-hand,0.0507,0.9493
3,2.5,right-hand,0.5305,0.4695
3,2.5,left-hand,0.9343,0.0657
3,2.5,right-hand,0.1329,0.8671
3,2.5,left-hand,0.9675,0.0325
3,2.5,left-hand,0.8413,0.1587
3,2.5,right-hand,0.0891,0.9109
3,2.5,right-hand,0.1424,0.8576
3,2.5,right-hand,0.5255,0.4745
3,2.5,right-hand,0.4358,0.5642
3,2.5,left-hand,0.9669,0.0331
3,2.5,left-hand,0.9724,0.0276
3,2.5,right-hand,0.1005,0.8995
3,2.5,left-hand,0.78,0.22
3,2.5,right-hand,0.9623,0.0377
3,2.5,left-hand,0.2425,0.7575
3,2.5,right-hand,0.1046,0.8954
3,2.5,right-hand,0.013,0.987
3,2.5,left-hand,0.4854,0.5146
3,2.5,left-hand,0.0548,0.9452
3,2.5,right-hand,0.0344,0.9656
3,2.5,left-hand,0.1208,0.8792
3,2.5,right-hand,0.0049,0.9951
3,2.5,right-hand,0.0566,0.9434
3,2.5,left-hand,0.4645,0.5355
3,2.5,left-hand,0.1684,0.8316
3,2.5,left-hand,0.7595,0.2405
3,2.5,right-hand,0.2841,0.7159
3,2.5,left-hand,0.6125,0.3875
3,2.5,left-hand,0.6635,0.3365
3,2.5,right-hand,0.091,0.909
3,2.5,left-hand,0.9271,0.0729
3,2.5,right-hand,0.7468,0.2532
3,2.5,left-hand,0.4976,0.5024
3,2.5,right-hand,0.253,0.747
3,2.5,right-hand,0.9189,0.0811
3,2.5,right-hand,0.4687,0.5313
3,2.5,left-hand,0.2107,0.7893
3,2.5,right-hand,0.1028,0.8972
3,2.5,left-hand,0.2067,0.7933
3,2.5,right-hand,0.0621,0.9379
3,2.5,left-hand,0.901,0.099
3,2.5,right-hand,0.0379,0.9621
3,2.5,left-hand,0.7708,0.2292
3,2.5,left-hand,0.4147,0.5853
3,2.5,right-hand,0.8718,0.1282
3,2.5,left-hand,0.9326,0.0674
3,2.5,right-hand,0.0478,0.9522
3,2.5,right-hand,0.2487,0.7513
3,2.5,right-hand,0.0617,0.9383
3,2.5,right-hand,0.0357,0.9643
3,2.5,left-hand,0.805,0.195
3,2.5,left-hand,0.4124,0.5876
4,2.5,left-hand,0.1291,0.8709
4,2.5,right-hand,0.2985,0.7015
4,2.5,right-hand,0.9527,0.0473
4,2.5,left-hand,0.9711,0.0289
4,2.5,left-hand,0.9501,0.0499
4,2.5,right-hand,0.8842,0.1158
4,2.5,left-hand,0.6752,0.3248
4,2.5,right-hand,0.0337,0.9663
4,2.5,left-hand,0.9824,0.0176
4,2.5,right-hand,0.1119,0.8881
4,2.5,left-hand,0.9387,0.0613
4,2.5,right-hand,0.3659,0.6341
4,2.5,left-hand,0.0438,0.9562
4,2.5,left-hand,0.9696,0.0304
4,2.5,left-hand,0.9665,0.0335
4,2.5,right-hand,0.1235,0.8765
4,2.5,right-hand,0.9002,0.0998
4,2.5,left-hand,0.3927,0.6073
4,2.5,left-hand,0.9361,0.0639
4,2.5,right-hand,0.029,0.971
4,2.5,left-hand,0.986,0.014
4,2.5,right-hand,0.9222,0.0778
4,2.5,right-hand,0.1883,0.8117
4,2.5,right-hand,0.7702,0.2298
4,2.5,right-hand,0.0079,0.9921
4,2.5,left-hand,0.0113,0.9887
4,2.5,right-hand,0.0441,0.9559
4,2.5,left-hand,0.387,0.613
4,2.5,right-hand,0.7285,0.2715
4,2.5,left-hand,0.6815,0.3185
4,2.5,left-hand,0.9625,0.0375
4,2.5,right-hand,0.0397,0.9603
4,2.5,right-hand,0.0601,0.9399
4,2.5,right-hand,0.6063,0.3937
4,2.5,left-hand,0.901,0.099
4,2.5,left-hand,0.3468,0.6532
4,2.5,right-hand,0.2371,0.7629
4,2.5,left-hand,0.1283,0.8717
4,2.5,right-hand,0.3816,0.6184
4,2.5,right-hand,0.5302,0.4698
4,2.5,right-hand,0.1319,0.8681
4,2.5,right-hand,0.0238,0.9762
4,2.5,left-hand,0.6802,0.3198
4,2.5,left-hand,0.8963,0.1037
4,2.5,right-hand,0.814,0.186
4,2.5,left-hand,0.4403,0.5597
4,2.5,right-hand,0.021,0.979
4,2.5,left-hand,0.9224,0.0776
4,2.5,left-hand,0.3686,0.6314
4,2.5,left-hand,0.7822,0.2178
4,2.5,left-hand,0.0859,0.9141
4,2.5,right-hand,0.4195,0.5805
4,2.5,right-hand,0.2162,0.7838
4,2.5,right-hand,0.5058,0.4942
4,2.5,left-hand,0.994,0.006
4,2.5,left-hand,0.4213,0.5787
4,2.5,left-hand,0.5099,0.4901
5,2.5,left-hand,0.1947,0.8053
5,2.5,right-hand,0.6361,0.3639
5,2.5,right-hand,0.6437,0.3563
5,2.5,right-hand,0.7815,0.2185
5,2.5,left-hand,0.9551,0.0449
5,2.5,left-hand,0.895,0.105
5,2.5,left-hand,0.8879,0.1121
5,2.5,left-hand,0.9439,0.0561
5,2.5,left-hand,0.3589,0.6411
5,2.5,right-hand,0.232,0.768
5,2.5,right-hand,0.0155,0.9845
5,2.5,right-hand,0.5831,0.4169
5,2.5,left-hand,0.798,0.202
5,2.5,right-hand,0.0308,0.9692
5,2.5,left-hand,0.9484,0.0516
5,2.5,right-hand,0.2308,0.7692
5,2.5,right-hand,0.3134,0.6866
5,2.5,right-hand,0.9314,0.0686
5,2.5,right-hand,0.0558,0.9442
5,2.5,right-hand,0.0351,0.9649
5,2.5,left-hand,0.851,0.149
5,2.5,right-hand,0.6021,0.3979
5,2.5,right-hand,0.8458,0.1542
5,2.5,left-hand,0.3608,0.6392
5,2.5,left-hand,0.5579,0.4421
5,2.5,left-hand,0.696,0.304
5,2.5,left-hand,0.642,0.358
5,2.5,left-hand,0.9481,0.0519
5,2.5,right-hand,0.6208,0.3792
5,2.5,left-hand,0.9689,0.0311
5,2.5,right-hand,0.7353,0.2647
5,2.5,right-hand,0.7903,0.2097
5,2.5,left-hand,0.6851,0.3149
5,2.5,left-hand,0.9315,0.0685
5,2.5,left-hand,0.3692,0.6308
5,2.5,right-hand,0.1045,0.8955
5,2.5,left-hand,0.88,0.12
5,2.5,right-hand,0.1809,0.8191
5,2.5,right-hand,0.9277,0.0723
5,2.5,left-hand,0.9213,0.0787
5,2.5,right-hand,0.2161,0.7839
5,2.5,right-hand,0.1435,0.8565
5,2.5,left-hand,0.9468,0.0532
5,2.5,right-hand,0.0435,0.9565
5,2.5,right-hand,0.2337,0.7663
5,2.5,left-hand,0.9569,0.0431
5,2.5,left-hand,0.9024,0.0976
5,2.5,left-hand,0.3512,0.6488
5,2.5,left-hand,0.4364,0.5636
5,2.5,right-hand,0.1148,0.8852
5,2.5,right-hand,0.4726,0.5274
5,2.5,left-hand,0.7681,0.2319
5,2.5,right-hand,0.0667,0.9333
5,2.5,right-hand,0.4674,0.5326
5,2.5,left-hand,0.1005,0.8995
5,2.5,left-hand,0.3402,0.6598
5,2.5,right-hand,0.6433,0.3567
