fold,tmin,true_label,left-hand,right-hand
1,3.5,right-hand,0.4694,0.5306
1,3.5,left-hand,0.4523,0.5477
1,3.5,right-hand,0.4445,0.5555
1,3.5,right-hand,0.5094,0.4906
1,3.5,right-hand,0.5182,0.4818
1,3.5,left-hand,0.4915,0.5085
1,3.5,left-hand,0.4882,0.5118
1,3.5,left-hand,0.4925,0.5075
1,3.5,left-hand,0.5079,0.4921
1,3.5,right-hand,0.4478,0.5522
1,3.5,left-hand,0.4519,0.5481
1,3.5,right-hand,0.4526,0.5474
1,3.5,left-hand,0.4345,0.5655
1,3.5,left-hand,0.5297,0.4703
1,3.5,right-hand,0.5114,0.4886
1,3.5,right-hand,0.4875,0.5125
1,3.5,right-hand,0.5115,0.4885
1,3.5,left-hand,0.4966,0.5034
1,3.5,right-hand,0.4522,0.5478
1,3.5,right-hand,0.4954,0.5046
1,3.5,left-hand,0.5115,0.4885
1,3.5,right-hand,0.4947,0.5053
1,3.5,right-hand,0.4894,0.5106
1,3.5,left-hand,0.4638,0.5362
1,3.5,left-hand,0.5061,0.4939
1,3.5,left-hand,0.5125,0.4875
1,3.5,right-hand,0.5097,0.4903
1,3.5,right-hand,0.5316,0.4684
1,3.5,right-hand,0.5244,0.4756
1,3.5,left-hand,0.5108,0.4892
1,3.5,left-hand,0.4819,0.5181
1,3.5,left-hand,0.4982,0.5018
1,3.5,left-hand,0.5217,0.4783
1,3.5,left-hand,0.4821,0.5179
1,3.5,right-hand,0.4983,0.5017
1,3.5,right-hand,0.4815,0.5185
1,3.5,right-hand,0.4927,0.5073
1,3.5,left-hand,0.4684,0.5316
1,3.5,right-hand,0.4637,0.5363
1,3.5,left-hand,0.484,0.516
1,3.5,left-hand,0.4861,0.5139
1,3.5,left-hand,0.4802,0.5198
1,3.5,right-hand,0.521,0.479
1,3.5,right-hand,0.5013,0.4987
1,3.5,left-hand,0.5318,0.4682
1,3.5,left-hand,0.5065,0.4935
1,3.5,right-hand,0.5551,0.4449
1,3.5,right-hand,0.5223,0.4777
1,3.5,right-hand,0.4869,0.5131
1,3.5,right-hand,0.4958,0.5042
1,3.5,left-hand,0.5168,0.4832
1,3.5,right-hand,0.4934,0.5066
1,3.5,left-hand,0.494,0.506
1,3.5,left-hand,0.4984,0.5016
1,3.5,right-hand,0.5035,0.4965
1,3.5,left-hand,0.5152,0.4848
1,3.5,left-hand,0.4981,0.5019
1,3.5,right-hand,0.4827,0.5173
1,3.5,left-hand,0.5343,0.4657
1,3.5,left-hand,0.4691,0.5309
1,3.5,right-hand,0.4963,0.5037
1,3.5,left-hand,0.4806,0.5194
1,3.5,right-hand,0.4959,0.5041
1,3.5,right-hand,0.5031,0.4969
1,3.5,right-hand,0.5047,0.4953
1,3.5,left-hand,0.4943,0.5057
1,3.5,right-hand,0.4911,0.5089
1,3.5,left-hand,0.5359,0.4641
1,3.5,left-hand,0.5122,0.4878
1,3.5,left-hand,0.5046,0.4954
1,3.5,left-hand,0.4918,0.5082
1,3.5,right-hand,0.4936,0.5064
1,3.5,left-hand,0.5006,0.4994
1,3.5,right-hand,0.5157,0.4843
1,3.5,left-hand,0.5098,0.4902
1,3.5,left-hand,0.5274,0.4726
1,3.5,left-hand,0.5014,0.4986
1,3.5,left-hand,0.5163,0.4837
1,3.5,right-hand,0.4633,0.5367
1,3.5,left-hand,0.4918,0.5082
1,3.5,left-hand,0.5078,0.4922
1,3.5,right-hand,0.5397,0.4603
1,3.5,right-hand,0.4884,0.5116
1,3.5,right-hand,0.4905,0.5095
1,3.5,left-hand,0.4981,0.5019
1,3.5,right-hand,0.4878,0.5122
1,3.5,right-hand,0.4949,0.5051
1,3.5,right-hand,0.4863,0.5137
1,3.5,right-hand,0.4797,0.5203
1,3.5,left-hand,0.4913,0.5087
1,3.5,left-hand,0.4856,0.5144
1,3.5,right-hand,0.5078,0.4922
1,3.5,left-hand,0.5037,0.4963
1,3.5,left-hand,0.4816,0.5184
1,3.5,left-hand,0.5111,0.4889
1,3.5,right-hand,0.5206,0.4794
1,3.5,left-hand,0.5097,0.4903
1,3.5,left-hand,0.4584,0.5416
1,3.5,left-hand,0.5013,0.4987
1,3.5,right-hand,0.507,0.493
1,3.5,left-hand,0.503,0.497
1,3.5,right-hand,0.4817,0.5183
1,3.5,right-hand,0.5265,0.4735
1,3.5,left-hand,0.4855,0.5145
1,3.5,left-hand,0.5294,0.4706
1,3.5,right-hand,0.525,0.475
1,3.5,right-hand,0.5205,0.4795
1,3.5,right-hand,0.4953,0.5047
1,3.5,left-hand,0.5112,0.4888
1,3.5,right-hand,0.5021,0.4979
1,3.5,left-hand,0.5042,0.4958
1,3.5,right-hand,0.509,0.491
1,3.5,left-hand,0.5011,0.4989
1,3.5,right-hand,0.5209,0.4791
1,3.5,right-hand,0.5032,0.4968
1,3.5,right-hand,0.5369,0.4631
1,3.5,right-hand,0.516,0.484
1,3.5,left-hand,0.5288,0.4712
1,3.5,left-hand,0.4466,0.5534
1,3.5,right-hand,0.4709,0.5291
1,3.5,left-hand,0.5417,0.4583
1,3.5,right-hand,0.5152,0.4848
1,3.5,right-hand,0.5113,0.4887
1,3.5,right-hand,0.5261,0.4739
1,3.5,right-hand,0.4859,0.5141
1,3.5,right-hand,0.4962,0.5038
1,3.5,right-hand,0.4854,0.5146
1,3.5,left-hand,0.5536,0.4464
1,3.5,right-hand,0.5091,0.4909
1,3.5,right-hand,0.5133,0.4867
1,3.5,left-hand,0.4944,0.5056
1,3.5,left-hand,0.4857,0.5143
1,3.5,left-hand,0.5419,0.4581
1,3.5,right-hand,0.516,0.484
1,3.5,right-hand,0.4993,0.5007
1,3.5,left-hand,0.5484,0.4516
1,3.5,right-hand,0.5304,0.4696
1,3.5,left-hand,0.5029,0.4971
1,3.5,left-hand,0.4965,0.5035
1,3.5,left-hand,0.4884,0.5116
1,3.5,right-hand,0.4948,0.5052
1,3.5,right-hand,0.5158,0.4842
1,3.5,left-hand,0.4741,0.5259
1,3.5,left-hand,0.4879,0.5121
2,3.5,left-hand,0.4255,0.5745
2,3.5,left-hand,0.4881,0.5119
2,3.5,right-hand,0.4934,0.5066
2,3.5,left-hand,0.3598,0.6402
2,3.5,right-hand,0.4621,0.5379
2,3.5,right-hand,0.4816,0.5184
2,3.5,right-hand,0.4939,0.5061
2,3.5,right-hand,0.4457,0.5543
2,3.5,left-hand,0.4931,0.5069
2,3.5,right-hand,0.4531,0.5469
2,3.5,left-hand,0.418,0.582
2,3.5,left-hand,0.4486,0.5514
2,3.5,left-hand,0.4002,0.5998
2,3.5,right-hand,0.4681,0.5319
2,3.5,left-hand,0.4491,0.5509
2,3.5,right-hand,0.5096,0.4904
2,3.5,right-hand,0.4989,0.5011
2,3.5,left-hand,0.4825,0.5175
2,3.5,right-hand,0.4575,0.5425
2,3.5,left-hand,0.5301,0.4699
2,3.5,right-hand,0.524,0.476
2,3.5,left-hand,0.5059,0.4941
2,3.5,right-hand,0.4122,0.5878
2,3.5,left-hand,0.4116,0.5884
2,3.5,right-hand,0.5402,0.4598
2,3.5,right-hand,0.515,0.485
2,3.5,left-hand,0.4897,0.5103
2,3.5,right-hand,0.4317,0.5683
2,3.5,right-hand,0.4951,0.5049
2,3.5,right-hand,0.5146,0.4854
2,3.5,right-hand,0.4908,0.5092
2,3.5,left-hand,0.4558,0.5442
2,3.5,left-hand,0.4955,0.5045
2,3.5,right-hand,0.4362,0.5638
2,3.5,left-hand,0.4694,0.5306
2,3.5,right-hand,0.4734,0.5266
2,3.5,left-hand,0.4467,0.5533
2,3.5,left-hand,0.4622,0.5378
2,3.5,right-hand,0.3563,0.6437
2,3.5,left-hand,0.4244,0.5756
2,3.5,right-hand,0.4459,0.5541
2,3.5,right-hand,0.4377,0.5623
2,3.5,right-hand,0.5073,0.4927
2,3.5,left-hand,0.5564,0.4436
2,3.5,left-hand,0.4916,0.5084
2,3.5,right-hand,0.4949,0.5051
2,3.5,left-hand,0.5321,0.4679
2,3.5,right-hand,0.5357,0.4643
2,3.5,right-hand,0.3835,0.6165
2,3.5,left-hand,0.5319,0.4681
2,3.5,right-hand,0.56,0.44
2,3.5,right-hand,0.5484,0.4516
2,3.5,left-hand,0.561,0.439
2,3.5,right-hand,0.521,0.479
2,3.5,right-hand,0.5247,0.4753
2,3.5,left-hand,0.5251,0.4749
2,3.5,right-hand,0.4739,0.5261
2,3.5,right-hand,0.4774,0.5226
2,3.5,right-hand,0.5136,0.4864
2,3.5,right-hand,0.4824,0.5176
2,3.5,left-hand,0.5009,0.4991
2,3.5,left-hand,0.4893,0.5107
2,3.5,right-hand,0.5112,0.4888
2,3.5,left-hand,0.5963,0.4037
2,3.5,right-hand,0.5702,0.4298
2,3.5,right-hand,0.5364,0.4636
2,3.5,left-hand,0.5063,0.4937
2,3.5,left-hand,0.4779,0.5221
2,3.5,left-hand,0.4852,0.5148
2,3.5,right-hand,0.4931,0.5069
2,3.5,left-hand,0.5108,0.4892
2,3.5,right-hand,0.5106,0.4894
2,3.5,right-hand,0.5286,0.4714
2,3.5,left-hand,0.5062,0.4938
2,3.5,right-hand,0.4798,0.5202
2,3.5,left-hand,0.5674,0.4326
2,3.5,right-hand,0.5464,0.4536
2,3.5,right-hand,0.5024,0.4976
2,3.5,right-hand,0.5081,0.4919
2,3.5,left-hand,0.555,0.445
2,3.5,left-hand,0.5014,0.4986
2,3.5,right-hand,0.5079,0.4921
2,3.5,left-hand,0.5247,0.4753
2,3.5,right-hand,0.5512,0.4488
2,3.5,right-hand,0.5279,0.4721
2,3.5,left-hand,0.5252,0.4748
2,3.5,left-hand,0.4772,0.5228
2,3.5,left-hand,0.4703,0.5297
2,3.5,right-hand,0.4751,0.5249
2,3.5,left-hand,0.4866,0.5134
2,3.5,left-hand,0.4847,0.5153
2,3.5,left-hand,0.4821,0.5179
2,3.5,left-hand,0.4707,0.5293
2,3.5,right-hand,0.5001,0.4999
2,3.5,left-hand,0.5233,0.4767
2,3.5,right-hand,0.5273,0.4727
2,3.5,left-hand,0.5027,0.4973
2,3.5,left-hand,0.47,0.53
2,3.5,right-hand,0.545,0.455
2,3.5,right-hand,0.5263,0.4737
2,3.5,right-hand,0.3636,0.6364
2,3.5,right-hand,0.469,0.531
2,3.5,right-hand,0.4922,0.5078
2,3.5,left-hand,0.4215,0.5785
2,3.5,left-hand,0.4127,0.5873
2,3.5,right-hand,0.4572,0.5428
2,3.5,right-hand,0.4824,0.5176
2,3.5,left-hand,0.5095,0.4905
2,3.5,right-hand,0.5287,0.4713
2,3.5,right-hand,0.5485,0.4515
2,3.5,right-hand,0.4985,0.5015
2,3.5,left-hand,0.5514,0.4486
2,3.5,left-hand,0.5051,0.4949
2,3.5,left-hand,0.5144,0.4856
2,3.5,left-hand,0.5113,0.4887
2,3.5,left-hand,0.496,0.504
2,3.5,left-hand,0.475,0.525
2,3.5,left-hand,0.5001,0.4999
2,3.5,right-hand,0.5044,0.4956
2,3.5,left-hand,0.5433,0.4567
2,3.5,right-hand,0.5328,0.4672
2,3.5,left-hand,0.5227,0.4773
2,3.5,left-hand,0.5411,0.4589
2,3.5,left-hand,0.5089,0.4911
2,3.5,right-hand,0.5026,0.4974
2,3.5,left-hand,0.5179,0.4821
2,3.5,left-hand,0.4918,0.5082
2,3.5,right-hand,0.4717,0.5283
2,3.5,left-hand,0.4837,0.5163
2,3.5,left-hand,0.4948,0.5052
2,3.5,right-hand,0.4882,0.5118
2,3.5,left-hand,0.4841,0.5159
2,3.5,left-hand,0.3957,0.6043
2,3.5,left-hand,0.4811,0.5189
2,3.5,left-hand,0.4439,0.5561
2,3.5,right-hand,0.5108,0.4892
2,3.5,right-hand,0.5115,0.4885
2,3.5,right-hand,0.5206,0.4794
2,3.5,left-hand,0.5117,0.4883
2,3.5,right-hand,0.5037,0.4963
2,3.5,right-hand,0.5734,0.4266
2,3.5,left-hand,0.4891,0.5109
2,3.5,left-hand,0.4874,0.5126
2,3.5,right-hand,0.5857,0.4143
3,3.5,left-hand,0.4841,0.5159
3,3.5,left-hand,0.5113,0.4887
3,3.5,right-hand,0.5081,0.4919
3,3.5,right-hand,0.4896,0.5104
3,3.5,left-hand,0.503,0.497
3,3.5,left-hand,0.4704,0.5296
3,3.5,left-hand,0.477,0.523
3,3.5,right-hand,0.4578,0.5422
3,3.5,left-hand,0.4693,0.5307
3,3.5,left-hand,0.4846,0.5154
3,3.5,right-hand,0.4614,0.5386
3,3.5,left-hand,0.4798,0.5202
3,3.5,left-hand,0.5273,0.4727
3,3.5,right-hand,0.513,0.487
3,3.5,right-hand,0.5348,0.4652
3,3.5,left-hand,0.4874,0.5126
3,3.5,left-hand,0.4799,0.5201
3,3.5,left-hand,0.4843,0.5157
3,3.5,left-hand,0.457,0.543
3,3.5,right-hand,0.4556,0.5444
3,3.5,right-hand,0.4767,0.5233
3,3.5,left-hand,0.5128,0.4872
3,3.5,right-hand,0.512,0.488
3,3.5,left-hand,0.4663,0.5337
3,3.5,left-hand,0.5172,0.4828
3,3.5,right-hand,0.4909,0.5091
3,3.5,right-hand,0.4901,0.5099
3,3.5,right-hand,0.4785,0.5215
3,3.5,left-hand,0.474,0.526
3,3.5,right-hand,0.478,0.522
3,3.5,right-hand,0.4742,0.5258
3,3.5,left-hand,0.4643,0.5357
3,3.5,right-hand,0.4849,0.5151
3,3.5,right-hand,0.4598,0.5402
3,3.5,left-hand,0.4938,0.5062
3,3.5,right-hand,0.4826,0.5174
3,3.5,left-hand,0.5104,0.4896
3,3.5,right-hand,0.5057,0.4943
3,3.5,right-hand,0.5441,0.4559
3,3.5,left-hand,0.4926,0.5074
3,3.5,right-hand,0.5324,0.4676
3,3.5,left-hand,0.5367,0.4633
3,3.5,right-hand,0.5403,0.4597
3,3.5,right-hand,0.5117,0.4883
3,3.5,left-hand,0.5199,0.4801
3,3.5,right-hand,0.5036,0.4964
3,3.5,right-hand,0.5199,0.4801
3,3.5,left-hand,0.5064,0.4936
3,3.5,left-hand,0.5757,0.4243
3,3.5,right-hand,0.5536,0.4464
3,3.5,left-hand,0.5017,0.4983
3,3.5,left-hand,0.5266,0.4734
3,3.5,left-hand,0.5056,0.4944
3,3.5,right-hand,0.527,0.473
3,3.5,left-hand,0.5221,0.4779
3,3.5,right-hand,0.5007,0.4993
3,3.5,left-hand,0.5324,0.4676
3,3.5,right-hand,0.4857,0.5143
3,3.5,right-hand,0.4669,0.5331
3,3.5,right-hand,0.4905,0.5095
3,3.5,left-hand,0.5055,0.4945
3,3.5,left-hand,0.5057,0.4943
3,3.5,left-hand,0.5203,0.4797
3,3.5,right-hand,0.511,0.489
3,3.5,right-hand,0.5249,0.4751
3,3.5,left-hand,0.5207,0.4793
3,3.5,left-hand,0.5346,0.4654
3,3.5,right-hand,0.5309,0.4691
3,3.5,left-hand,0.5626,0.4374
3,3.5,right-hand,0.5402,0.4598
3,3.5,right-hand,0.5329,0.4671
3,3.5,right-hand,0.5027,0.4973
3,3.5,right-hand,0.5126,0.4874
3,3.5,right-hand,0.5482,0.4518
3,3.5,left-hand,0.5565,0.4435
3,3.5,right-hand,0.5075,0.4925
3,3.5,left-hand,0.5259,0.4741
3,3.5,right-hand,0.5451,0.4549
3,3.5,left-hand,0.5324,0.4676
3,3.5,left-hand,0.5335,0.4665
3,3.5,right-hand,0.5338,0.4662
3,3.5,left-hand,0.4918,0.5082
3,3.5,left-hand,0.4857,0.5143
3,3.5,left-hand,0.4674,0.5326
3,3.5,left-hand,0.5098,0.4902
3,3.5,left-hand,0.494,0.506
3,3.5,right-hand,0.5135,0.4865
3,3.5,left-hand,0.5,0.5
3,3.5,left-hand,0.4955,0.5045
3,3.5,right-hand,0.4973,0.5027
3,3.5,right-hand,0.503,0.497
3,3.5,right-hand,0.4766,0.5234
3,3.5,right-hand,0.4641,0.5359
3,3.5,right-hand,0.5305,0.4695
3,3.5,right-hand,0.492,0.508
3,3.5,left-hand,0.4954,0.5046
3,3.5,right-hand,0.4742,0.5258
3,3.5,left-hand,0.5007,0.4993
3,3.5,left-hand,0.4903,0.5097
3,3.5,left-hand,0.5132,0.4868
3,3.5,left-hand,0.5133,0.4867
3,3.5,left-hand,0.4977,0.5023
3,3.5,left-hand,0.4292,0.5708
3,3.5,left-hand,0.4679,0.5321
3,3.5,right-hand,0.4666,0.5334
3,3.5,right-hand,0.5346,0.4654
3,3.5,right-hand,0.4944,0.5056
3,3.5,right-hand,0.5485,0.4515
3,3.5,right-hand,0.5168,0.4832
3,3.5,left-hand,0.4954,0.5046
3,3.5,right-hand,0.5414,0.4586
3,3.5,left-hand,0.4664,0.5336
3,3.5,left-hand,0.5181,0.4819
3,3.5,right-hand,0.5324,0.4676
3,3.5,left-hand,0.5058,0.4942
3,3.5,right-hand,0.4779,0.5221
3,3.5,left-hand,0.5124,0.4876
3,3.5,right-hand,0.5457,0.4543
3,3.5,right-hand,0.4777,0.5223
3,3.5,right-hand,0.5636,0.4364
3,3.5,right-hand,0.4872,0.5128
3,3.5,left-hand,0.5121,0.4879
3,3.5,left-hand,0.5106,0.4894
3,3.5,left-hand,0.538,0.462
3,3.5,right-hand,0.5074,0.4926
3,3.5,left-hand,0.4819,0.5181
3,3.5,right-hand,0.4283,0.5717
3,3.5,right-hand,0.4532,0.5468
3,3.5,right-hand,0.4744,0.5256
3,3.5,right-hand,0.466,0.534
3,3.5,left-hand,0.5111,0.4889
3,3.5,right-hand,0.4901,0.5099
3,3.5,left-hand,0.4788,0.5212
3,3.5,right-hand,0.5163,0.4837
3,3.5,left-hand,0.4927,0.5073
3,3.5,left-hand,0.5127,0.4873
3,3.5,left-hand,0.5344,0.4656
3,3.5,left-hand,0.5214,0.4786
3,3.5,right-hand,0.4737,0.5263
3,3.5,right-hand,0.5281,0.4719
3,3.5,left-hand,0.5276,0.4724
3,3.5,right-hand,0.5148,0.4852
3,3.5,right-hand,0.4849,0.5151
3,3.5,left-hand,0.5368,0.4632
4,3.5,right-hand,0.5056,0.4944
4,3.5,left-hand,0.4822,0.5178
4,3.5,right-hand,0.4811,0.5189
4,3.5,left-hand,0.5328,0.4672
4,3.5,left-hand,0.5073,0.4927
4,3.5,right-hand,0.545,0.455
4,3.5,right-hand,0.512,0.488
4,3.5,left-hand,0.4847,0.5153
4,3.5,right-hand,0.4638,0.5362
4,3.5,right-hand,0.4783,0.5217
4,3.5,right-hand,0.49,0.51
4,3.5,left-hand,0.5163,0.4837
4,3.5,left-hand,0.5034,0.4966
4,3.5,right-hand,0.5141,0.4859
4,3.5,left-hand,0.5335,0.4665
4,3.5,left-hand,0.4755,0.5245
4,3.5,right-hand,0.3932,0.6068
4,3.5,right-hand,0.4984,0.5016
4,3.5,right-hand,0.5279,0.4721
4,3.5,left-hand,0.5015,0.4985
4,3.5,right-hand,0.5216,0.4784
4,3.5,left-hand,0.489,0.511
4,3.5,left-hand,0.5017,0.4983
4,3.5,left-hand,0.5466,0.4534
4,3.5,left-hand,0.4723,0.5277
4,3.5,right-hand,0.5038,0.4962
4,3.5,left-hand,0.482,0.518
4,3.5,left-hand,0.4826,0.5174
4,3.5,left-hand,0.4651,0.5349
4,3.5,left-hand,0.4421,0.5579
4,3.5,left-hand,0.4318,0.5682
4,3.5,right-hand,0.4707,0.5293
4,3.5,left-hand,0.4928,0.5072
4,3.5,right-hand,0.4555,0.5445
4,3.5,right-hand,0.4115,0.5885
4,3.5,left-hand,0.4484,0.5516
4,3.5,right-hand,0.5292,0.4708
4,3.5,left-hand,0.4759,0.5241
4,3.5,right-hand,0.5023,0.4977
4,3.5,right-hand,0.517,0.483
4,3.5,left-hand,0.5557,0.4443
4,3.5,left-hand,0.5481,0.4519
4,3.5,right-hand,0.5097,0.4903
4,3.5,left-hand,0.4964,0.5036
4,3.5,left-hand,0.5675,0.4325
4,3.5,right-hand,0.4684,0.5316
4,3.5,right-hand,0.5259,0.4741
4,3.5,right-hand,0.5296,0.4704
4,3.5,right-hand,0.539,0.461
4,3.5,left-hand,0.5162,0.4838
4,3.5,right-hand,0.5167,0.4833
4,3.5,left-hand,0.5285,0.4715
4,3.5,left-hand,0.4909,0.5091
4,3.5,right-hand,0.502,0.498
4,3.5,left-hand,0.5015,0.4985
4,3.5,right-hand,0.5131,0.4869
4,3.5,right-hand,0.5087,0.4913
4,3.5,right-hand,0.469,0.531
4,3.5,left-hand,0.5602,0.4398
4,3.5,right-hand,0.5434,0.4566
4,3.5,left-hand,0.5696,0.4304
4,3.5,left-hand,0.5145,0.4855
4,3.5,left-hand,0.5238,0.4762
4,3.5,right-hand,0.5607,0.4393
4,3.5,right-hand,0.4384,0.5616
4,3.5,left-hand,0.5148,0.4852
4,3.5,right-hand,0.4997,0.5003
4,3.5,left-hand,0.5335,0.4665
4,3.5,left-hand,0.5169,0.4831
4,3.5,left-hand,0.4759,0.5241
4,3.5,right-hand,0.5272,0.4728
4,3.5,left-hand,0.5084,0.4916
4,3.5,left-hand,0.4859,0.5141
4,3.5,right-hand,0.5165,0.4835
4,3.5,right-hand,0.4815,0.5185
4,3.5,right-hand,0.5314,0.4686
4,3.5,left-hand,0.5378,0.4622
4,3.5,right-hand,0.5125,0.4875
4,3.5,right-hand,0.4843,0.5157
4,3.5,right-hand,0.5808,0.4192
4,3.5,left-hand,0.5169,0.4831
4,3.5,right-hand,0.5105,0.4895
4,3.5,left-hand,0.4742,0.5258
4,3.5,right-hand,0.4896,0.5104
4,3.5,left-hand,0.5097,0.4903
4,3.5,right-hand,0.4738,0.5262
4,3.5,right-hand,0.5465,0.4535
4,3.5,left-hand,0.5357,0.4643
4,3.5,right-hand,0.4842,0.5158
4,3.5,right-hand,0.4853,0.5147
4,3.5,left-hand,0.4825,0.5175
4,3.5,left-hand,0.4576,0.5424
4,3.5,right-hand,0.5112,0.4888
4,3.5,right-hand,0.4932,0.5068
4,3.5,left-hand,0.5213,0.4787
4,3.5,right-hand,0.5079,0.4921
4,3.5,left-hand,0.5652,0.4348
4,3.5,right-hand,0.505,0.495
4,3.5,right-hand,0.4617,0.5383
4,3.5,left-hand,0.5067,0.4933
4,3.5,right-hand,0.5204,0.4796
4,3.5,left-hand,0.4616,0.5384
4,3.5,left-hand,0.458,0.542
4,3.5,left-hand,0.5183,0.4817
4,3.5,left-hand,0.2717,0.7283
4,3.5,left-hand,0.495,0.505
4,3.5,right-hand,0.522,0.478
4,3.5,right-hand,0.5316,0.4684
4,3.5,right-hand,0.5191,0.4809
4,3.5,left-hand,0.5231,0.4769
4,3.5,left-hand,0.5537,0.4463
4,3.5,left-hand,0.4854,0.5146
4,3.5,left-hand,0.537,0.463
4,3.5,left-hand,0.4718,0.5282
4,3.5,right-hand,0.5219,0.4781
4,3.5,right-hand,0.4787,0.5213
4,3.5,right-hand,0.5342,0.4658
4,3.5,left-hand,0.5395,0.4605
4,3.5,left-hand,0.4109,0.5891
4,3.5,left-hand,0.474,0.526
4,3.5,left-hand,0.5016,0.4984
4,3.5,right-hand,0.5136,0.4864
4,3.5,right-hand,0.4409,0.5591
4,3.5,right-hand,0.4846,0.5154
4,3.5,left-hand,0.5297,0.4703
4,3.5,right-hand,0.5051,0.4949
4,3.5,left-hand,0.5583,0.4417
4,3.5,left-hand,0.5102,0.4898
4,3.5,right-hand,0.5034,0.4966
4,3.5,left-hand,0.4687,0.5313
4,3.5,right-hand,0.4973,0.5027
4,3.5,right-hand,0.511,0.489
4,3.5,right-hand,0.4998,0.5002
4,3.5,left-hand,0.5005,0.4995
4,3.5,right-hand,0.4924,0.5076
4,3.5,left-hand,0.5102,0.4898
4,3.5,right-hand,0.5314,0.4686
4,3.5,right-hand,0.4316,0.5684
4,3.5,left-hand,0.4852,0.5148
4,3.5,right-hand,0.5532,0.4468
4,3.5,right-hand,0.5287,0.4713
4,3.5,left-hand,0.5263,0.4737
4,3.5,right-hand,0.541,0.459
4,3.5,left-hand,0.5382,0.4618
5,3.5,right-hand,0.4956,0.5044
5,3.5,left-hand,0.4929,0.5071
5,3.5,left-hand,0.4977,0.5023
5,3.5,right-hand,0.497,0.503
5,3.5,right-hand,0.4922,0.5078
5,3.5,right-hand,0.4944,0.5056
5,3.5,left-hand,0.4917,0.5083
5,3.5,left-hand,0.4933,0.5067
5,3.5,right-hand,0.4857,0.5143
5,3.5,left-hand,0.4604,0.5396
5,3.5,right-hand,0.4549,0.5451
5,3.5,right-hand,0.4594,0.5406
5,3.5,right-hand,0.4629,0.5371
5,3.5,left-hand,0.4866,0.5134
5,3.5,left-hand,0.517,0.483
5,3.5,right-hand,0.5092,0.4908
5,3.5,right-hand,0.5113,0.4887
5,3.5,right-hand,0.4973,0.5027
5,3.5,left-hand,0.4922,0.5078
5,3.5,left-hand,0.5002,0.4998
5,3.5,right-hand,0.4862,0.5138
5,3.5,left-hand,0.4491,0.5509
5,3.5,left-hand,0.473,0.527
5,3.5,left-hand,0.5049,0.4951
5,3.5,right-hand,0.5047,0.4953
5,3.5,left-hand,0.5119,0.4881
5,3.5,left-hand,0.5115,0.4885
5,3.5,right-hand,0.5111,0.4889
5,3.5,left-hand,0.5007,0.4993
5,3.5,right-hand,0.5057,0.4943
5,3.5,right-hand,0.489,0.511
5,3.5,right-hand,0.4951,0.5049
5,3.5,left-hand,0.4635,0.5365
5,3.5,right-hand,0.5214,0.4786
5,3.5,left-hand,0.4721,0.5279
5,3.5,left-hand,0.4852,0.5148
5,3.5,right-hand,0.4889,0.5111
5,3.5,right-hand,0.5429,0.4571
5,3.5,left-hand,0.4939,0.5061
5,3.5,right-hand,0.5005,0.4995
5,3.5,left-hand,0.4915,0.5085
5,3.5,right-hand,0.517,0.483
5,3.5,left-hand,0.5166,0.4834
5,3.5,left-hand,0.5846,0.4154
5,3.5,right-hand,0.563,0.437
5,3.5,left-hand,0.5102,0.4898
5,3.5,left-hand,0.5264,0.4736
5,3.5,right-hand,0.5289,0.4711
5,3.5,left-hand,0.5021,0.4979
5,3.5,left-hand,0.4936,0.5064
5,3.5,left-hand,0.4942,0.5058
5,3.5,right-hand,0.5163,0.4837
5,3.5,right-hand,0.5025,0.4975
5,3.5,left-hand,0.4939,0.5061
5,3.5,right-hand,0.4964,0.5036
5,3.5,right-hand,0.5023,0.4977
5,3.5,left-hand,0.4934,0.5066
5,3.5,left-hand,0.4821,0.5179
5,3.5,left-hand,0.4931,0.5069
5,3.5,left-hand,0.4927,0.5073
5,3.5,left-hand,0.5108,0.4892
5,3.5,left-hand,0.4921,0.5079
5,3.5,left-hand,0.5089,0.4911
5,3.5,right-hand,0.5081,0.4919
5,3.5,right-hand,0.497,0.503
5,3.5,left-hand,0.5059,0.4941
5,3.5,right-hand,0.5034,0.4966
5,3.5,right-hand,0.4965,0.5035
5,3.5,right-hand,0.4979,0.5021
5,3.5,right-hand,0.4953,0.5047
5,3.5,left-hand,0.5065,0.4935
5,3.5,left-hand,0.4781,0.5219
5,3.5,right-hand,0.4764,0.5236
5,3.5,right-hand,0.5113,0.4887
5,3.5,right-hand,0.5187,0.4813
5,3.5,right-hand,0.5043,0.4957
5,3.5,left-hand,0.5039,0.4961
5,3.5,left-hand,0.5104,0.4896
5,3.5,left-hand,0.5227,0.4773
5,3.5,left-hand,0.515,0.485
5,3.5,left-hand,0.5014,0.4986
5,3.5,right-hand,0.5018,0.4982
5,3.5,left-hand,0.5111,0.4889
5,3.5,right-hand,0.5157,0.4843
5,3.5,right-hand,0.5006,0.4994
5,3.5,left-hand,0.5166,0.4834
5,3.5,right-hand,0.5242,0.4758
5,3.5,left-hand,0.4843,0.5157
5,3.5,right-hand,0.5117,0.4883
5,3.5,right-hand,0.4609,0.5391
5,3.5,left-hand,0.494,0.506
5,3.5,right-hand,0.4901,0.5099
5,3.5,right-hand,0.5327,0.4673
5,3.5,left-hand,0.5241,0.4759
5,3.5,right-hand,0.4988,0.5012
5,3.5,left-hand,0.5053,0.4947
5,3.5,right-hand,0.4914,0.5086
5,3.5,left-hand,0.5121,0.4879
5,3.5,right-hand,0.492,0.508
5,3.5,right-hand,0.517,0.483
5,3.5,right-hand,0.4541,0.5459
5,3.5,right-hand,0.4927,0.5073
5,3.5,left-hand,0.4349,0.5651
5,3.5,left-hand,0.5138,0.4862
5,3.5,left-hand,0.5016,0.4984
5,3.5,left-hand,0.5217,0.4783
5,3.5,left-hand,0.5045,0.4955
5,3.5,left-hand,0.5093,0.4907
5,3.5,right-hand,0.514,0.486
5,3.5,right-hand,0.4943,0.5057
5,3.5,left-hand,0.5111,0.4889
5,3.5,left-hand,0.5036,0.4964
5,3.5,right-hand,0.5073,0.4927
5,3.5,right-hand,0.5118,0.4882
5,3.5,left-hand,0.5127,0.4873
5,3.5,right-hand,0.5036,0.4964
5,3.5,right-hand,0.4916,0.5084
5,3.5,right-hand,0.4671,0.5329
5,3.5,right-hand,0.4865,0.5135
5,3.5,left-hand,0.5184,0.4816
5,3.5,left-hand,0.5055,0.4945
5,3.5,left-hand,0.5153,0.4847
5,3.5,left-hand,0.5178,0.4822
5,3.5,right-hand,0.5106,0.4894
5,3.5,right-hand,0.5041,0.4959
5,3.5,left-hand,0.4952,0.5048
5,3.5,right-hand,0.5,0.5
5,3.5,right-hand,0.5144,0.4856
5,3.5,right-hand,0.5158,0.4842
5,3.5,left-hand,0.4962,0.5038
5,3.5,right-hand,0.4772,0.5228
5,3.5,left-hand,0.5207,0.4793
5,3.5,left-hand,0.5195,0.4805
5,3.5,right-hand,0.509,0.491
5,3.5,left-hand,0.5006,0.4994
5,3.5,left-hand,0.4972,0.5028
5,3.5,right-hand,0.5185,0.4815
5,3.5,right-hand,0.4825,0.5175
5,3.5,left-hand,0.5002,0.4998
5,3.5,right-hand,0.4911,0.5089
5,3.5,left-hand,0.5006,0.4994
5,3.5,right-hand,0.454,0.546
5,3.5,left-hand,0.476,0.524
5,3.5,right-hand,0.4362,0.5638
