fold,tmin,true_label,left-hand,right-hand
1,2.5,left-hand,0.9532,0.0468
1,2.5,right-hand,0.0011,0.9989
1,2.5,left-hand,0.9929,0.0071
1,2.5,right-hand,0.152,0.848
1,2.5,left-hand,0.8148,0.1852
1,2.5,right-hand,0.0061,0.9939
1,2.5,left-hand,0.9638,0.0362
1,2.5,right-hand,0.0218,0.9782
1,2.5,left-hand,0.9954,0.0046
1,2.5,left-hand,0.9855,0.0145
1,2.5,left-hand,0.9749,0.0251
1,2.5,right-hand,0.3774,0.6226
1,2.5,left-hand,0.9975,0.0025
1,2.5,right-hand,0.022,0.978
1,2.5,right-hand,0.0249,0.9751
1,2.5,left-hand,0.4769,0.5231
1,2.5,left-hand,0.8593,0.1407
1,2.5,right-hand,0.0011,0.9989
1,2.5,right-hand,0.0004,0.9996
1,2.5,right-hand,0.0006,0.9994
1,2.5,right-hand,0.002,0.998
1,2.5,left-hand,0.9576,0.0424
1,2.5,left-hand,0.9998,0.0002
1,2.5,left-hand,0.9776,0.0224
1,2.5,left-hand,0.9989,0.0011
1,2.5,left-hand,0.4734,0.5266
1,2.5,right-hand,0.0118,0.9882
1,2.5,right-hand,0.4843,0.5157
1,2.5,left-hand,0.9757,0.0243
1,2.5,left-hand,0.8847,0.1153
1,2.5,right-hand,0.5004,0.4996
1,2.5,right-hand,0.0065,0.9935
1,2.5,right-hand,0.5756,0.4244
1,2.5,right-hand,0.0015,0.9985
1,2.5,left-hand,0.9706,0.0294
1,2.5,right-hand,0.6662,0.3338
1,2.5,left-hand,0.9959,0.0041
1,2.5,right-hand,0.8004,0.1996
1,2.5,left-hand,0.7458,0.2542
1,2.5,left-hand,0.9802,0.0198
1,2.5,right-hand,0.0184,0.9816
1,2.5,left-hand,0.8598,0.1402
1,2.5,left-hand,0.9612,0.0388
1,2.5,right-hand,0.7785,0.2215
1,2.5,left-hand,0.9898,0.0102
1,2.5,left-hand,0.9956,0.0044
1,2.5,right-hand,0.0022,0.9978
1,2.5,right-hand,0.0003,0.9997
1,2.5,right-hand,0.0422,0.9578
1,2.5,left-hand,0.8607,0.1393
1,2.5,right-hand,0.0006,0.9994
1,2.5,right-hand,0.39,0.61
1,2.5,left-hand,0.833,0.167
1,2.5,right-hand,0.0014,0.9986
1,2.5,right-hand,0.0698,0.9302
1,2.5,right-hand,0.6668,0.3332
1,2.5,left-hand,0.905,0.095
1,2.5,left-hand,0.8983,0.1017
2,2.5,right-hand,0.0104,0.9896
2,2.5,left-hand,0.9992,0.0008
2,2.5,right-hand,0.0,1.0
2,2.5,left-hand,0.9672,0.0328
2,2.5,right-hand,0.0002,0.9998
2,2.5,right-hand,0.0002,0.9998
2,2.5,right-hand,0.0237,0.9763
2,2.5,right-hand,0.5824,0.4176
2,2.5,right-hand,0.0007,0.9993
2,2.5,left-hand,0.9988,0.0012
2,2.5,left-hand,0.9999,0.0001
2,2.5,right-hand,0.0148,0.9852
2,2.5,left-hand,1.0,0.0
2,2.5,left-hand,0.9999,0.0001
2,2.5,right-hand,0.0052,0.9948
2,2.5,left-hand,0.9994,0.0006
2,2.5,left-hand,0.9996,0.0004
2,2.5,right-hand,0.0175,0.9825
2,2.5,left-hand,0.9755,0.0245
2,2.5,right-hand,0.2247,0.7753
2,2.5,right-hand,0.2277,0.7723
2,2.5,left-hand,0.9999,0.0001
2,2.5,right-hand,0.9597,0.0403
2,2.5,left-hand,0.9703,0.0297
2,2.5,left-hand,0.9657,0.0343
2,2.5,right-hand,0.0431,0.9569
2,2.5,right-hand,0.15,0.85
2,2.5,left-hand,0.9991,0.0009
2,2.5,left-hand,0.8669,0.1331
2,2.5,right-hand,0.2692,0.7308
2,2.5,right-hand,0.0767,0.9233
2,2.5,left-hand,0.9961,0.0039
2,2.5,left-hand,0.8383,0.1617
2,2.5,left-hand,0.9686,0.0314
2,2.5,left-hand,0.4757,0.5243
2,2.5,right-hand,0.0143,0.9857
2,2.5,right-hand,0.003,0.997
2,2.5,right-hand,0.0529,0.9471
2,2.5,right-hand,0.2149,0.7851
2,2.5,left-hand,0.9599,0.0401
2,2.5,left-hand,0.9852,0.0148
2,2.5,left-hand,0.9996,0.0004
2,2.5,left-hand,0.999,0.001
2,2.5,left-hand,0.9876,0.0124
2,2.5,right-hand,0.0502,0.9498
2,2.5,right-hand,0.0053,0.9947
2,2.5,left-hand,0.8516,0.1484
2,2.5,right-hand,0.1254,0.8746
2,2.5,left-hand,0.9966,0.0034
2,2.5,right-hand,0.035,0.965
2,2.5,left-hand,0.187,0.813
2,2.5,left-hand,0.9995,0.0005
2,2.5,left-hand,0.3527,0.6473
2,2.5,right-hand,0.0473,0.9527
2,2.5,left-hand,0.7872,0.2128
2,2.5,right-hand,0.0269,0.9731
2,2.5,right-hand,0.0252,0.9748
2,2.5,right-hand,0.3713,0.6287
3,2.5,right-hand,0.0002,0.9998
3,2.5,left-hand,1.0,0.0
3,2.5,left-hand,0.1914,0.8086
3,2.5,left-hand,0.994,0.006
3,2.5,left-hand,0.1414,0.8586
3,2.5,right-hand,0.0007,0.9993
3,2.5,right-hand,0.0764,0.9236
3,2.5,left-hand,0.8649,0.1351
3,2.5,right-hand,0.0003,0.9997
3,2.5,left-hand,0.9519,0.0481
3,2.5,left-hand,0.7003,0.2997
3,2.5,right-hand,0.0235,0.9765
3,2.5,right-hand,0.0021,0.9979
3,2.5,right-hand,0.3741,0.6259
3,2.5,right-hand,0.0,1.0
3,2.5,left-hand,1.0,0.0
3,2.5,left-hand,0.9942,0.0058
3,2.5,right-hand,0.0069,0.9931
3,2.5,left-hand,0.9945,0.0055
3,2.5,right-hand,0.8715,0.1285
3,2.5,left-hand,0.9997,0.0003
3,2.5,right-hand,0.1439,0.8561
3,2.5,right-hand,0.0,1.0
3,2.5,left-hand,0.9865,0.0135
3,2.5,left-hand,0.9264,0.0736
3,2.5,right-hand,0.6654,0.3346
3,2.5,left-hand,1.0,0.0
3,2.5,right-hand,0.0186,0.9814
3,2.5,right-hand,0.1077,0.8923
3,2.5,left-hand,0.8989,0.1011
3,2.5,left-hand,0.3518,0.6482
3,2.5,left-hand,0.9784,0.0216
3,2.5,right-hand,0.0022,0.9978
3,2.5,left-hand,0.4963,0.5037
3,2.5,left-hand,0.9552,0.0448
3,2.5,right-hand,0.7419,0.2581
3,2.5,left-hand,0.994,0.006
3,2.5,right-hand,0.282,0.718
3,2.5,left-hand,0.4771,0.5229
3,2.5,right-hand,0.003,0.997
3,2.5,right-hand,0.0011,0.9989
3,2.5,right-hand,0.0906,0.9094
3,2.5,left-hand,0.9348,0.0652
3,2.5,right-hand,0.0006,0.9994
3,2.5,left-hand,0.3271,0.6729
3,2.5,right-hand,0.0047,0.9953
3,2.5,left-hand,0.9918,0.0082
3,2.5,right-hand,0.0109,0.9891
3,2.5,left-hand,0.1035,0.8965
3,2.5,left-hand,0.0009,0.9991
3,2.5,right-hand,0.6958,0.3042
3,2.5,left-hand,0.9339,0.0661
3,2.5,right-hand,0.0016,0.9984
3,2.5,right-hand,0.111,0.889
3,2.5,right-hand,0.0712,0.9288
3,2.5,right-hand,0.0069,0.9931
3,2.5,left-hand,0.9922,0.0078
3,2.5,left-hand,0.9999,0.0001
4,2.5,left-hand,0.897,0.103
4,2.5,right-hand,0.0005,0.9995
4,2.5,right-hand,0.014,0.986
4,2.5,left-hand,0.3452,0.6548
4,2.5,left-hand,0.5391,0.4609
4,2.5,right-hand,0.1195,0.8805
4,2.5,left-hand,0.9768,0.0232
4,2.5,right-hand,0.0002,0.9998
4,2.5,left-hand,0.9847,0.0153
4,2.5,right-hand,0.019,0.981
4,2.5,left-hand,0.9893,0.0107
4,2.5,right-hand,0.0012,0.9988
4,2.5,left-hand,1.0,0.0
4,2.5,left-hand,0.9978,0.0022
4,2.5,left-hand,0.9196,0.0804
4,2.5,right-hand,0.1792,0.8208
4,2.5,right-hand,0.2077,0.7923
4,2.5,left-hand,0.9998,0.0002
4,2.5,left-hand,0.9743,0.0257
4,2.5,right-hand,0.0072,0.9928
4,2.5,left-hand,0.0087,0.9913
4,2.5,right-hand,0.5509,0.4491
4,2.5,right-hand,0.2406,0.7594
4,2.5,right-hand,0.085,0.915
4,2.5,right-hand,0.0061,0.9939
4,2.5,left-hand,0.9902,0.0098
4,2.5,right-hand,0.0459,0.9541
4,2.5,left-hand,0.9571,0.0429
4,2.5,right-hand,0.0148,0.9852
4,2.5,left-hand,0.9885,0.0115
4,2.5,left-hand,0.9814,0.0186
4,2.5,right-hand,0.1205,0.8795
4,2.5,right-hand,0.01,0.99
4,2.5,right-hand,0.0148,0.9852
4,2.5,left-hand,0.6824,0.3176
4,2.5,left-hand,0.9731,0.0269
4,2.5,right-hand,0.2188,0.7812
4,2.5,left-hand,0.9567,0.0433
4,2.5,right-hand,0.8809,0.1191
4,2.5,right-hand,0.0257,0.9743
4,2.5,right-hand,0.9174,0.0826
4,2.5,right-hand,0.166,0.834
4,2.5,left-hand,0.4699,0.5301
4,2.5,left-hand,0.951,0.049
4,2.5,right-hand,0.3621,0.6379
4,2.5,left-hand,0.9976,0.0024
4,2.5,right-hand,0.0049,0.9951
4,2.5,left-hand,0.9553,0.0447
4,2.5,left-hand,0.9905,0.0095
4,2.5,left-hand,0.8971,0.1029
4,2.5,left-hand,0.9956,0.0044
4,2.5,right-hand,0.1215,0.8785
4,2.5,right-hand,0.1901,0.8099
4,2.5,right-hand,0.2444,0.7556
4,2.5,left-hand,0.7309,0.2691
4,2.5,left-hand,0.9459,0.0541
4,2.5,left-hand,0.9689,0.0311
5,2.5,left-hand,0.9954,0.0046
5,2.5,right-hand,0.0074,0.9926
5,2.5,right-hand,0.0001,0.9999
5,2.5,right-hand,0.0035,0.9965
5,2.5,left-hand,0.9972,0.0028
5,2.5,left-hand,0.7559,0.2441
5,2.5,left-hand,0.9702,0.0298
5,2.5,left-hand,0.3757,0.6243
5,2.5,left-hand,0.9996,0.0004
5,2.5,right-hand,0.8925,0.1075
5,2.5,right-hand,0.0005,0.9995
5,2.5,right-hand,0.0707,0.9293
5,2.5,left-hand,0.9912,0.0088
5,2.5,right-hand,0.0002,0.9998
5,2.5,left-hand,0.9864,0.0136
5,2.5,right-hand,0.0471,0.9529
5,2.5,right-hand,0.9954,0.0046
5,2.5,right-hand,0.0069,0.9931
5,2.5,right-hand,0.0182,0.9818
5,2.5,right-hand,0.0,1.0
5,2.5,left-hand,0.5648,0.4352
5,2.5,right-hand,0.0037,0.9963
5,2.5,right-hand,0.7185,0.2815
5,2.5,left-hand,0.9638,0.0362
5,2.5,left-hand,0.987,0.013
5,2.5,left-hand,0.8935,0.1065
5,2.5,left-hand,0.1566,0.8434
5,2.5,left-hand,0.881,0.119
5,2.5,right-hand,0.0124,0.9876
5,2.5,left-hand,0.7547,0.2453
5,2.5,right-hand,0.0655,0.9345
5,2.5,right-hand,0.5356,0.4644
5,2.5,left-hand,0.4788,0.5212
5,2.5,left-hand,0.6397,0.3603
5,2.5,left-hand,0.9877,0.0123
5,2.5,right-hand,0.0185,0.9815
5,2.5,left-hand,0.9991,0.0009
5,2.5,right-hand,0.0007,0.9993
5,2.5,right-hand,0.8688,0.1312
5,2.5,left-hand,0.5924,0.4076
5,2.5,right-hand,0.0358,0.9642
5,2.5,right-hand,0.4916,0.5084
5,2.5,left-hand,0.9868,0.0132
5,2.5,right-hand,0.0446,0.9554
5,2.5,right-hand,0.003,0.997
5,2.5,left-hand,0.9883,0.0117
5,2.5,left-hand,0.9689,0.0311
5,2.5,left-hand,0.5488,0.4512
5,2.5,left-hand,0.8264,0.1736
5,2.5,right-hand,0.0529,0.9471
5,2.5,right-hand,0.0753,0.9247
5,2.5,left-hand,0.9975,0.0025
5,2.5,right-hand,0.5007,0.4993
5,2.5,right-hand,0.2046,0.7954
5,2.5,left-hand,0.9952,0.0048
5,2.5,left-hand,0.9886,0.0114
5,2.5,right-hand,0.0366,0.9634
