fold,tmin,true_label,left-hand,right-hand
1,3.5,right-hand,0.6129,0.3871
1,3.5,right-hand,0.9116,0.0884
1,3.5,right-hand,0.5202,0.4798
1,3.5,left-hand,0.0987,0.9013
1,3.5,right-hand,0.6344,0.3656
1,3.5,right-hand,0.5582,0.4418
1,3.5,right-hand,0.8927,0.1073
1,3.5,left-hand,0.5546,0.4454
1,3.5,left-hand,0.5597,0.4403
1,3.5,right-hand,0.8022,0.1978
1,3.5,right-hand,0.5298,0.4702
1,3.5,left-hand,0.4748,0.5252
1,3.5,right-hand,0.7836,0.2164
1,3.5,right-hand,0.6174,0.3826
1,3.5,left-hand,0.531,0.469
1,3.5,right-hand,0.381,0.619
1,3.5,right-hand,0.309,0.691
1,3.5,left-hand,0.4721,0.5279
1,3.5,left-hand,0.5869,0.4131
1,3.5,left-hand,0.6339,0.3661
1,3.5,left-hand,0.7106,0.2894
1,3.5,right-hand,0.5653,0.4347
1,3.5,right-hand,0.3893,0.6107
1,3.5,left-hand,0.6725,0.3275
1,3.5,right-hand,0.6904,0.3096
1,3.5,right-hand,0.6792,0.3208
1,3.5,left-hand,0.2386,0.7614
1,3.5,right-hand,0.3891,0.6109
1,3.5,right-hand,0.6777,0.3223
1,3.5,right-hand,0.5905,0.4095
1,3.5,left-hand,0.5893,0.4107
1,3.5,left-hand,0.6115,0.3885
1,3.5,left-hand,0.7433,0.2567
1,3.5,left-hand,0.5342,0.4658
1,3.5,right-hand,0.4798,0.5202
1,3.5,right-hand,0.8131,0.1869
1,3.5,right-hand,0.3419,0.6581
1,3.5,left-hand,0.6736,0.3264
1,3.5,left-hand,0.6985,0.3015
1,3.5,left-hand,0.6152,0.3848
1,3.5,left-hand,0.6219,0.3781
1,3.5,right-hand,0.7402,0.2598
1,3.5,right-hand,0.4318,0.5682
1,3.5,left-hand,0.2312,0.7688
1,3.5,right-hand,0.8276,0.1724
1,3.5,left-hand,0.72,0.28
1,3.5,left-hand,0.5062,0.4938
1,3.5,left-hand,0.1912,0.8088
1,3.5,left-hand,0.7802,0.2198
1,3.5,right-hand,0.2974,0.7026
1,3.5,right-hand,0.9043,0.0957
1,3.5,left-hand,0.3654,0.6346
1,3.5,left-hand,0.3616,0.6384
1,3.5,left-hand,0.7525,0.2475
1,3.5,right-hand,0.0994,0.9006
1,3.5,right-hand,0.7437,0.2563
1,3.5,right-hand,0.7669,0.2331
1,3.5,left-hand,0.7436,0.2564
1,3.5,right-hand,0.6601,0.3399
1,3.5,right-hand,0.2163,0.7837
1,3.5,left-hand,0.1049,0.8951
1,3.5,left-hand,0.9369,0.0631
1,3.5,left-hand,0.4351,0.5649
1,3.5,right-hand,0.4113,0.5887
1,3.5,left-hand,0.1368,0.8632
1,3.5,right-hand,0.3703,0.6297
1,3.5,right-hand,0.3536,0.6464
1,3.5,right-hand,0.1541,0.8459
1,3.5,right-hand,0.7278,0.2722
1,3.5,left-hand,0.4864,0.5136
1,3.5,left-hand,0.3231,0.6769
1,3.5,left-hand,0.7467,0.2533
1,3.5,left-hand,0.7687,0.2313
1,3.5,left-hand,0.596,0.404
1,3.5,left-hand,0.6868,0.3132
1,3.5,right-hand,0.5871,0.4129
1,3.5,right-hand,0.3344,0.6656
1,3.5,left-hand,0.1761,0.8239
1,3.5,left-hand,0.4116,0.5884
1,3.5,left-hand,0.5231,0.4769
1,3.5,left-hand,0.9318,0.0682
1,3.5,right-hand,0.2932,0.7068
1,3.5,left-hand,0.7075,0.2925
1,3.5,right-hand,0.251,0.749
1,3.5,left-hand,0.6434,0.3566
1,3.5,right-hand,0.0274,0.9726
1,3.5,left-hand,0.9762,0.0238
1,3.5,right-hand,0.0278,0.9722
1,3.5,right-hand,0.0765,0.9235
1,3.5,right-hand,0.131,0.869
1,3.5,right-hand,0.1918,0.8082
1,3.5,right-hand,0.1892,0.8108
1,3.5,right-hand,0.0586,0.9414
1,3.5,left-hand,0.9335,0.0665
1,3.5,left-hand,0.6073,0.3927
1,3.5,right-hand,0.1198,0.8802
1,3.5,left-hand,0.1985,0.8015
1,3.5,left-hand,0.9803,0.0197
1,3.5,left-hand,0.4861,0.5139
1,3.5,left-hand,0.9039,0.0961
1,3.5,left-hand,0.741,0.259
1,3.5,right-hand,0.1941,0.8059
1,3.5,left-hand,0.2753,0.7247
1,3.5,left-hand,0.5778,0.4222
1,3.5,left-hand,0.8521,0.1479
1,3.5,left-hand,0.9829,0.0171
1,3.5,right-hand,0.0454,0.9546
1,3.5,left-hand,0.9833,0.0167
1,3.5,left-hand,0.8762,0.1238
1,3.5,right-hand,0.0511,0.9489
1,3.5,right-hand,0.096,0.904
1,3.5,right-hand,0.5662,0.4338
1,3.5,left-hand,0.4996,0.5004
1,3.5,left-hand,0.9806,0.0194
1,3.5,left-hand,0.8251,0.1749
1,3.5,right-hand,0.3102,0.6898
1,3.5,right-hand,0.1034,0.8966
1,3.5,right-hand,0.0141,0.9859
1,3.5,right-hand,0.386,0.614
1,3.5,right-hand,0.4771,0.5229
1,3.5,right-hand,0.0351,0.9649
1,3.5,left-hand,0.2828,0.7172
1,3.5,left-hand,0.8448,0.1552
1,3.5,right-hand,0.4934,0.5066
1,3.5,left-hand,0.418,0.582
1,3.5,right-hand,0.5174,0.4826
1,3.5,right-hand,0.7695,0.2305
1,3.5,right-hand,0.1693,0.8307
1,3.5,right-hand,0.0293,0.9707
1,3.5,right-hand,0.1309,0.8691
1,3.5,right-hand,0.5125,0.4875
1,3.5,left-hand,0.3308,0.6692
1,3.5,right-hand,0.7073,0.2927
1,3.5,right-hand,0.7036,0.2964
1,3.5,right-hand,0.75,0.25
1,3.5,left-hand,0.9542,0.0458
1,3.5,right-hand,0.4387,0.5613
1,3.5,left-hand,0.3727,0.6273
1,3.5,left-hand,0.5919,0.4081
1,3.5,left-hand,0.0543,0.9457
1,3.5,right-hand,0.3802,0.6198
1,3.5,left-hand,0.3474,0.6526
1,3.5,left-hand,0.6861,0.3139
1,3.5,left-hand,0.1563,0.8437
1,3.5,right-hand,0.1189,0.8811
1,3.5,right-hand,0.9057,0.0943
1,3.5,left-hand,0.705,0.295
1,3.5,left-hand,0.1422,0.8578
2,3.5,left-hand,0.6485,0.3515
2,3.5,right-hand,0.3838,0.6162
2,3.5,right-hand,0.5985,0.4015
2,3.5,left-hand,0.7767,0.2233
2,3.5,right-hand,0.7701,0.2299
2,3.5,left-hand,0.2776,0.7224
2,3.5,left-hand,0.8975,0.1025
2,3.5,left-hand,0.3806,0.6194
2,3.5,left-hand,0.7286,0.2714
2,3.5,right-hand,0.5565,0.4435
2,3.5,left-hand,0.5466,0.4534
2,3.5,right-hand,0.6601,0.3399
2,3.5,right-hand,0.4154,0.5846
2,3.5,right-hand,0.3987,0.6013
2,3.5,left-hand,0.6647,0.3353
2,3.5,left-hand,0.8514,0.1486
2,3.5,right-hand,0.7742,0.2258
2,3.5,right-hand,0.9063,0.0937
2,3.5,right-hand,0.5393,0.4607
2,3.5,left-hand,0.7847,0.2153
2,3.5,left-hand,0.7572,0.2428
2,3.5,right-hand,0.3335,0.6665
2,3.5,right-hand,0.7123,0.2877
2,3.5,right-hand,0.9015,0.0985
2,3.5,right-hand,0.3766,0.6234
2,3.5,right-hand,0.4577,0.5423
2,3.5,left-hand,0.6426,0.3574
2,3.5,left-hand,0.7367,0.2633
2,3.5,right-hand,0.1313,0.8687
2,3.5,right-hand,0.8443,0.1557
2,3.5,left-hand,0.2614,0.7386
2,3.5,right-hand,0.4268,0.5732
2,3.5,right-hand,0.3678,0.6322
2,3.5,left-hand,0.6026,0.3974
2,3.5,right-hand,0.8425,0.1575
2,3.5,right-hand,0.4065,0.5935
2,3.5,right-hand,0.5141,0.4859
2,3.5,right-hand,0.167,0.833
2,3.5,left-hand,0.649,0.351
2,3.5,left-hand,0.4531,0.5469
2,3.5,left-hand,0.1177,0.8823
2,3.5,left-hand,0.698,0.302
2,3.5,right-hand,0.8393,0.1607
2,3.5,right-hand,0.4801,0.5199
2,3.5,left-hand,0.2227,0.7773
2,3.5,right-hand,0.1484,0.8516
2,3.5,left-hand,0.5328,0.4672
2,3.5,right-hand,0.5374,0.4626
2,3.5,right-hand,0.4013,0.5987
2,3.5,left-hand,0.3368,0.6632
2,3.5,right-hand,0.5173,0.4827
2,3.5,left-hand,0.4441,0.5559
2,3.5,right-hand,0.0999,0.9001
2,3.5,right-hand,0.3665,0.6335
2,3.5,right-hand,0.1855,0.8145
2,3.5,left-hand,0.7551,0.2449
2,3.5,left-hand,0.3903,0.6097
2,3.5,right-hand,0.1942,0.8058
2,3.5,right-hand,0.6042,0.3958
2,3.5,right-hand,0.6158,0.3842
2,3.5,right-hand,0.3157,0.6843
2,3.5,right-hand,0.5099,0.4901
2,3.5,right-hand,0.813,0.187
2,3.5,left-hand,0.3453,0.6547
2,3.5,left-hand,0.9223,0.0777
2,3.5,left-hand,0.3754,0.6246
2,3.5,right-hand,0.4158,0.5842
2,3.5,right-hand,0.1489,0.8511
2,3.5,left-hand,0.4104,0.5896
2,3.5,right-hand,0.8318,0.1682
2,3.5,left-hand,0.4476,0.5524
2,3.5,left-hand,0.9496,0.0504
2,3.5,left-hand,0.4758,0.5242
2,3.5,right-hand,0.3036,0.6964
2,3.5,left-hand,0.8984,0.1016
2,3.5,right-hand,0.12,0.88
2,3.5,right-hand,0.3837,0.6163
2,3.5,left-hand,0.491,0.509
2,3.5,left-hand,0.2586,0.7414
2,3.5,right-hand,0.3973,0.6027
2,3.5,right-hand,0.8013,0.1987
2,3.5,left-hand,0.7651,0.2349
2,3.5,right-hand,0.2063,0.7937
2,3.5,left-hand,0.6436,0.3564
2,3.5,right-hand,0.6951,0.3049
2,3.5,right-hand,0.2157,0.7843
2,3.5,left-hand,0.7677,0.2323
2,3.5,right-hand,0.0373,0.9627
2,3.5,right-hand,0.0721,0.9279
2,3.5,right-hand,0.1277,0.8723
2,3.5,left-hand,0.7001,0.2999
2,3.5,left-hand,0.7377,0.2623
2,3.5,left-hand,0.8723,0.1277
2,3.5,right-hand,0.276,0.724
2,3.5,left-hand,0.9786,0.0214
2,3.5,left-hand,0.45,0.55
2,3.5,left-hand,0.987,0.013
2,3.5,right-hand,0.0303,0.9697
2,3.5,left-hand,0.975,0.025
2,3.5,right-hand,0.0798,0.9202
2,3.5,left-hand,0.7121,0.2879
2,3.5,left-hand,0.8861,0.1139
2,3.5,left-hand,0.4688,0.5312
2,3.5,left-hand,0.9778,0.0222
2,3.5,right-hand,0.3849,0.6151
2,3.5,right-hand,0.0926,0.9074
2,3.5,right-hand,0.0719,0.9281
2,3.5,right-hand,0.0306,0.9694
2,3.5,right-hand,0.1463,0.8537
2,3.5,left-hand,0.5406,0.4594
2,3.5,left-hand,0.9514,0.0486
2,3.5,right-hand,0.1997,0.8003
2,3.5,right-hand,0.1148,0.8852
2,3.5,right-hand,0.0405,0.9595
2,3.5,left-hand,0.7922,0.2078
2,3.5,left-hand,0.2558,0.7442
2,3.5,left-hand,0.414,0.586
2,3.5,left-hand,0.4282,0.5718
2,3.5,left-hand,0.6007,0.3993
2,3.5,left-hand,0.8359,0.1641
2,3.5,left-hand,0.2497,0.7503
2,3.5,right-hand,0.5556,0.4444
2,3.5,left-hand,0.4497,0.5503
2,3.5,left-hand,0.4452,0.5548
2,3.5,left-hand,0.8294,0.1706
2,3.5,right-hand,0.1702,0.8298
2,3.5,right-hand,0.1651,0.8349
2,3.5,left-hand,0.5385,0.4615
2,3.5,left-hand,0.727,0.273
2,3.5,right-hand,0.3953,0.6047
2,3.5,left-hand,0.2914,0.7086
2,3.5,left-hand,0.3255,0.6745
2,3.5,left-hand,0.347,0.653
2,3.5,right-hand,0.3798,0.6202
2,3.5,left-hand,0.3793,0.6207
2,3.5,left-hand,0.4881,0.5119
2,3.5,left-hand,0.5469,0.4531
2,3.5,left-hand,0.3017,0.6983
2,3.5,left-hand,0.3587,0.6413
2,3.5,right-hand,0.6965,0.3035
2,3.5,right-hand,0.3563,0.6437
2,3.5,right-hand,0.2428,0.7572
2,3.5,right-hand,0.2431,0.7569
2,3.5,left-hand,0.141,0.859
2,3.5,left-hand,0.6961,0.3039
2,3.5,left-hand,0.6736,0.3264
2,3.5,right-hand,0.5581,0.4419
2,3.5,right-hand,0.7563,0.2437
3,3.5,left-hand,0.8117,0.1883
3,3.5,left-hand,0.5308,0.4692
3,3.5,right-hand,0.7712,0.2288
3,3.5,right-hand,0.7628,0.2372
3,3.5,left-hand,0.5832,0.4168
3,3.5,left-hand,0.0891,0.9109
3,3.5,left-hand,0.8456,0.1544
3,3.5,right-hand,0.5779,0.4221
3,3.5,right-hand,0.9485,0.0515
3,3.5,right-hand,0.2775,0.7225
3,3.5,right-hand,0.5521,0.4479
3,3.5,left-hand,0.8518,0.1482
3,3.5,right-hand,0.6425,0.3575
3,3.5,right-hand,0.6868,0.3132
3,3.5,left-hand,0.1584,0.8416
3,3.5,left-hand,0.4758,0.5242
3,3.5,right-hand,0.5601,0.4399
3,3.5,left-hand,0.459,0.541
3,3.5,left-hand,0.2262,0.7738
3,3.5,left-hand,0.8433,0.1567
3,3.5,left-hand,0.2829,0.7171
3,3.5,left-hand,0.3205,0.6795
3,3.5,left-hand,0.0985,0.9015
3,3.5,left-hand,0.4366,0.5634
3,3.5,right-hand,0.5736,0.4264
3,3.5,right-hand,0.3463,0.6537
3,3.5,left-hand,0.4928,0.5072
3,3.5,right-hand,0.2079,0.7921
3,3.5,right-hand,0.1876,0.8124
3,3.5,left-hand,0.4212,0.5788
3,3.5,left-hand,0.1946,0.8054
3,3.5,right-hand,0.4958,0.5042
3,3.5,right-hand,0.8213,0.1787
3,3.5,left-hand,0.1205,0.8795
3,3.5,left-hand,0.685,0.315
3,3.5,right-hand,0.4705,0.5295
3,3.5,left-hand,0.4496,0.5504
3,3.5,right-hand,0.7996,0.2004
3,3.5,right-hand,0.9627,0.0373
3,3.5,left-hand,0.4465,0.5535
3,3.5,left-hand,0.2166,0.7834
3,3.5,right-hand,0.6943,0.3057
3,3.5,left-hand,0.6092,0.3908
3,3.5,right-hand,0.2703,0.7297
3,3.5,left-hand,0.3747,0.6253
3,3.5,right-hand,0.765,0.235
3,3.5,right-hand,0.353,0.647
3,3.5,right-hand,0.7649,0.2351
3,3.5,left-hand,0.2642,0.7358
3,3.5,right-hand,0.2158,0.7842
3,3.5,left-hand,0.7395,0.2605
3,3.5,right-hand,0.0648,0.9352
3,3.5,left-hand,0.7913,0.2087
3,3.5,left-hand,0.4959,0.5041
3,3.5,right-hand,0.449,0.551
3,3.5,right-hand,0.8716,0.1284
3,3.5,left-hand,0.3697,0.6303
3,3.5,left-hand,0.7771,0.2229
3,3.5,left-hand,0.0871,0.9129
3,3.5,right-hand,0.7675,0.2325
3,3.5,right-hand,0.6809,0.3191
3,3.5,left-hand,0.5458,0.4542
3,3.5,left-hand,0.628,0.372
3,3.5,right-hand,0.1626,0.8374
3,3.5,right-hand,0.4356,0.5644
3,3.5,left-hand,0.5972,0.4028
3,3.5,right-hand,0.4957,0.5043
3,3.5,right-hand,0.1478,0.8522
3,3.5,left-hand,0.2483,0.7517
3,3.5,left-hand,0.9923,0.0077
3,3.5,right-hand,0.4121,0.5879
3,3.5,right-hand,0.2888,0.7112
3,3.5,right-hand,0.3819,0.6181
3,3.5,right-hand,0.2592,0.7408
3,3.5,left-hand,0.2229,0.7771
3,3.5,right-hand,0.6475,0.3525
3,3.5,left-hand,0.5463,0.4537
3,3.5,right-hand,0.6483,0.3517
3,3.5,left-hand,0.8936,0.1064
3,3.5,right-hand,0.5017,0.4983
3,3.5,left-hand,0.8905,0.1095
3,3.5,left-hand,0.6813,0.3187
3,3.5,left-hand,0.5804,0.4196
3,3.5,left-hand,0.9379,0.0621
3,3.5,left-hand,0.9591,0.0409
3,3.5,left-hand,0.9297,0.0703
3,3.5,left-hand,0.8261,0.1739
3,3.5,right-hand,0.0454,0.9546
3,3.5,right-hand,0.0532,0.9468
3,3.5,left-hand,0.3731,0.6269
3,3.5,right-hand,0.0914,0.9086
3,3.5,left-hand,0.1194,0.8806
3,3.5,right-hand,0.1636,0.8364
3,3.5,right-hand,0.0306,0.9694
3,3.5,right-hand,0.0084,0.9916
3,3.5,right-hand,0.2442,0.7558
3,3.5,right-hand,0.0118,0.9882
3,3.5,left-hand,0.9421,0.0579
3,3.5,left-hand,0.819,0.181
3,3.5,left-hand,0.9366,0.0634
3,3.5,right-hand,0.0105,0.9895
3,3.5,left-hand,0.5505,0.4495
3,3.5,left-hand,0.7433,0.2567
3,3.5,left-hand,0.9064,0.0936
3,3.5,left-hand,0.9032,0.0968
3,3.5,right-hand,0.0804,0.9196
3,3.5,right-hand,0.0908,0.9092
3,3.5,right-hand,0.2149,0.7851
3,3.5,right-hand,0.0491,0.9509
3,3.5,left-hand,0.1548,0.8452
3,3.5,left-hand,0.3242,0.6758
3,3.5,left-hand,0.3645,0.6355
3,3.5,right-hand,0.0221,0.9779
3,3.5,left-hand,0.7766,0.2234
3,3.5,right-hand,0.1474,0.8526
3,3.5,left-hand,0.8096,0.1904
3,3.5,right-hand,0.7602,0.2398
3,3.5,right-hand,0.1158,0.8842
3,3.5,right-hand,0.0885,0.9115
3,3.5,left-hand,0.6994,0.3006
3,3.5,left-hand,0.3445,0.6555
3,3.5,left-hand,0.6537,0.3463
3,3.5,right-hand,0.0946,0.9054
3,3.5,right-hand,0.1539,0.8461
3,3.5,right-hand,0.3756,0.6244
3,3.5,right-hand,0.7592,0.2408
3,3.5,right-hand,0.1664,0.8336
3,3.5,right-hand,0.297,0.703
3,3.5,left-hand,0.2896,0.7104
3,3.5,right-hand,0.2982,0.7018
3,3.5,right-hand,0.1579,0.8421
3,3.5,left-hand,0.9376,0.0624
3,3.5,right-hand,0.7527,0.2473
3,3.5,right-hand,0.2522,0.7478
3,3.5,right-hand,0.5106,0.4894
3,3.5,left-hand,0.5082,0.4918
3,3.5,left-hand,0.7934,0.2066
3,3.5,right-hand,0.1878,0.8122
3,3.5,left-hand,0.4977,0.5023
3,3.5,right-hand,0.4108,0.5892
3,3.5,left-hand,0.8804,0.1196
3,3.5,left-hand,0.2186,0.7814
3,3.5,left-hand,0.3826,0.6174
3,3.5,right-hand,0.7892,0.2108
3,3.5,left-hand,0.3774,0.6226
3,3.5,right-hand,0.4305,0.5695
3,3.5,right-hand,0.3243,0.6757
3,3.5,left-hand,0.8392,0.1608
4,3.5,left-hand,0.6236,0.3764
4,3.5,left-hand,0.355,0.645
4,3.5,right-hand,0.8524,0.1476
4,3.5,right-hand,0.3626,0.6374
4,3.5,right-hand,0.3901,0.6099
4,3.5,right-hand,0.5126,0.4874
4,3.5,left-hand,0.7595,0.2405
4,3.5,left-hand,0.2916,0.7084
4,3.5,right-hand,0.8454,0.1546
4,3.5,right-hand,0.4543,0.5457
4,3.5,right-hand,0.4978,0.5022
4,3.5,left-hand,0.7417,0.2583
4,3.5,left-hand,0.7526,0.2474
4,3.5,right-hand,0.5038,0.4962
4,3.5,right-hand,0.608,0.392
4,3.5,left-hand,0.6541,0.3459
4,3.5,left-hand,0.1598,0.8402
4,3.5,left-hand,0.8102,0.1898
4,3.5,left-hand,0.5036,0.4964
4,3.5,left-hand,0.4401,0.5599
4,3.5,right-hand,0.274,0.726
4,3.5,right-hand,0.3494,0.6506
4,3.5,left-hand,0.329,0.671
4,3.5,left-hand,0.3531,0.6469
4,3.5,left-hand,0.6437,0.3563
4,3.5,right-hand,0.1492,0.8508
4,3.5,right-hand,0.3035,0.6965
4,3.5,left-hand,0.7986,0.2014
4,3.5,left-hand,0.3496,0.6504
4,3.5,left-hand,0.3201,0.6799
4,3.5,left-hand,0.7531,0.2469
4,3.5,right-hand,0.6046,0.3954
4,3.5,right-hand,0.5075,0.4925
4,3.5,right-hand,0.1868,0.8132
4,3.5,right-hand,0.6001,0.3999
4,3.5,right-hand,0.578,0.422
4,3.5,left-hand,0.4708,0.5292
4,3.5,left-hand,0.6567,0.3433
4,3.5,left-hand,0.6435,0.3565
4,3.5,left-hand,0.6017,0.3983
4,3.5,right-hand,0.3566,0.6434
4,3.5,left-hand,0.1794,0.8206
4,3.5,right-hand,0.577,0.423
4,3.5,right-hand,0.3538,0.6462
4,3.5,left-hand,0.5725,0.4275
4,3.5,right-hand,0.6928,0.3072
4,3.5,left-hand,0.4376,0.5624
4,3.5,left-hand,0.8608,0.1392
4,3.5,left-hand,0.5073,0.4927
4,3.5,left-hand,0.3226,0.6774
4,3.5,right-hand,0.5294,0.4706
4,3.5,right-hand,0.3303,0.6697
4,3.5,right-hand,0.6747,0.3253
4,3.5,left-hand,0.3391,0.6609
4,3.5,right-hand,0.4532,0.5468
4,3.5,right-hand,0.6298,0.3702
4,3.5,left-hand,0.482,0.518
4,3.5,left-hand,0.3872,0.6128
4,3.5,left-hand,0.3446,0.6554
4,3.5,right-hand,0.2188,0.7812
4,3.5,left-hand,0.4652,0.5348
4,3.5,left-hand,0.4029,0.5971
4,3.5,left-hand,0.6802,0.3198
4,3.5,right-hand,0.3092,0.6908
4,3.5,left-hand,0.5124,0.4876
4,3.5,left-hand,0.7517,0.2483
4,3.5,left-hand,0.611,0.389
4,3.5,right-hand,0.3335,0.6665
4,3.5,right-hand,0.354,0.646
4,3.5,right-hand,0.135,0.865
4,3.5,right-hand,0.5124,0.4876
4,3.5,left-hand,0.3189,0.6811
4,3.5,left-hand,0.6046,0.3954
4,3.5,left-hand,0.8691,0.1309
4,3.5,right-hand,0.2607,0.7393
4,3.5,left-hand,0.8505,0.1495
4,3.5,right-hand,0.1781,0.8219
4,3.5,left-hand,0.6607,0.3393
4,3.5,right-hand,0.6398,0.3602
4,3.5,right-hand,0.4665,0.5335
4,3.5,right-hand,0.4428,0.5572
4,3.5,left-hand,0.5979,0.4021
4,3.5,right-hand,0.581,0.419
4,3.5,left-hand,0.4361,0.5639
4,3.5,right-hand,0.5702,0.4298
4,3.5,right-hand,0.405,0.595
4,3.5,left-hand,0.8974,0.1026
4,3.5,right-hand,0.0957,0.9043
4,3.5,right-hand,0.0111,0.9889
4,3.5,left-hand,0.6585,0.3415
4,3.5,right-hand,0.0162,0.9838
4,3.5,right-hand,0.0127,0.9873
4,3.5,right-hand,0.3208,0.6792
4,3.5,right-hand,0.1708,0.8292
4,3.5,right-hand,0.0527,0.9473
4,3.5,left-hand,0.6791,0.3209
4,3.5,left-hand,0.9895,0.0105
4,3.5,right-hand,0.0164,0.9836
4,3.5,right-hand,0.2173,0.7827
4,3.5,right-hand,0.1063,0.8937
4,3.5,right-hand,0.3504,0.6496
4,3.5,left-hand,0.9567,0.0433
4,3.5,left-hand,0.9158,0.0842
4,3.5,right-hand,0.0129,0.9871
4,3.5,left-hand,0.7527,0.2473
4,3.5,left-hand,0.9114,0.0886
4,3.5,left-hand,0.6645,0.3355
4,3.5,left-hand,0.5053,0.4947
4,3.5,left-hand,0.4936,0.5064
4,3.5,right-hand,0.0853,0.9147
4,3.5,left-hand,0.3372,0.6628
4,3.5,left-hand,0.8644,0.1356
4,3.5,right-hand,0.0886,0.9114
4,3.5,left-hand,0.5898,0.4102
4,3.5,right-hand,0.0666,0.9334
4,3.5,right-hand,0.0278,0.9722
4,3.5,left-hand,0.6642,0.3358
4,3.5,right-hand,0.4225,0.5775
4,3.5,right-hand,0.2649,0.7351
4,3.5,right-hand,0.5568,0.4432
4,3.5,left-hand,0.7644,0.2356
4,3.5,left-hand,0.785,0.215
4,3.5,right-hand,0.7654,0.2346
4,3.5,left-hand,0.7797,0.2203
4,3.5,left-hand,0.4409,0.5591
4,3.5,right-hand,0.4274,0.5726
4,3.5,left-hand,0.2561,0.7439
4,3.5,left-hand,0.5506,0.4494
4,3.5,right-hand,0.4323,0.5677
4,3.5,left-hand,0.5293,0.4707
4,3.5,left-hand,0.3905,0.6095
4,3.5,left-hand,0.5554,0.4446
4,3.5,right-hand,0.3933,0.6067
4,3.5,right-hand,0.4319,0.5681
4,3.5,right-hand,0.395,0.605
4,3.5,right-hand,0.2461,0.7539
4,3.5,left-hand,0.759,0.241
4,3.5,right-hand,0.1478,0.8522
4,3.5,left-hand,0.5864,0.4136
4,3.5,right-hand,0.2074,0.7926
4,3.5,right-hand,0.7184,0.2816
4,3.5,left-hand,0.8031,0.1969
4,3.5,right-hand,0.6639,0.3361
4,3.5,right-hand,0.0529,0.9471
4,3.5,right-hand,0.5629,0.4371
4,3.5,left-hand,0.7326,0.2674
4,3.5,left-hand,0.3561,0.6439
4,3.5,right-hand,0.4098,0.5902
5,3.5,right-hand,0.2792,0.7208
5,3.5,left-hand,0.3897,0.6103
5,3.5,left-hand,0.6022,0.3978
5,3.5,right-hand,0.4295,0.5705
5,3.5,right-hand,0.8707,0.1293
5,3.5,left-hand,0.1612,0.8388
5,3.5,left-hand,0.6854,0.3146
5,3.5,left-hand,0.6201,0.3799
5,3.5,right-hand,0.6562,0.3438
5,3.5,left-hand,0.6814,0.3186
5,3.5,left-hand,0.1298,0.8702
5,3.5,left-hand,0.8935,0.1065
5,3.5,right-hand,0.3571,0.6429
5,3.5,left-hand,0.5696,0.4304
5,3.5,left-hand,0.3965,0.6035
5,3.5,right-hand,0.1825,0.8175
5,3.5,left-hand,0.7149,0.2851
5,3.5,right-hand,0.7355,0.2645
5,3.5,left-hand,0.7467,0.2533
5,3.5,right-hand,0.3087,0.6913
5,3.5,right-hand,0.8495,0.1505
5,3.5,left-hand,0.6649,0.3351
5,3.5,right-hand,0.6406,0.3594
5,3.5,right-hand,0.4144,0.5856
5,3.5,left-hand,0.7159,0.2841
5,3.5,right-hand,0.2197,0.7803
5,3.5,left-hand,0.3652,0.6348
5,3.5,right-hand,0.8386,0.1614
5,3.5,left-hand,0.5632,0.4368
5,3.5,right-hand,0.9785,0.0215
5,3.5,left-hand,0.2958,0.7042
5,3.5,right-hand,0.5133,0.4867
5,3.5,left-hand,0.3659,0.6341
5,3.5,left-hand,0.4469,0.5531
5,3.5,left-hand,0.3903,0.6097
5,3.5,left-hand,0.3552,0.6448
5,3.5,left-hand,0.6747,0.3253
5,3.5,right-hand,0.1775,0.8225
5,3.5,right-hand,0.5653,0.4347
5,3.5,right-hand,0.9244,0.0756
5,3.5,left-hand,0.5674,0.4326
5,3.5,right-hand,0.8377,0.1623
5,3.5,left-hand,0.181,0.819
5,3.5,right-hand,0.4032,0.5968
5,3.5,left-hand,0.8609,0.1391
5,3.5,right-hand,0.9585,0.0415
5,3.5,right-hand,0.4596,0.5404
5,3.5,right-hand,0.3343,0.6657
5,3.5,right-hand,0.3967,0.6033
5,3.5,right-hand,0.4065,0.5935
5,3.5,left-hand,0.0727,0.9273
5,3.5,right-hand,0.5956,0.4044
5,3.5,left-hand,0.3633,0.6367
5,3.5,left-hand,0.6109,0.3891
5,3.5,right-hand,0.5687,0.4313
5,3.5,left-hand,0.6231,0.3769
5,3.5,left-hand,0.7068,0.2932
5,3.5,left-hand,0.5836,0.4164
5,3.5,right-hand,0.261,0.739
5,3.5,right-hand,0.3666,0.6334
5,3.5,left-hand,0.4623,0.5377
5,3.5,right-hand,0.9643,0.0357
5,3.5,right-hand,0.6793,0.3207
5,3.5,right-hand,0.0893,0.9107
5,3.5,left-hand,0.2497,0.7503
5,3.5,right-hand,0.9098,0.0902
5,3.5,right-hand,0.7331,0.2669
5,3.5,left-hand,0.8623,0.1377
5,3.5,left-hand,0.1471,0.8529
5,3.5,right-hand,0.5838,0.4162
5,3.5,left-hand,0.9332,0.0668
5,3.5,left-hand,0.0934,0.9066
5,3.5,right-hand,0.4715,0.5285
5,3.5,right-hand,0.2531,0.7469
5,3.5,left-hand,0.6954,0.3046
5,3.5,left-hand,0.6763,0.3237
5,3.5,right-hand,0.8868,0.1132
5,3.5,right-hand,0.4314,0.5686
5,3.5,right-hand,0.8242,0.1758
5,3.5,right-hand,0.1771,0.8229
5,3.5,right-hand,0.4887,0.5113
5,3.5,right-hand,0.6044,0.3956
5,3.5,left-hand,0.9868,0.0132
5,3.5,left-hand,0.4391,0.5609
5,3.5,left-hand,0.7519,0.2481
5,3.5,left-hand,0.9905,0.0095
5,3.5,left-hand,0.5515,0.4485
5,3.5,left-hand,0.9875,0.0125
5,3.5,left-hand,0.6281,0.3719
5,3.5,right-hand,0.2736,0.7264
5,3.5,right-hand,0.1733,0.8267
5,3.5,left-hand,0.7577,0.2423
5,3.5,right-hand,0.0618,0.9382
5,3.5,left-hand,0.979,0.021
5,3.5,right-hand,0.1312,0.8688
5,3.5,right-hand,0.0045,0.9955
5,3.5,left-hand,0.5112,0.4888
5,3.5,right-hand,0.1271,0.8729
5,3.5,left-hand,0.0618,0.9382
5,3.5,left-hand,0.9937,0.0063
5,3.5,right-hand,0.0909,0.9091
5,3.5,left-hand,0.9781,0.0219
5,3.5,left-hand,0.8328,0.1672
5,3.5,right-hand,0.6837,0.3163
5,3.5,right-hand,0.0025,0.9975
5,3.5,right-hand,0.0985,0.9015
5,3.5,left-hand,0.8779,0.1221
5,3.5,left-hand,0.9715,0.0285
5,3.5,left-hand,0.5826,0.4174
5,3.5,right-hand,0.1318,0.8682
5,3.5,right-hand,0.3756,0.6244
5,3.5,left-hand,0.9766,0.0234
5,3.5,left-hand,0.8835,0.1165
5,3.5,right-hand,0.4697,0.5303
5,3.5,right-hand,0.1276,0.8724
5,3.5,right-hand,0.1545,0.8455
5,3.5,left-hand,0.3663,0.6337
5,3.5,right-hand,0.3908,0.6092
5,3.5,right-hand,0.3272,0.6728
5,3.5,right-hand,0.1992,0.8008
5,3.5,right-hand,0.0711,0.9289
5,3.5,left-hand,0.3649,0.6351
5,3.5,left-hand,0.9294,0.0706
5,3.5,left-hand,0.7727,0.2273
5,3.5,left-hand,0.4702,0.5298
5,3.5,right-hand,0.3963,0.6037
5,3.5,right-hand,0.6459,0.3541
5,3.5,left-hand,0.7822,0.2178
5,3.5,left-hand,0.385,0.615
5,3.5,right-hand,0.6889,0.3111
5,3.5,right-hand,0.2111,0.7889
5,3.5,right-hand,0.5628,0.4372
5,3.5,right-hand,0.6551,0.3449
5,3.5,left-hand,0.5081,0.4919
5,3.5,right-hand,0.1622,0.8378
5,3.5,left-hand,0.6023,0.3977
5,3.5,left-hand,0.5662,0.4338
5,3.5,left-hand,0.5369,0.4631
5,3.5,left-hand,0.7755,0.2245
5,3.5,right-hand,0.2125,0.7875
5,3.5,right-hand,0.7096,0.2904
5,3.5,left-hand,0.8713,0.1287
5,3.5,right-hand,0.2408,0.7592
5,3.5,left-hand,0.3392,0.6608
5,3.5,right-hand,0.8702,0.1298
5,3.5,left-hand,0.5764,0.4236
5,3.5,left-hand,0.3531,0.6469
5,3.5,right-hand,0.597,0.403
