fold,tmin,true_label,left-hand,right-hand
1,3.5,left-hand,0.5776,0.4224
1,3.5,right-hand,0.5138,0.4862
1,3.5,left-hand,0.5322,0.4678
1,3.5,left-hand,0.5382,0.4618
1,3.5,left-hand,0.4667,0.5333
1,3.5,right-hand,0.5123,0.4877
1,3.5,right-hand,0.5449,0.4551
1,3.5,right-hand,0.4772,0.5228
1,3.5,right-hand,0.5668,0.4332
1,3.5,left-hand,0.5653,0.4347
1,3.5,right-hand,0.4764,0.5236
1,3.5,left-hand,0.4726,0.5274
1,3.5,right-hand,0.5366,0.4634
1,3.5,left-hand,0.5135,0.4865
1,3.5,right-hand,0.5254,0.4746
1,3.5,left-hand,0.5478,0.4522
1,3.5,right-hand,0.4667,0.5333
1,3.5,left-hand,0.4447,0.5553
1,3.5,left-hand,0.7635,0.2365
1,3.5,right-hand,0.5458,0.4542
1,3.5,left-hand,0.5082,0.4918
1,3.5,left-hand,0.5462,0.4538
1,3.5,left-hand,0.4642,0.5358
1,3.5,right-hand,0.5124,0.4876
1,3.5,left-hand,0.6117,0.3883
1,3.5,right-hand,0.4909,0.5091
1,3.5,right-hand,0.4712,0.5288
1,3.5,left-hand,0.4356,0.5644
1,3.5,left-hand,0.4182,0.5818
1,3.5,right-hand,0.3568,0.6432
1,3.5,right-hand,0.4551,0.5449
1,3.5,right-hand,0.3863,0.6137
1,3.5,right-hand,0.4386,0.5614
1,3.5,left-hand,0.4244,0.5756
1,3.5,left-hand,0.4101,0.5899
1,3.5,right-hand,0.434,0.566
1,3.5,left-hand,0.4433,0.5567
1,3.5,right-hand,0.4245,0.5755
1,3.5,left-hand,0.469,0.531
1,3.5,right-hand,0.3676,0.6324
1,3.5,right-hand,0.4977,0.5023
1,3.5,left-hand,0.4889,0.5111
1,3.5,left-hand,0.3999,0.6001
1,3.5,right-hand,0.4427,0.5573
1,3.5,right-hand,0.2427,0.7573
1,3.5,right-hand,0.3584,0.6416
1,3.5,left-hand,0.4401,0.5599
1,3.5,left-hand,0.374,0.626
1,3.5,left-hand,0.5321,0.4679
1,3.5,left-hand,0.4645,0.5355
1,3.5,right-hand,0.5262,0.4738
1,3.5,left-hand,0.5002,0.4998
1,3.5,left-hand,0.4444,0.5556
1,3.5,right-hand,0.4844,0.5156
1,3.5,right-hand,0.4205,0.5795
1,3.5,right-hand,0.4176,0.5824
1,3.5,right-hand,0.4823,0.5177
1,3.5,left-hand,0.4598,0.5402
1,3.5,right-hand,0.5248,0.4752
1,3.5,left-hand,0.5366,0.4634
1,3.5,right-hand,0.4382,0.5618
1,3.5,right-hand,0.4497,0.5503
1,3.5,left-hand,0.4577,0.5423
1,3.5,left-hand,0.4358,0.5642
1,3.5,left-hand,0.5491,0.4509
1,3.5,right-hand,0.476,0.524
1,3.5,left-hand,0.4794,0.5206
1,3.5,right-hand,0.3991,0.6009
1,3.5,right-hand,0.4898,0.5102
1,3.5,right-hand,0.3654,0.6346
1,3.5,right-hand,0.3337,0.6663
1,3.5,left-hand,0.4764,0.5236
1,3.5,left-hand,0.5377,0.4623
1,3.5,right-hand,0.4558,0.5442
1,3.5,right-hand,0.526,0.474
1,3.5,right-hand,0.4431,0.5569
1,3.5,right-hand,0.4704,0.5296
1,3.5,left-hand,0.5501,0.4499
1,3.5,right-hand,0.4322,0.5678
1,3.5,right-hand,0.5211,0.4789
1,3.5,left-hand,0.5035,0.4965
1,3.5,right-hand,0.4324,0.5676
1,3.5,left-hand,0.5409,0.4591
1,3.5,left-hand,0.4751,0.5249
1,3.5,left-hand,0.4876,0.5124
1,3.5,right-hand,0.5644,0.4356
1,3.5,left-hand,0.5874,0.4126
1,3.5,left-hand,0.5543,0.4457
1,3.5,left-hand,0.5496,0.4504
1,3.5,right-hand,0.502,0.498
1,3.5,left-hand,0.5784,0.4216
1,3.5,right-hand,0.4483,0.5517
1,3.5,right-hand,0.5235,0.4765
1,3.5,right-hand,0.3535,0.6465
1,3.5,right-hand,0.5111,0.4889
1,3.5,right-hand,0.4573,0.5427
1,3.5,left-hand,0.4878,0.5122
1,3.5,right-hand,0.381,0.619
1,3.5,right-hand,0.5313,0.4687
1,3.5,left-hand,0.4633,0.5367
1,3.5,right-hand,0.4828,0.5172
1,3.5,left-hand,0.5495,0.4505
1,3.5,left-hand,0.5261,0.4739
1,3.5,right-hand,0.4761,0.5239
1,3.5,right-hand,0.5156,0.4844
1,3.5,left-hand,0.4847,0.5153
1,3.5,left-hand,0.4646,0.5354
1,3.5,left-hand,0.5751,0.4249
1,3.5,right-hand,0.5003,0.4997
1,3.5,right-hand,0.5509,0.4491
1,3.5,left-hand,0.4968,0.5032
1,3.5,right-hand,0.5009,0.4991
1,3.5,left-hand,0.5114,0.4886
1,3.5,left-hand,0.5482,0.4518
1,3.5,left-hand,0.579,0.421
1,3.5,left-hand,0.541,0.459
1,3.5,left-hand,0.5949,0.4051
1,3.5,right-hand,0.5111,0.4889
1,3.5,right-hand,0.452,0.548
1,3.5,left-hand,0.5341,0.4659
1,3.5,left-hand,0.4081,0.5919
1,3.5,left-hand,0.5234,0.4766
1,3.5,right-hand,0.4634,0.5366
1,3.5,left-hand,0.5718,0.4282
1,3.5,left-hand,0.4335,0.5665
1,3.5,left-hand,0.4563,0.5437
1,3.5,left-hand,0.4357,0.5643
1,3.5,left-hand,0.5769,0.4231
1,3.5,left-hand,0.5316,0.4684
1,3.5,right-hand,0.5562,0.4438
1,3.5,right-hand,0.4086,0.5914
1,3.5,right-hand,0.526,0.474
1,3.5,right-hand,0.4128,0.5872
1,3.5,left-hand,0.5618,0.4382
1,3.5,left-hand,0.5477,0.4523
1,3.5,right-hand,0.5566,0.4434
1,3.5,left-hand,0.4687,0.5313
1,3.5,right-hand,0.4534,0.5466
1,3.5,right-hand,0.4673,0.5327
1,3.5,right-hand,0.5004,0.4996
1,3.5,left-hand,0.6292,0.3708
1,3.5,left-hand,0.604,0.396
1,3.5,right-hand,0.6239,0.3761
1,3.5,right-hand,0.5341,0.4659
2,3.5,right-hand,0.5088,0.4912
2,3.5,right-hand,0.5074,0.4926
2,3.5,left-hand,0.4595,0.5405
2,3.5,left-hand,0.5575,0.4425
2,3.5,right-hand,0.4784,0.5216
2,3.5,left-hand,0.493,0.507
2,3.5,left-hand,0.3833,0.6167
2,3.5,left-hand,0.5697,0.4303
2,3.5,right-hand,0.5144,0.4856
2,3.5,left-hand,0.3641,0.6359
2,3.5,right-hand,0.3656,0.6344
2,3.5,right-hand,0.5397,0.4603
2,3.5,right-hand,0.5,0.5
2,3.5,left-hand,0.5169,0.4831
2,3.5,right-hand,0.4646,0.5354
2,3.5,left-hand,0.6499,0.3501
2,3.5,right-hand,0.5216,0.4784
2,3.5,left-hand,0.5909,0.4091
2,3.5,left-hand,0.4902,0.5098
2,3.5,right-hand,0.5404,0.4596
2,3.5,left-hand,0.5206,0.4794
2,3.5,right-hand,0.4907,0.5093
2,3.5,left-hand,0.4796,0.5204
2,3.5,right-hand,0.4199,0.5801
2,3.5,left-hand,0.5366,0.4634
2,3.5,left-hand,0.4748,0.5252
2,3.5,right-hand,0.4206,0.5794
2,3.5,left-hand,0.4865,0.5135
2,3.5,left-hand,0.4479,0.5521
2,3.5,left-hand,0.5128,0.4872
2,3.5,left-hand,0.4142,0.5858
2,3.5,right-hand,0.4361,0.5639
2,3.5,right-hand,0.3436,0.6564
2,3.5,left-hand,0.4636,0.5364
2,3.5,right-hand,0.402,0.598
2,3.5,left-hand,0.3991,0.6009
2,3.5,left-hand,0.5534,0.4466
2,3.5,right-hand,0.3769,0.6231
2,3.5,right-hand,0.4284,0.5716
2,3.5,right-hand,0.4489,0.5511
2,3.5,left-hand,0.3826,0.6174
2,3.5,left-hand,0.4498,0.5502
2,3.5,left-hand,0.4438,0.5562
2,3.5,left-hand,0.4138,0.5862
2,3.5,right-hand,0.3719,0.6281
2,3.5,right-hand,0.4286,0.5714
2,3.5,left-hand,0.5065,0.4935
2,3.5,right-hand,0.3943,0.6057
2,3.5,left-hand,0.4299,0.5701
2,3.5,right-hand,0.5308,0.4692
2,3.5,left-hand,0.4695,0.5305
2,3.5,left-hand,0.395,0.605
2,3.5,right-hand,0.4509,0.5491
2,3.5,left-hand,0.4039,0.5961
2,3.5,left-hand,0.5887,0.4113
2,3.5,right-hand,0.3102,0.6898
2,3.5,left-hand,0.5094,0.4906
2,3.5,left-hand,0.5231,0.4769
2,3.5,left-hand,0.5454,0.4546
2,3.5,right-hand,0.518,0.482
2,3.5,left-hand,0.5768,0.4232
2,3.5,right-hand,0.386,0.614
2,3.5,left-hand,0.5373,0.4627
2,3.5,right-hand,0.474,0.526
2,3.5,left-hand,0.5102,0.4898
2,3.5,left-hand,0.5763,0.4237
2,3.5,right-hand,0.3931,0.6069
2,3.5,right-hand,0.4344,0.5656
2,3.5,right-hand,0.4798,0.5202
2,3.5,left-hand,0.5412,0.4588
2,3.5,left-hand,0.4181,0.5819
2,3.5,left-hand,0.4996,0.5004
2,3.5,right-hand,0.2845,0.7155
2,3.5,left-hand,0.5294,0.4706
2,3.5,right-hand,0.4383,0.5617
2,3.5,right-hand,0.5978,0.4022
2,3.5,left-hand,0.4696,0.5304
2,3.5,left-hand,0.474,0.526
2,3.5,left-hand,0.4876,0.5124
2,3.5,left-hand,0.5273,0.4727
2,3.5,left-hand,0.2706,0.7294
2,3.5,left-hand,0.4493,0.5507
2,3.5,right-hand,0.5551,0.4449
2,3.5,right-hand,0.5158,0.4842
2,3.5,right-hand,0.528,0.472
2,3.5,right-hand,0.5855,0.4145
2,3.5,right-hand,0.6801,0.3199
2,3.5,right-hand,0.5082,0.4918
2,3.5,left-hand,0.4653,0.5347
2,3.5,right-hand,0.3413,0.6587
2,3.5,right-hand,0.5342,0.4658
2,3.5,right-hand,0.5669,0.4331
2,3.5,left-hand,0.565,0.435
2,3.5,right-hand,0.5106,0.4894
2,3.5,left-hand,0.5145,0.4855
2,3.5,right-hand,0.5202,0.4798
2,3.5,right-hand,0.6032,0.3968
2,3.5,left-hand,0.5842,0.4158
2,3.5,right-hand,0.4625,0.5375
2,3.5,left-hand,0.536,0.464
2,3.5,left-hand,0.5367,0.4633
2,3.5,left-hand,0.7377,0.2623
2,3.5,left-hand,0.5324,0.4676
2,3.5,right-hand,0.2655,0.7345
2,3.5,right-hand,0.5968,0.4032
2,3.5,left-hand,0.5641,0.4359
2,3.5,left-hand,0.5281,0.4719
2,3.5,right-hand,0.4705,0.5295
2,3.5,left-hand,0.5542,0.4458
2,3.5,left-hand,0.5123,0.4877
2,3.5,left-hand,0.5699,0.4301
2,3.5,right-hand,0.4295,0.5705
2,3.5,right-hand,0.4626,0.5374
2,3.5,right-hand,0.5051,0.4949
2,3.5,right-hand,0.5402,0.4598
2,3.5,right-hand,0.5411,0.4589
2,3.5,right-hand,0.4944,0.5056
2,3.5,right-hand,0.4316,0.5684
2,3.5,left-hand,0.4917,0.5083
2,3.5,right-hand,0.4931,0.5069
2,3.5,right-hand,0.5557,0.4443
2,3.5,right-hand,0.5916,0.4084
2,3.5,left-hand,0.5175,0.4825
2,3.5,left-hand,0.5599,0.4401
2,3.5,right-hand,0.5202,0.4798
2,3.5,left-hand,0.6457,0.3543
2,3.5,right-hand,0.5563,0.4437
2,3.5,right-hand,0.4873,0.5127
2,3.5,right-hand,0.4923,0.5077
2,3.5,left-hand,0.5714,0.4286
2,3.5,right-hand,0.5828,0.4172
2,3.5,right-hand,0.5897,0.4103
2,3.5,right-hand,0.3976,0.6024
2,3.5,right-hand,0.4865,0.5135
2,3.5,right-hand,0.4711,0.5289
2,3.5,left-hand,0.5508,0.4492
2,3.5,left-hand,0.6817,0.3183
2,3.5,left-hand,0.5027,0.4973
2,3.5,left-hand,0.5347,0.4653
2,3.5,right-hand,1.0,0.0
2,3.5,right-hand,0.5971,0.4029
2,3.5,left-hand,0.5469,0.4531
2,3.5,right-hand,0.3953,0.6047
2,3.5,left-hand,0.5313,0.4687
3,3.5,right-hand,0.3124,0.6876
3,3.5,right-hand,0.4877,0.5123
3,3.5,left-hand,0.4928,0.5072
3,3.5,right-hand,0.4588,0.5412
3,3.5,left-hand,0.51,0.49
3,3.5,right-hand,0.5018,0.4982
3,3.5,right-hand,0.4527,0.5473
3,3.5,left-hand,0.6039,0.3961
3,3.5,right-hand,0.4509,0.5491
3,3.5,right-hand,0.5555,0.4445
3,3.5,left-hand,0.5085,0.4915
3,3.5,right-hand,0.5117,0.4883
3,3.5,right-hand,0.4788,0.5212
3,3.5,left-hand,0.0106,0.9894
3,3.5,left-hand,0.5695,0.4305
3,3.5,right-hand,0.5235,0.4765
3,3.5,right-hand,0.4565,0.5435
3,3.5,right-hand,0.4731,0.5269
3,3.5,left-hand,0.5096,0.4904
3,3.5,right-hand,0.5852,0.4148
3,3.5,left-hand,0.4618,0.5382
3,3.5,right-hand,0.3286,0.6714
3,3.5,right-hand,0.3801,0.6199
3,3.5,left-hand,0.3543,0.6457
3,3.5,right-hand,0.397,0.603
3,3.5,left-hand,0.3783,0.6217
3,3.5,left-hand,0.4581,0.5419
3,3.5,left-hand,0.4352,0.5648
3,3.5,right-hand,0.3999,0.6001
3,3.5,left-hand,0.4693,0.5307
3,3.5,left-hand,0.3928,0.6072
3,3.5,left-hand,0.4407,0.5593
3,3.5,left-hand,0.4641,0.5359
3,3.5,right-hand,0.4236,0.5764
3,3.5,right-hand,0.4535,0.5465
3,3.5,left-hand,0.4165,0.5835
3,3.5,left-hand,0.2489,0.7511
3,3.5,left-hand,0.4624,0.5376
3,3.5,right-hand,0.4519,0.5481
3,3.5,left-hand,0.303,0.697
3,3.5,left-hand,0.3719,0.6281
3,3.5,right-hand,0.4583,0.5417
3,3.5,right-hand,0.2825,0.7175
3,3.5,left-hand,0.4355,0.5645
3,3.5,left-hand,0.5075,0.4925
3,3.5,right-hand,0.4089,0.5911
3,3.5,left-hand,0.3347,0.6653
3,3.5,right-hand,0.3072,0.6928
3,3.5,right-hand,0.508,0.492
3,3.5,left-hand,0.478,0.522
3,3.5,right-hand,0.6149,0.3851
3,3.5,right-hand,0.314,0.686
3,3.5,right-hand,0.4752,0.5248
3,3.5,left-hand,0.4564,0.5436
3,3.5,right-hand,0.4674,0.5326
3,3.5,left-hand,0.3609,0.6391
3,3.5,right-hand,0.3076,0.6924
3,3.5,left-hand,0.4176,0.5824
3,3.5,left-hand,0.481,0.519
3,3.5,left-hand,0.4911,0.5089
3,3.5,right-hand,0.3525,0.6475
3,3.5,right-hand,0.2858,0.7142
3,3.5,right-hand,0.4162,0.5838
3,3.5,left-hand,0.4872,0.5128
3,3.5,left-hand,0.5499,0.4501
3,3.5,right-hand,0.3926,0.6074
3,3.5,right-hand,0.4001,0.5999
3,3.5,right-hand,0.497,0.503
3,3.5,left-hand,0.5015,0.4985
3,3.5,left-hand,0.3967,0.6033
3,3.5,left-hand,0.5441,0.4559
3,3.5,left-hand,0.4453,0.5547
3,3.5,left-hand,0.5524,0.4476
3,3.5,left-hand,0.4773,0.5227
3,3.5,right-hand,0.3958,0.6042
3,3.5,left-hand,0.3306,0.6694
3,3.5,left-hand,0.4467,0.5533
3,3.5,right-hand,0.3899,0.6101
3,3.5,right-hand,0.464,0.536
3,3.5,right-hand,0.2743,0.7257
3,3.5,left-hand,0.5761,0.4239
3,3.5,right-hand,0.5101,0.4899
3,3.5,right-hand,0.499,0.501
3,3.5,right-hand,0.5366,0.4634
3,3.5,left-hand,0.8352,0.1648
3,3.5,right-hand,0.5491,0.4509
3,3.5,right-hand,0.5307,0.4693
3,3.5,right-hand,0.547,0.453
3,3.5,right-hand,0.8057,0.1943
3,3.5,left-hand,0.5609,0.4391
3,3.5,left-hand,0.2408,0.7592
3,3.5,left-hand,0.5122,0.4878
3,3.5,left-hand,0.5136,0.4864
3,3.5,left-hand,0.5348,0.4652
3,3.5,right-hand,0.5176,0.4824
3,3.5,left-hand,0.5472,0.4528
3,3.5,left-hand,0.5101,0.4899
3,3.5,right-hand,0.4699,0.5301
3,3.5,right-hand,0.5403,0.4597
3,3.5,right-hand,0.507,0.493
3,3.5,right-hand,0.4333,0.5667
3,3.5,right-hand,0.4542,0.5458
3,3.5,right-hand,0.5209,0.4791
3,3.5,right-hand,0.5072,0.4928
3,3.5,left-hand,0.5464,0.4536
3,3.5,left-hand,0.6271,0.3729
3,3.5,left-hand,0.5586,0.4414
3,3.5,left-hand,0.492,0.508
3,3.5,left-hand,0.544,0.456
3,3.5,right-hand,0.5305,0.4695
3,3.5,right-hand,0.5055,0.4945
3,3.5,left-hand,0.5262,0.4738
3,3.5,right-hand,0.3866,0.6134
3,3.5,right-hand,0.4095,0.5905
3,3.5,left-hand,0.4791,0.5209
3,3.5,left-hand,0.4753,0.5247
3,3.5,right-hand,0.4565,0.5435
3,3.5,left-hand,0.5201,0.4799
3,3.5,left-hand,0.5644,0.4356
3,3.5,left-hand,0.4888,0.5112
3,3.5,left-hand,0.5758,0.4242
3,3.5,right-hand,0.4669,0.5331
3,3.5,left-hand,0.5338,0.4662
3,3.5,right-hand,0.4622,0.5378
3,3.5,right-hand,0.4572,0.5428
3,3.5,left-hand,0.6007,0.3993
3,3.5,right-hand,0.4747,0.5253
3,3.5,left-hand,0.6127,0.3873
3,3.5,left-hand,0.5633,0.4367
3,3.5,left-hand,0.4921,0.5079
3,3.5,right-hand,0.438,0.562
3,3.5,left-hand,0.5034,0.4966
3,3.5,right-hand,0.5175,0.4825
3,3.5,left-hand,0.4702,0.5298
3,3.5,right-hand,0.4501,0.5499
3,3.5,left-hand,0.4877,0.5123
3,3.5,right-hand,0.4394,0.5606
3,3.5,right-hand,0.4739,0.5261
3,3.5,left-hand,0.5126,0.4874
3,3.5,right-hand,0.4972,0.5028
3,3.5,left-hand,0.3295,0.6705
3,3.5,right-hand,0.5127,0.4873
3,3.5,left-hand,0.4934,0.5066
3,3.5,right-hand,0.5391,0.4609
4,3.5,left-hand,0.4084,0.5916
4,3.5,right-hand,0.5166,0.4834
4,3.5,right-hand,0.4931,0.5069
4,3.5,left-hand,0.515,0.485
4,3.5,right-hand,0.4313,0.5687
4,3.5,left-hand,0.4713,0.5287
4,3.5,left-hand,0.471,0.529
4,3.5,right-hand,0.4377,0.5623
4,3.5,left-hand,0.4773,0.5227
4,3.5,left-hand,0.4582,0.5418
4,3.5,left-hand,0.8962,0.1038
4,3.5,right-hand,0.5042,0.4958
4,3.5,right-hand,0.5112,0.4888
4,3.5,right-hand,0.997,0.003
4,3.5,right-hand,0.5854,0.4146
4,3.5,left-hand,0.6152,0.3848
4,3.5,left-hand,0.4484,0.5516
4,3.5,left-hand,0.4543,0.5457
4,3.5,left-hand,0.4063,0.5937
4,3.5,right-hand,0.4619,0.5381
4,3.5,left-hand,0.3104,0.6896
4,3.5,right-hand,0.4371,0.5629
4,3.5,right-hand,0.4717,0.5283
4,3.5,right-hand,0.4121,0.5879
4,3.5,right-hand,0.4406,0.5594
4,3.5,left-hand,0.4774,0.5226
4,3.5,right-hand,0.5626,0.4374
4,3.5,right-hand,0.4298,0.5702
4,3.5,right-hand,0.4873,0.5127
4,3.5,left-hand,0.5605,0.4395
4,3.5,right-hand,0.467,0.533
4,3.5,left-hand,0.4927,0.5073
4,3.5,left-hand,0.3904,0.6096
4,3.5,right-hand,0.4681,0.5319
4,3.5,right-hand,0.3969,0.6031
4,3.5,right-hand,0.4716,0.5284
4,3.5,left-hand,0.4986,0.5014
4,3.5,left-hand,0.4818,0.5182
4,3.5,left-hand,0.4581,0.5419
4,3.5,right-hand,0.3853,0.6147
4,3.5,right-hand,0.4724,0.5276
4,3.5,left-hand,0.4622,0.5378
4,3.5,right-hand,0.3308,0.6692
4,3.5,right-hand,0.4996,0.5004
4,3.5,right-hand,0.4555,0.5445
4,3.5,left-hand,0.4869,0.5131
4,3.5,left-hand,0.5736,0.4264
4,3.5,left-hand,0.4207,0.5793
4,3.5,left-hand,0.4871,0.5129
4,3.5,left-hand,0.4853,0.5147
4,3.5,right-hand,0.3619,0.6381
4,3.5,right-hand,0.4979,0.5021
4,3.5,right-hand,0.4828,0.5172
4,3.5,left-hand,0.4543,0.5457
4,3.5,left-hand,0.505,0.495
4,3.5,right-hand,0.3807,0.6193
4,3.5,left-hand,0.4773,0.5227
4,3.5,left-hand,0.5249,0.4751
4,3.5,right-hand,0.4627,0.5373
4,3.5,right-hand,0.6407,0.3593
4,3.5,left-hand,0.6213,0.3787
4,3.5,right-hand,0.3843,0.6157
4,3.5,right-hand,0.3963,0.6037
4,3.5,left-hand,0.5619,0.4381
4,3.5,left-hand,0.5052,0.4948
4,3.5,left-hand,0.5054,0.4946
4,3.5,right-hand,0.4332,0.5668
4,3.5,right-hand,0.4941,0.5059
4,3.5,right-hand,0.5625,0.4375
4,3.5,right-hand,0.4577,0.5423
4,3.5,left-hand,0.4881,0.5119
4,3.5,left-hand,0.4828,0.5172
4,3.5,left-hand,0.338,0.662
4,3.5,right-hand,0.4366,0.5634
4,3.5,right-hand,0.4745,0.5255
4,3.5,left-hand,0.5086,0.4914
4,3.5,right-hand,0.4703,0.5297
4,3.5,left-hand,0.5009,0.4991
4,3.5,left-hand,0.5279,0.4721
4,3.5,left-hand,0.5394,0.4606
4,3.5,left-hand,0.5284,0.4716
4,3.5,right-hand,0.464,0.536
4,3.5,right-hand,0.2836,0.7164
4,3.5,left-hand,0.5329,0.4671
4,3.5,left-hand,0.5781,0.4219
4,3.5,left-hand,0.4599,0.5401
4,3.5,right-hand,0.5755,0.4245
4,3.5,right-hand,0.524,0.476
4,3.5,left-hand,0.5498,0.4502
4,3.5,left-hand,0.5443,0.4557
4,3.5,right-hand,0.6514,0.3486
4,3.5,right-hand,0.4032,0.5968
4,3.5,left-hand,0.5831,0.4169
4,3.5,left-hand,0.5014,0.4986
4,3.5,right-hand,0.5709,0.4291
4,3.5,left-hand,0.5677,0.4323
4,3.5,right-hand,0.5271,0.4729
4,3.5,left-hand,0.5376,0.4624
4,3.5,left-hand,0.5411,0.4589
4,3.5,right-hand,0.4253,0.5747
4,3.5,left-hand,0.7854,0.2146
4,3.5,right-hand,0.5522,0.4478
4,3.5,right-hand,0.559,0.441
4,3.5,right-hand,0.5459,0.4541
4,3.5,right-hand,0.4347,0.5653
4,3.5,right-hand,0.5968,0.4032
4,3.5,right-hand,0.5495,0.4505
4,3.5,left-hand,0.5669,0.4331
4,3.5,right-hand,0.5464,0.4536
4,3.5,left-hand,0.4921,0.5079
4,3.5,left-hand,0.4906,0.5094
4,3.5,right-hand,0.5322,0.4678
4,3.5,right-hand,0.3882,0.6118
4,3.5,right-hand,0.4432,0.5568
4,3.5,left-hand,0.5286,0.4714
4,3.5,left-hand,0.556,0.444
4,3.5,left-hand,0.4043,0.5957
4,3.5,right-hand,0.4193,0.5807
4,3.5,right-hand,0.4412,0.5588
4,3.5,left-hand,0.5466,0.4534
4,3.5,right-hand,0.4448,0.5552
4,3.5,right-hand,0.5678,0.4322
4,3.5,left-hand,0.5372,0.4628
4,3.5,left-hand,0.5756,0.4244
4,3.5,left-hand,0.2849,0.7151
4,3.5,right-hand,0.556,0.444
4,3.5,left-hand,0.4941,0.5059
4,3.5,right-hand,0.5255,0.4745
4,3.5,left-hand,0.3307,0.6693
4,3.5,left-hand,0.4478,0.5522
4,3.5,right-hand,0.4082,0.5918
4,3.5,left-hand,0.3528,0.6472
4,3.5,right-hand,0.556,0.444
4,3.5,right-hand,0.528,0.472
4,3.5,left-hand,0.5863,0.4137
4,3.5,right-hand,0.5739,0.4261
4,3.5,left-hand,0.4933,0.5067
4,3.5,left-hand,0.5771,0.4229
4,3.5,right-hand,0.4614,0.5386
4,3.5,left-hand,0.5644,0.4356
4,3.5,left-hand,0.5077,0.4923
4,3.5,right-hand,0.4878,0.5122
4,3.5,right-hand,0.4905,0.5095
4,3.5,left-hand,0.5318,0.4682
5,3.5,right-hand,0.5742,0.4258
5,3.5,left-hand,0.0,1.0
5,3.5,right-hand,0.4413,0.5587
5,3.5,left-hand,0.5999,0.4001
5,3.5,left-hand,0.5005,0.4995
5,3.5,left-hand,0.5398,0.4602
5,3.5,right-hand,0.4654,0.5346
5,3.5,right-hand,0.3837,0.6163
5,3.5,left-hand,0.582,0.418
5,3.5,left-hand,0.4405,0.5595
5,3.5,right-hand,0.6496,0.3504
5,3.5,left-hand,0.4262,0.5738
5,3.5,left-hand,0.5468,0.4532
5,3.5,left-hand,0.4304,0.5696
5,3.5,right-hand,0.4912,0.5088
5,3.5,right-hand,0.4019,0.5981
5,3.5,left-hand,0.5744,0.4256
5,3.5,left-hand,0.421,0.579
5,3.5,right-hand,0.3849,0.6151
5,3.5,right-hand,0.4257,0.5743
5,3.5,left-hand,0.5609,0.4391
5,3.5,right-hand,0.417,0.583
5,3.5,right-hand,0.3132,0.6868
5,3.5,left-hand,0.5247,0.4753
5,3.5,right-hand,0.4195,0.5805
5,3.5,right-hand,0.5734,0.4266
5,3.5,right-hand,0.4659,0.5341
5,3.5,right-hand,0.3895,0.6105
5,3.5,left-hand,0.4042,0.5958
5,3.5,left-hand,0.4202,0.5798
5,3.5,left-hand,0.4519,0.5481
5,3.5,left-hand,0.4664,0.5336
5,3.5,right-hand,0.4937,0.5063
5,3.5,left-hand,0.469,0.531
5,3.5,right-hand,0.476,0.524
5,3.5,right-hand,0.3194,0.6806
5,3.5,left-hand,0.4852,0.5148
5,3.5,left-hand,0.4675,0.5325
5,3.5,right-hand,0.4909,0.5091
5,3.5,left-hand,0.3472,0.6528
5,3.5,right-hand,0.3021,0.6979
5,3.5,left-hand,0.4886,0.5114
5,3.5,left-hand,0.2642,0.7358
5,3.5,right-hand,0.4563,0.5437
5,3.5,right-hand,0.4343,0.5657
5,3.5,right-hand,0.4477,0.5523
5,3.5,right-hand,0.5657,0.4343
5,3.5,left-hand,0.444,0.556
5,3.5,right-hand,0.4163,0.5837
5,3.5,right-hand,0.4964,0.5036
5,3.5,left-hand,0.4133,0.5867
5,3.5,left-hand,0.4489,0.5511
5,3.5,right-hand,0.2065,0.7935
5,3.5,right-hand,0.5962,0.4038
5,3.5,left-hand,0.3942,0.6058
5,3.5,left-hand,0.469,0.531
5,3.5,right-hand,0.5374,0.4626
5,3.5,right-hand,0.5264,0.4736
5,3.5,right-hand,0.5272,0.4728
5,3.5,right-hand,0.4209,0.5791
5,3.5,right-hand,0.487,0.513
5,3.5,right-hand,0.5084,0.4916
5,3.5,left-hand,0.4323,0.5677
5,3.5,right-hand,0.48,0.52
5,3.5,left-hand,0.5266,0.4734
5,3.5,right-hand,0.387,0.613
5,3.5,left-hand,0.4313,0.5687
5,3.5,left-hand,0.4386,0.5614
5,3.5,left-hand,0.4592,0.5408
5,3.5,left-hand,0.5853,0.4147
5,3.5,right-hand,0.5565,0.4435
5,3.5,right-hand,0.3851,0.6149
5,3.5,left-hand,0.536,0.464
5,3.5,left-hand,0.3777,0.6223
5,3.5,left-hand,0.3768,0.6232
5,3.5,left-hand,0.5748,0.4252
5,3.5,right-hand,0.3643,0.6357
5,3.5,right-hand,0.4517,0.5483
5,3.5,right-hand,0.4196,0.5804
5,3.5,right-hand,0.43,0.57
5,3.5,left-hand,0.5938,0.4062
5,3.5,right-hand,0.5001,0.4999
5,3.5,left-hand,0.3821,0.6179
5,3.5,left-hand,0.5287,0.4713
5,3.5,left-hand,0.5887,0.4113
5,3.5,right-hand,0.58,0.42
5,3.5,left-hand,0.5621,0.4379
5,3.5,right-hand,0.573,0.427
5,3.5,right-hand,0.4135,0.5865
5,3.5,left-hand,0.5083,0.4917
5,3.5,right-hand,0.5673,0.4327
5,3.5,left-hand,0.5487,0.4513
5,3.5,left-hand,0.534,0.466
5,3.5,left-hand,0.5314,0.4686
5,3.5,right-hand,0.5097,0.4903
5,3.5,left-hand,0.583,0.417
5,3.5,right-hand,0.5345,0.4655
5,3.5,right-hand,0.5697,0.4303
5,3.5,left-hand,0.5873,0.4127
5,3.5,left-hand,0.6391,0.3609
5,3.5,left-hand,0.5954,0.4046
5,3.5,left-hand,0.6106,0.3894
5,3.5,right-hand,0.5802,0.4198
5,3.5,right-hand,0.5528,0.4472
5,3.5,right-hand,0.5392,0.4608
5,3.5,right-hand,0.5757,0.4243
5,3.5,right-hand,0.5865,0.4135
5,3.5,right-hand,0.5114,0.4886
5,3.5,left-hand,0.5624,0.4376
5,3.5,left-hand,0.5761,0.4239
5,3.5,right-hand,0.5934,0.4066
5,3.5,right-hand,0.5015,0.4985
5,3.5,left-hand,0.5581,0.4419
5,3.5,left-hand,0.4156,0.5844
5,3.5,right-hand,0.4185,0.5815
5,3.5,left-hand,0.4878,0.5122
5,3.5,left-hand,0.4878,0.5122
5,3.5,left-hand,0.3492,0.6508
5,3.5,left-hand,0.518,0.482
5,3.5,right-hand,0.5445,0.4555
5,3.5,right-hand,0.3414,0.6586
5,3.5,right-hand,0.6223,0.3777
5,3.5,right-hand,0.6007,0.3993
5,3.5,left-hand,0.5457,0.4543
5,3.5,left-hand,0.3774,0.6226
5,3.5,left-hand,0.4896,0.5104
5,3.5,left-hand,0.4946,0.5054
5,3.5,left-hand,0.5126,0.4874
5,3.5,right-hand,0.5642,0.4358
5,3.5,right-hand,0.4946,0.5054
5,3.5,left-hand,0.6452,0.3548
5,3.5,right-hand,0.5308,0.4692
5,3.5,right-hand,0.5086,0.4914
5,3.5,left-hand,0.4185,0.5815
5,3.5,right-hand,0.4646,0.5354
5,3.5,right-hand,0.4873,0.5127
5,3.5,left-hand,0.5427,0.4573
5,3.5,left-hand,0.395,0.605
5,3.5,right-hand,0.6328,0.3672
5,3.5,left-hand,0.406,0.594
5,3.5,left-hand,0.6368,0.3632
5,3.5,right-hand,0.5141,0.4859
5,3.5,left-hand,0.4709,0.5291
5,3.5,right-hand,0.5669,0.4331
