fold,tmin,true_label,left-hand,right-hand
1,3.5,left-hand,0.4394,0.5606
1,3.5,right-hand,0.4581,0.5419
1,3.5,left-hand,0.439,0.561
1,3.5,left-hand,0.452,0.548
1,3.5,left-hand,0.5179,0.4821
1,3.5,right-hand,0.5097,0.4903
1,3.5,right-hand,0.4435,0.5565
1,3.5,right-hand,0.4751,0.5249
1,3.5,right-hand,0.475,0.525
1,3.5,left-hand,0.551,0.449
1,3.5,left-hand,0.4544,0.5456
1,3.5,right-hand,0.3504,0.6496
1,3.5,right-hand,0.5158,0.4842
1,3.5,right-hand,0.4735,0.5265
1,3.5,left-hand,0.546,0.454
1,3.5,left-hand,0.5245,0.4755
1,3.5,right-hand,0.48,0.52
1,3.5,left-hand,0.5183,0.4817
1,3.5,left-hand,0.4532,0.5468
1,3.5,right-hand,0.5228,0.4772
1,3.5,left-hand,0.5642,0.4358
1,3.5,left-hand,0.5227,0.4773
1,3.5,left-hand,0.5049,0.4951
1,3.5,right-hand,0.5081,0.4919
1,3.5,right-hand,0.4817,0.5183
1,3.5,left-hand,0.4721,0.5279
1,3.5,right-hand,0.4363,0.5637
1,3.5,left-hand,0.4961,0.5039
1,3.5,left-hand,0.4173,0.5827
1,3.5,right-hand,0.387,0.613
1,3.5,right-hand,0.4936,0.5064
1,3.5,right-hand,0.4555,0.5445
1,3.5,right-hand,0.4898,0.5102
1,3.5,right-hand,0.5343,0.4657
1,3.5,left-hand,0.5268,0.4732
1,3.5,left-hand,0.5049,0.4951
1,3.5,left-hand,0.4346,0.5654
1,3.5,left-hand,0.4967,0.5033
1,3.5,right-hand,0.4903,0.5097
1,3.5,right-hand,0.5573,0.4427
1,3.5,right-hand,0.4999,0.5001
1,3.5,right-hand,0.4486,0.5514
1,3.5,left-hand,0.4652,0.5348
1,3.5,left-hand,0.5163,0.4837
1,3.5,right-hand,0.491,0.509
1,3.5,right-hand,0.4543,0.5457
1,3.5,left-hand,0.4147,0.5853
1,3.5,left-hand,0.4347,0.5653
1,3.5,left-hand,0.5905,0.4095
1,3.5,left-hand,0.4528,0.5472
1,3.5,right-hand,0.4911,0.5089
1,3.5,left-hand,0.5295,0.4705
1,3.5,left-hand,0.4405,0.5595
1,3.5,right-hand,0.3954,0.6046
1,3.5,right-hand,0.4654,0.5346
1,3.5,right-hand,0.4974,0.5026
1,3.5,right-hand,0.4871,0.5129
1,3.5,left-hand,0.4977,0.5023
1,3.5,right-hand,0.4745,0.5255
1,3.5,left-hand,0.546,0.454
1,3.5,right-hand,0.4989,0.5011
1,3.5,right-hand,0.5113,0.4887
1,3.5,left-hand,0.4254,0.5746
1,3.5,left-hand,0.4498,0.5502
1,3.5,left-hand,0.4514,0.5486
1,3.5,right-hand,0.4946,0.5054
1,3.5,left-hand,0.478,0.522
1,3.5,right-hand,0.5093,0.4907
1,3.5,right-hand,0.5006,0.4994
1,3.5,right-hand,0.4739,0.5261
1,3.5,right-hand,0.4301,0.5699
1,3.5,left-hand,0.4998,0.5002
1,3.5,left-hand,0.5501,0.4499
1,3.5,right-hand,0.4643,0.5357
1,3.5,right-hand,0.4719,0.5281
1,3.5,right-hand,0.4956,0.5044
1,3.5,right-hand,0.4871,0.5129
1,3.5,left-hand,0.5109,0.4891
1,3.5,right-hand,0.4923,0.5077
1,3.5,right-hand,0.4382,0.5618
1,3.5,right-hand,0.4613,0.5387
1,3.5,left-hand,0.524,0.476
1,3.5,left-hand,0.5179,0.4821
1,3.5,left-hand,0.6128,0.3872
1,3.5,left-hand,0.468,0.532
1,3.5,left-hand,0.4661,0.5339
1,3.5,left-hand,0.4631,0.5369
1,3.5,right-hand,0.5002,0.4998
1,3.5,left-hand,0.5791,0.4209
1,3.5,right-hand,0.4519,0.5481
1,3.5,right-hand,0.4206,0.5794
1,3.5,left-hand,0.5714,0.4286
1,3.5,right-hand,0.6529,0.3471
1,3.5,right-hand,0.401,0.599
1,3.5,right-hand,0.4175,0.5825
1,3.5,left-hand,0.4975,0.5025
1,3.5,right-hand,0.4801,0.5199
1,3.5,right-hand,0.4053,0.5947
1,3.5,right-hand,0.5099,0.4901
1,3.5,left-hand,0.4683,0.5317
1,3.5,right-hand,0.5446,0.4554
1,3.5,left-hand,0.5038,0.4962
1,3.5,left-hand,0.4485,0.5515
1,3.5,right-hand,0.4949,0.5051
1,3.5,right-hand,0.4639,0.5361
1,3.5,left-hand,0.4472,0.5528
1,3.5,right-hand,0.4235,0.5765
1,3.5,left-hand,0.4699,0.5301
1,3.5,left-hand,0.4897,0.5103
1,3.5,right-hand,0.4778,0.5222
1,3.5,left-hand,0.4575,0.5425
1,3.5,left-hand,0.4033,0.5967
1,3.5,right-hand,0.4541,0.5459
1,3.5,left-hand,0.4736,0.5264
1,3.5,left-hand,0.4739,0.5261
1,3.5,left-hand,0.4381,0.5619
1,3.5,left-hand,0.4667,0.5333
1,3.5,right-hand,0.4631,0.5369
1,3.5,left-hand,0.4983,0.5017
1,3.5,right-hand,0.504,0.496
1,3.5,right-hand,0.5456,0.4544
1,3.5,left-hand,0.5123,0.4877
1,3.5,left-hand,0.5225,0.4775
1,3.5,left-hand,0.4858,0.5142
1,3.5,left-hand,0.5762,0.4238
1,3.5,left-hand,0.5909,0.4091
1,3.5,left-hand,0.5615,0.4385
1,3.5,right-hand,0.4785,0.5215
1,3.5,right-hand,0.5673,0.4327
1,3.5,left-hand,0.5197,0.4803
1,3.5,right-hand,0.5289,0.4711
1,3.5,right-hand,0.558,0.442
1,3.5,left-hand,0.5478,0.4522
1,3.5,right-hand,0.4571,0.5429
1,3.5,left-hand,0.514,0.486
1,3.5,left-hand,0.5154,0.4846
1,3.5,left-hand,0.5274,0.4726
1,3.5,right-hand,0.4832,0.5168
1,3.5,right-hand,0.5142,0.4858
1,3.5,right-hand,0.4765,0.5235
1,3.5,left-hand,0.5746,0.4254
1,3.5,right-hand,0.5184,0.4816
1,3.5,right-hand,0.4886,0.5114
1,3.5,left-hand,0.4703,0.5297
2,3.5,right-hand,0.4146,0.5854
2,3.5,right-hand,0.5021,0.4979
2,3.5,left-hand,0.4784,0.5216
2,3.5,right-hand,0.4185,0.5815
2,3.5,left-hand,0.4802,0.5198
2,3.5,right-hand,0.4798,0.5202
2,3.5,left-hand,0.5203,0.4797
2,3.5,left-hand,0.5176,0.4824
2,3.5,left-hand,0.4515,0.5485
2,3.5,left-hand,0.4864,0.5136
2,3.5,right-hand,0.5452,0.4548
2,3.5,right-hand,0.4864,0.5136
2,3.5,right-hand,0.542,0.458
2,3.5,left-hand,0.5673,0.4327
2,3.5,right-hand,0.4372,0.5628
2,3.5,left-hand,0.5725,0.4275
2,3.5,right-hand,0.5406,0.4594
2,3.5,left-hand,0.4932,0.5068
2,3.5,left-hand,0.4836,0.5164
2,3.5,right-hand,0.505,0.495
2,3.5,left-hand,0.509,0.491
2,3.5,right-hand,0.4999,0.5001
2,3.5,right-hand,0.5593,0.4407
2,3.5,left-hand,0.5375,0.4625
2,3.5,left-hand,0.4523,0.5477
2,3.5,left-hand,0.5375,0.4625
2,3.5,right-hand,0.466,0.534
2,3.5,left-hand,0.5138,0.4862
2,3.5,left-hand,0.5563,0.4437
2,3.5,left-hand,0.6177,0.3823
2,3.5,left-hand,0.5004,0.4996
2,3.5,right-hand,0.4213,0.5787
2,3.5,right-hand,0.413,0.587
2,3.5,right-hand,0.4571,0.5429
2,3.5,left-hand,0.4658,0.5342
2,3.5,left-hand,0.4301,0.5699
2,3.5,right-hand,0.4324,0.5676
2,3.5,right-hand,0.5457,0.4543
2,3.5,left-hand,0.522,0.478
2,3.5,right-hand,0.5104,0.4896
2,3.5,left-hand,0.4487,0.5513
2,3.5,left-hand,0.4909,0.5091
2,3.5,left-hand,0.4885,0.5115
2,3.5,right-hand,0.426,0.574
2,3.5,right-hand,0.4419,0.5581
2,3.5,left-hand,0.5084,0.4916
2,3.5,left-hand,0.3983,0.6017
2,3.5,right-hand,0.5182,0.4818
2,3.5,left-hand,0.4376,0.5624
2,3.5,right-hand,0.4716,0.5284
2,3.5,left-hand,0.4705,0.5295
2,3.5,left-hand,0.5389,0.4611
2,3.5,right-hand,0.4838,0.5162
2,3.5,left-hand,0.5477,0.4523
2,3.5,left-hand,0.4861,0.5139
2,3.5,right-hand,0.4663,0.5337
2,3.5,left-hand,0.4802,0.5198
2,3.5,left-hand,0.5444,0.4556
2,3.5,left-hand,0.5287,0.4713
2,3.5,right-hand,0.486,0.514
2,3.5,left-hand,0.5959,0.4041
2,3.5,right-hand,0.4467,0.5533
2,3.5,left-hand,0.5678,0.4322
2,3.5,right-hand,0.4478,0.5522
2,3.5,left-hand,0.4987,0.5013
2,3.5,left-hand,0.5212,0.4788
2,3.5,right-hand,0.4637,0.5363
2,3.5,right-hand,0.5542,0.4458
2,3.5,right-hand,0.4686,0.5314
2,3.5,left-hand,0.5198,0.4802
2,3.5,left-hand,0.4418,0.5582
2,3.5,left-hand,0.5919,0.4081
2,3.5,right-hand,0.4608,0.5392
2,3.5,left-hand,0.5456,0.4544
2,3.5,right-hand,0.4939,0.5061
2,3.5,right-hand,0.4381,0.5619
2,3.5,left-hand,0.4504,0.5496
2,3.5,right-hand,0.4534,0.5466
2,3.5,left-hand,0.4319,0.5681
2,3.5,left-hand,0.5255,0.4745
2,3.5,left-hand,0.5662,0.4338
2,3.5,left-hand,0.6183,0.3817
2,3.5,right-hand,0.5396,0.4604
2,3.5,left-hand,0.5578,0.4422
2,3.5,right-hand,0.5101,0.4899
2,3.5,right-hand,0.4962,0.5038
2,3.5,right-hand,0.5347,0.4653
2,3.5,right-hand,0.4903,0.5097
2,3.5,left-hand,0.4715,0.5285
2,3.5,right-hand,0.5337,0.4663
2,3.5,right-hand,0.5053,0.4947
2,3.5,right-hand,0.5528,0.4472
2,3.5,left-hand,0.6581,0.3419
2,3.5,right-hand,0.4491,0.5509
2,3.5,left-hand,0.5148,0.4852
2,3.5,right-hand,0.561,0.439
2,3.5,right-hand,0.4903,0.5097
2,3.5,left-hand,0.5503,0.4497
2,3.5,right-hand,0.5002,0.4998
2,3.5,left-hand,0.5683,0.4317
2,3.5,left-hand,0.4796,0.5204
2,3.5,left-hand,0.486,0.514
2,3.5,left-hand,0.4226,0.5774
2,3.5,right-hand,0.4878,0.5122
2,3.5,right-hand,0.4764,0.5236
2,3.5,left-hand,0.6739,0.3261
2,3.5,left-hand,0.4251,0.5749
2,3.5,right-hand,0.4821,0.5179
2,3.5,left-hand,0.4636,0.5364
2,3.5,left-hand,0.4705,0.5295
2,3.5,left-hand,0.5502,0.4498
2,3.5,right-hand,0.5147,0.4853
2,3.5,right-hand,0.5423,0.4577
2,3.5,right-hand,0.597,0.403
2,3.5,right-hand,0.4852,0.5148
2,3.5,right-hand,0.5444,0.4556
2,3.5,right-hand,0.4474,0.5526
2,3.5,right-hand,0.4595,0.5405
2,3.5,right-hand,0.5857,0.4143
2,3.5,left-hand,0.5178,0.4822
2,3.5,right-hand,0.4765,0.5235
2,3.5,right-hand,0.4822,0.5178
2,3.5,left-hand,0.5395,0.4605
2,3.5,right-hand,0.5448,0.4552
2,3.5,left-hand,0.5439,0.4561
2,3.5,right-hand,0.5759,0.4241
2,3.5,right-hand,0.4605,0.5395
2,3.5,left-hand,0.5054,0.4946
2,3.5,right-hand,0.4905,0.5095
2,3.5,right-hand,0.5476,0.4524
2,3.5,left-hand,0.5124,0.4876
2,3.5,right-hand,0.4528,0.5472
2,3.5,right-hand,0.5826,0.4174
2,3.5,right-hand,0.5357,0.4643
2,3.5,right-hand,0.4859,0.5141
2,3.5,left-hand,0.4946,0.5054
2,3.5,right-hand,0.5011,0.4989
2,3.5,right-hand,0.5521,0.4479
2,3.5,right-hand,0.5818,0.4182
2,3.5,left-hand,0.5483,0.4517
2,3.5,left-hand,0.5108,0.4892
2,3.5,left-hand,0.5834,0.4166
2,3.5,left-hand,0.5392,0.4608
2,3.5,left-hand,0.5829,0.4171
3,3.5,right-hand,0.4667,0.5333
3,3.5,right-hand,0.4613,0.5387
3,3.5,right-hand,0.5553,0.4447
3,3.5,left-hand,0.4308,0.5692
3,3.5,left-hand,0.5746,0.4254
3,3.5,right-hand,0.4477,0.5523
3,3.5,left-hand,0.5648,0.4352
3,3.5,right-hand,0.5737,0.4263
3,3.5,right-hand,0.5112,0.4888
3,3.5,right-hand,0.6425,0.3575
3,3.5,right-hand,0.3717,0.6283
3,3.5,left-hand,0.4347,0.5653
3,3.5,right-hand,0.4831,0.5169
3,3.5,left-hand,0.2965,0.7035
3,3.5,right-hand,0.529,0.471
3,3.5,left-hand,0.6188,0.3812
3,3.5,right-hand,0.4702,0.5298
3,3.5,right-hand,0.4397,0.5603
3,3.5,left-hand,0.4457,0.5543
3,3.5,right-hand,0.6496,0.3504
3,3.5,left-hand,0.4226,0.5774
3,3.5,right-hand,0.5518,0.4482
3,3.5,left-hand,0.6387,0.3613
3,3.5,right-hand,0.4421,0.5579
3,3.5,right-hand,0.4285,0.5715
3,3.5,left-hand,0.4057,0.5943
3,3.5,left-hand,0.7266,0.2734
3,3.5,left-hand,0.5957,0.4043
3,3.5,right-hand,0.4697,0.5303
3,3.5,left-hand,0.4783,0.5217
3,3.5,left-hand,0.4559,0.5441
3,3.5,right-hand,0.4947,0.5053
3,3.5,left-hand,0.4241,0.5759
3,3.5,left-hand,0.4929,0.5071
3,3.5,right-hand,0.4685,0.5315
3,3.5,left-hand,0.5319,0.4681
3,3.5,right-hand,0.4402,0.5598
3,3.5,right-hand,0.421,0.579
3,3.5,left-hand,0.4661,0.5339
3,3.5,left-hand,0.407,0.593
3,3.5,right-hand,0.6248,0.3752
3,3.5,left-hand,0.4629,0.5371
3,3.5,left-hand,0.4559,0.5441
3,3.5,left-hand,0.4267,0.5733
3,3.5,left-hand,0.4903,0.5097
3,3.5,right-hand,0.5985,0.4015
3,3.5,left-hand,0.4419,0.5581
3,3.5,right-hand,0.6071,0.3929
3,3.5,right-hand,0.5806,0.4194
3,3.5,left-hand,0.5,0.5
3,3.5,right-hand,0.5941,0.4059
3,3.5,right-hand,0.5296,0.4704
3,3.5,right-hand,0.486,0.514
3,3.5,left-hand,0.506,0.494
3,3.5,right-hand,0.4959,0.5041
3,3.5,left-hand,0.423,0.577
3,3.5,right-hand,0.3669,0.6331
3,3.5,left-hand,0.4354,0.5646
3,3.5,left-hand,0.4404,0.5596
3,3.5,left-hand,0.4735,0.5265
3,3.5,right-hand,0.5076,0.4924
3,3.5,right-hand,0.5213,0.4787
3,3.5,right-hand,0.4548,0.5452
3,3.5,left-hand,0.3656,0.6344
3,3.5,left-hand,0.4911,0.5089
3,3.5,right-hand,0.5401,0.4599
3,3.5,right-hand,0.4998,0.5002
3,3.5,right-hand,0.4793,0.5207
3,3.5,left-hand,0.4796,0.5204
3,3.5,left-hand,0.4227,0.5773
3,3.5,left-hand,0.431,0.569
3,3.5,left-hand,0.6084,0.3916
3,3.5,left-hand,0.4812,0.5188
3,3.5,left-hand,0.4347,0.5653
3,3.5,right-hand,0.5198,0.4802
3,3.5,left-hand,0.6128,0.3872
3,3.5,left-hand,0.5677,0.4323
3,3.5,right-hand,0.4764,0.5236
3,3.5,right-hand,0.451,0.549
3,3.5,right-hand,0.5226,0.4774
3,3.5,left-hand,0.3904,0.6096
3,3.5,right-hand,0.4906,0.5094
3,3.5,right-hand,0.4439,0.5561
3,3.5,right-hand,0.5233,0.4767
3,3.5,right-hand,0.581,0.419
3,3.5,right-hand,0.4682,0.5318
3,3.5,left-hand,0.5618,0.4382
3,3.5,right-hand,0.4359,0.5641
3,3.5,left-hand,0.5703,0.4297
3,3.5,right-hand,0.5223,0.4777
3,3.5,left-hand,0.5595,0.4405
3,3.5,left-hand,0.4257,0.5743
3,3.5,left-hand,0.4406,0.5594
3,3.5,right-hand,0.5257,0.4743
3,3.5,left-hand,0.4714,0.5286
3,3.5,left-hand,0.5064,0.4936
3,3.5,left-hand,0.4737,0.5263
3,3.5,right-hand,0.4529,0.5471
3,3.5,right-hand,0.4635,0.5365
3,3.5,right-hand,0.5238,0.4762
3,3.5,right-hand,0.3499,0.6501
3,3.5,right-hand,0.562,0.438
3,3.5,right-hand,0.5455,0.4545
3,3.5,right-hand,0.4061,0.5939
3,3.5,left-hand,0.5538,0.4462
3,3.5,left-hand,0.3417,0.6583
3,3.5,left-hand,0.4413,0.5587
3,3.5,left-hand,0.5257,0.4743
3,3.5,left-hand,0.5117,0.4883
3,3.5,right-hand,0.4373,0.5627
3,3.5,left-hand,0.4107,0.5893
3,3.5,right-hand,0.4307,0.5693
3,3.5,right-hand,0.4486,0.5514
3,3.5,left-hand,0.4152,0.5848
3,3.5,left-hand,0.4853,0.5147
3,3.5,right-hand,0.5089,0.4911
3,3.5,right-hand,0.5001,0.4999
3,3.5,left-hand,0.4653,0.5347
3,3.5,left-hand,0.5586,0.4414
3,3.5,left-hand,0.5185,0.4815
3,3.5,left-hand,0.5309,0.4691
3,3.5,right-hand,0.4584,0.5416
3,3.5,right-hand,0.5647,0.4353
3,3.5,right-hand,0.5115,0.4885
3,3.5,left-hand,0.4302,0.5698
3,3.5,right-hand,0.4458,0.5542
3,3.5,left-hand,0.5843,0.4157
3,3.5,left-hand,0.447,0.553
3,3.5,left-hand,0.5294,0.4706
3,3.5,left-hand,0.4666,0.5334
3,3.5,left-hand,0.5303,0.4697
3,3.5,right-hand,0.5327,0.4673
3,3.5,right-hand,0.5091,0.4909
3,3.5,left-hand,0.6167,0.3833
3,3.5,right-hand,0.5236,0.4764
3,3.5,right-hand,0.4928,0.5072
3,3.5,left-hand,0.3738,0.6262
3,3.5,right-hand,0.5732,0.4268
3,3.5,right-hand,0.5299,0.4701
3,3.5,right-hand,0.5139,0.4861
3,3.5,left-hand,0.5157,0.4843
3,3.5,left-hand,0.6604,0.3396
3,3.5,right-hand,0.52,0.48
3,3.5,left-hand,0.6464,0.3536
4,3.5,left-hand,0.4363,0.5637
4,3.5,right-hand,0.3952,0.6048
4,3.5,left-hand,0.4214,0.5786
4,3.5,left-hand,0.4043,0.5957
4,3.5,right-hand,0.8766,0.1234
4,3.5,left-hand,0.4173,0.5827
4,3.5,right-hand,0.4427,0.5573
4,3.5,right-hand,0.3984,0.6016
4,3.5,left-hand,0.4167,0.5833
4,3.5,left-hand,0.4985,0.5015
4,3.5,left-hand,0.5403,0.4597
4,3.5,right-hand,0.3971,0.6029
4,3.5,right-hand,0.4671,0.5329
4,3.5,right-hand,0.5446,0.4554
4,3.5,left-hand,0.5301,0.4699
4,3.5,right-hand,0.8383,0.1617
4,3.5,left-hand,0.5754,0.4246
4,3.5,left-hand,0.6091,0.3909
4,3.5,left-hand,0.4082,0.5918
4,3.5,right-hand,0.5529,0.4471
4,3.5,left-hand,0.6537,0.3463
4,3.5,right-hand,0.4337,0.5663
4,3.5,right-hand,0.3784,0.6216
4,3.5,right-hand,0.526,0.474
4,3.5,right-hand,0.733,0.267
4,3.5,left-hand,0.5566,0.4434
4,3.5,right-hand,0.4544,0.5456
4,3.5,right-hand,0.408,0.592
4,3.5,right-hand,0.4828,0.5172
4,3.5,left-hand,0.4701,0.5299
4,3.5,right-hand,0.503,0.497
4,3.5,right-hand,0.479,0.521
4,3.5,left-hand,0.5252,0.4748
4,3.5,right-hand,0.4146,0.5854
4,3.5,left-hand,0.4658,0.5342
4,3.5,right-hand,0.5264,0.4736
4,3.5,left-hand,0.4484,0.5516
4,3.5,left-hand,0.546,0.454
4,3.5,left-hand,0.4862,0.5138
4,3.5,right-hand,0.4544,0.5456
4,3.5,right-hand,0.4771,0.5229
4,3.5,left-hand,0.5449,0.4551
4,3.5,right-hand,0.4832,0.5168
4,3.5,left-hand,0.4874,0.5126
4,3.5,right-hand,0.3731,0.6269
4,3.5,right-hand,0.3716,0.6284
4,3.5,left-hand,0.5705,0.4295
4,3.5,left-hand,0.5586,0.4414
4,3.5,left-hand,0.5534,0.4466
4,3.5,left-hand,0.55,0.45
4,3.5,right-hand,0.5453,0.4547
4,3.5,right-hand,0.4974,0.5026
4,3.5,right-hand,0.4697,0.5303
4,3.5,left-hand,0.442,0.558
4,3.5,left-hand,0.4929,0.5071
4,3.5,right-hand,0.5289,0.4711
4,3.5,left-hand,0.5063,0.4937
4,3.5,left-hand,0.4668,0.5332
4,3.5,right-hand,0.4554,0.5446
4,3.5,right-hand,0.5472,0.4528
4,3.5,left-hand,0.4303,0.5697
4,3.5,right-hand,0.4529,0.5471
4,3.5,right-hand,0.3343,0.6657
4,3.5,left-hand,0.5919,0.4081
4,3.5,left-hand,0.4825,0.5175
4,3.5,left-hand,0.5255,0.4745
4,3.5,right-hand,0.4984,0.5016
4,3.5,right-hand,0.4617,0.5383
4,3.5,right-hand,0.6738,0.3262
4,3.5,right-hand,0.4406,0.5594
4,3.5,left-hand,0.4451,0.5549
4,3.5,left-hand,0.4482,0.5518
4,3.5,left-hand,0.4148,0.5852
4,3.5,right-hand,0.4121,0.5879
4,3.5,right-hand,0.4924,0.5076
4,3.5,left-hand,0.5802,0.4198
4,3.5,right-hand,0.4941,0.5059
4,3.5,left-hand,0.469,0.531
4,3.5,left-hand,0.5848,0.4152
4,3.5,left-hand,0.5494,0.4506
4,3.5,left-hand,0.5402,0.4598
4,3.5,right-hand,0.5517,0.4483
4,3.5,right-hand,0.4456,0.5544
4,3.5,left-hand,0.3958,0.6042
4,3.5,right-hand,0.4825,0.5175
4,3.5,left-hand,0.4494,0.5506
4,3.5,right-hand,0.4832,0.5168
4,3.5,left-hand,0.4917,0.5083
4,3.5,left-hand,0.5293,0.4707
4,3.5,left-hand,0.5174,0.4826
4,3.5,right-hand,0.4916,0.5084
4,3.5,right-hand,0.5682,0.4318
4,3.5,left-hand,0.5007,0.4993
4,3.5,left-hand,0.4423,0.5577
4,3.5,right-hand,0.5224,0.4776
4,3.5,left-hand,0.466,0.534
4,3.5,right-hand,0.3942,0.6058
4,3.5,left-hand,0.4744,0.5256
4,3.5,left-hand,0.4386,0.5614
4,3.5,right-hand,0.6108,0.3892
4,3.5,right-hand,0.4412,0.5588
4,3.5,left-hand,0.4573,0.5427
4,3.5,right-hand,0.5538,0.4462
4,3.5,right-hand,0.4506,0.5494
4,3.5,right-hand,0.5273,0.4727
4,3.5,right-hand,0.5104,0.4896
4,3.5,right-hand,0.4728,0.5272
4,3.5,left-hand,0.4997,0.5003
4,3.5,right-hand,0.4435,0.5565
4,3.5,left-hand,0.455,0.545
4,3.5,left-hand,0.3971,0.6029
4,3.5,right-hand,0.4348,0.5652
4,3.5,right-hand,0.4593,0.5407
4,3.5,right-hand,0.4251,0.5749
4,3.5,left-hand,0.4955,0.5045
4,3.5,left-hand,0.5899,0.4101
4,3.5,left-hand,0.5163,0.4837
4,3.5,right-hand,0.5768,0.4232
4,3.5,right-hand,0.5032,0.4968
4,3.5,left-hand,0.5082,0.4918
4,3.5,right-hand,0.4615,0.5385
4,3.5,right-hand,0.422,0.578
4,3.5,left-hand,0.5309,0.4691
4,3.5,left-hand,0.5835,0.4165
4,3.5,left-hand,0.5158,0.4842
4,3.5,right-hand,0.4413,0.5587
4,3.5,right-hand,0.5177,0.4823
4,3.5,left-hand,0.6143,0.3857
4,3.5,right-hand,0.5015,0.4985
4,3.5,right-hand,0.4266,0.5734
4,3.5,left-hand,0.6259,0.3741
4,3.5,left-hand,0.5031,0.4969
4,3.5,right-hand,0.5208,0.4792
4,3.5,left-hand,0.4863,0.5137
4,3.5,right-hand,0.6143,0.3857
4,3.5,left-hand,0.5029,0.4971
4,3.5,left-hand,0.5565,0.4435
4,3.5,right-hand,0.5055,0.4945
4,3.5,left-hand,0.4991,0.5009
4,3.5,left-hand,0.532,0.468
4,3.5,left-hand,0.5942,0.4058
4,3.5,right-hand,0.5562,0.4438
4,3.5,right-hand,0.4082,0.5918
4,3.5,left-hand,0.6222,0.3778
5,3.5,left-hand,0.4859,0.5141
5,3.5,right-hand,0.471,0.529
5,3.5,right-hand,0.4963,0.5037
5,3.5,right-hand,0.5044,0.4956
5,3.5,left-hand,0.4865,0.5135
5,3.5,left-hand,0.5011,0.4989
5,3.5,left-hand,0.6433,0.3567
5,3.5,right-hand,0.5179,0.4821
5,3.5,left-hand,0.4809,0.5191
5,3.5,right-hand,0.6748,0.3252
5,3.5,left-hand,0.5499,0.4501
5,3.5,left-hand,0.5417,0.4583
5,3.5,left-hand,0.5002,0.4998
5,3.5,right-hand,0.465,0.535
5,3.5,right-hand,0.5205,0.4795
5,3.5,left-hand,0.5437,0.4563
5,3.5,left-hand,0.5328,0.4672
5,3.5,left-hand,0.553,0.447
5,3.5,right-hand,0.5193,0.4807
5,3.5,left-hand,0.4278,0.5722
5,3.5,right-hand,0.5317,0.4683
5,3.5,right-hand,0.4736,0.5264
5,3.5,right-hand,0.5897,0.4103
5,3.5,right-hand,0.4671,0.5329
5,3.5,left-hand,0.4581,0.5419
5,3.5,right-hand,0.4647,0.5353
5,3.5,right-hand,0.5219,0.4781
5,3.5,left-hand,0.547,0.453
5,3.5,left-hand,0.5198,0.4802
5,3.5,right-hand,0.4854,0.5146
5,3.5,right-hand,0.4626,0.5374
5,3.5,left-hand,0.572,0.428
5,3.5,left-hand,0.4981,0.5019
5,3.5,left-hand,0.4169,0.5831
5,3.5,right-hand,0.4384,0.5616
5,3.5,right-hand,0.4652,0.5348
5,3.5,right-hand,0.4317,0.5683
5,3.5,left-hand,0.477,0.523
5,3.5,left-hand,0.5185,0.4815
5,3.5,left-hand,0.5024,0.4976
5,3.5,right-hand,0.4799,0.5201
5,3.5,left-hand,0.4743,0.5257
5,3.5,right-hand,0.412,0.588
5,3.5,right-hand,0.5239,0.4761
5,3.5,left-hand,0.4695,0.5305
5,3.5,right-hand,0.4234,0.5766
5,3.5,right-hand,0.4914,0.5086
5,3.5,left-hand,0.4956,0.5044
5,3.5,right-hand,0.4513,0.5487
5,3.5,right-hand,0.446,0.554
5,3.5,left-hand,0.5825,0.4175
5,3.5,left-hand,0.4288,0.5712
5,3.5,right-hand,0.4536,0.5464
5,3.5,right-hand,0.5758,0.4242
5,3.5,left-hand,0.5451,0.4549
5,3.5,left-hand,0.5424,0.4576
5,3.5,right-hand,0.4829,0.5171
5,3.5,right-hand,0.4493,0.5507
5,3.5,right-hand,0.4838,0.5162
5,3.5,right-hand,0.542,0.458
5,3.5,right-hand,0.5134,0.4866
5,3.5,right-hand,0.4784,0.5216
5,3.5,left-hand,0.4846,0.5154
5,3.5,right-hand,0.468,0.532
5,3.5,left-hand,0.4865,0.5135
5,3.5,right-hand,0.5275,0.4725
5,3.5,left-hand,0.6009,0.3991
5,3.5,left-hand,0.527,0.473
5,3.5,left-hand,0.5251,0.4749
5,3.5,left-hand,0.4787,0.5213
5,3.5,right-hand,0.4971,0.5029
5,3.5,right-hand,0.5966,0.4034
5,3.5,left-hand,0.4723,0.5277
5,3.5,left-hand,0.4464,0.5536
5,3.5,left-hand,0.4843,0.5157
5,3.5,left-hand,0.4708,0.5292
5,3.5,right-hand,0.5248,0.4752
5,3.5,right-hand,0.5108,0.4892
5,3.5,right-hand,0.4697,0.5303
5,3.5,right-hand,0.483,0.517
5,3.5,right-hand,0.5975,0.4025
5,3.5,left-hand,0.5384,0.4616
5,3.5,left-hand,0.5361,0.4639
5,3.5,right-hand,0.5401,0.4599
5,3.5,left-hand,0.5662,0.4338
5,3.5,left-hand,0.522,0.478
5,3.5,left-hand,0.5411,0.4589
5,3.5,right-hand,0.4823,0.5177
5,3.5,right-hand,0.4529,0.5471
5,3.5,left-hand,0.5716,0.4284
5,3.5,right-hand,0.4394,0.5606
5,3.5,left-hand,0.4981,0.5019
5,3.5,left-hand,0.477,0.523
5,3.5,right-hand,0.445,0.555
5,3.5,left-hand,0.5295,0.4705
5,3.5,right-hand,0.4636,0.5364
5,3.5,right-hand,0.4997,0.5003
5,3.5,left-hand,0.4587,0.5413
5,3.5,left-hand,0.4983,0.5017
5,3.5,left-hand,0.4697,0.5303
5,3.5,right-hand,0.5265,0.4735
5,3.5,left-hand,0.558,0.442
5,3.5,left-hand,0.5252,0.4748
5,3.5,right-hand,0.4709,0.5291
5,3.5,right-hand,0.3928,0.6072
5,3.5,right-hand,0.4915,0.5085
5,3.5,right-hand,0.4466,0.5534
5,3.5,right-hand,0.482,0.518
5,3.5,left-hand,0.4915,0.5085
5,3.5,left-hand,0.4242,0.5758
5,3.5,right-hand,0.58,0.42
5,3.5,right-hand,0.4854,0.5146
5,3.5,left-hand,0.5783,0.4217
5,3.5,left-hand,0.5134,0.4866
5,3.5,right-hand,0.5198,0.4802
5,3.5,left-hand,0.5375,0.4625
5,3.5,left-hand,0.4906,0.5094
5,3.5,left-hand,0.5603,0.4397
5,3.5,left-hand,0.5343,0.4657
5,3.5,right-hand,0.5413,0.4587
5,3.5,right-hand,0.5698,0.4302
5,3.5,right-hand,0.4909,0.5091
5,3.5,right-hand,0.5006,0.4994
5,3.5,left-hand,0.5914,0.4086
5,3.5,left-hand,0.5438,0.4562
5,3.5,right-hand,0.5055,0.4945
5,3.5,right-hand,0.5373,0.4627
5,3.5,left-hand,0.5078,0.4922
5,3.5,left-hand,0.4422,0.5578
5,3.5,left-hand,0.4716,0.5284
5,3.5,right-hand,0.5616,0.4384
5,3.5,left-hand,0.5055,0.4945
5,3.5,left-hand,0.6031,0.3969
5,3.5,right-hand,0.5777,0.4223
5,3.5,right-hand,0.4967,0.5033
5,3.5,right-hand,0.4835,0.5165
5,3.5,left-hand,0.554,0.446
5,3.5,left-hand,0.4886,0.5114
5,3.5,right-hand,0.4802,0.5198
5,3.5,right-hand,0.5145,0.4855
5,3.5,left-hand,0.5412,0.4588
5,3.5,left-hand,0.5385,0.4615
5,3.5,right-hand,0.6523,0.3477
5,3.5,left-hand,0.6007,0.3993
