fold,tmin,true_label,left-hand,right-hand
1,3.5,left-hand,0.5058,0.4942
1,3.5,right-hand,0.5125,0.4875
1,3.5,left-hand,0.63,0.37
1,3.5,right-hand,0.4364,0.5636
1,3.5,right-hand,0.4739,0.5261
1,3.5,right-hand,0.3529,0.6471
1,3.5,left-hand,0.4153,0.5847
1,3.5,right-hand,0.6177,0.3823
1,3.5,right-hand,0.4538,0.5462
1,3.5,left-hand,0.4463,0.5537
1,3.5,right-hand,0.5492,0.4508
1,3.5,right-hand,0.5604,0.4396
1,3.5,left-hand,0.4594,0.5406
1,3.5,right-hand,0.4752,0.5248
1,3.5,left-hand,0.4904,0.5096
1,3.5,left-hand,0.4403,0.5597
1,3.5,left-hand,0.4646,0.5354
1,3.5,left-hand,0.5553,0.4447
1,3.5,right-hand,0.4691,0.5309
1,3.5,right-hand,0.5078,0.4922
1,3.5,left-hand,0.4337,0.5663
1,3.5,right-hand,0.4553,0.5447
1,3.5,left-hand,0.623,0.377
1,3.5,left-hand,0.3742,0.6258
1,3.5,right-hand,0.5844,0.4156
1,3.5,right-hand,0.4588,0.5412
1,3.5,right-hand,0.5247,0.4753
1,3.5,left-hand,0.4955,0.5045
1,3.5,left-hand,0.6405,0.3595
1,3.5,left-hand,0.5782,0.4218
1,3.5,right-hand,0.5625,0.4375
1,3.5,right-hand,0.4341,0.5659
1,3.5,right-hand,0.5436,0.4564
1,3.5,right-hand,0.5432,0.4568
1,3.5,left-hand,0.5499,0.4501
1,3.5,left-hand,0.5065,0.4935
1,3.5,right-hand,0.5761,0.4239
1,3.5,right-hand,0.5702,0.4298
1,3.5,left-hand,0.5277,0.4723
1,3.5,right-hand,0.4056,0.5944
1,3.5,left-hand,0.3186,0.6814
1,3.5,right-hand,0.4708,0.5292
1,3.5,left-hand,0.5611,0.4389
1,3.5,left-hand,0.4964,0.5036
1,3.5,right-hand,0.5403,0.4597
1,3.5,left-hand,0.5965,0.4035
1,3.5,left-hand,0.4112,0.5888
1,3.5,right-hand,0.4702,0.5298
1,3.5,right-hand,0.4316,0.5684
1,3.5,left-hand,0.2243,0.7757
1,3.5,right-hand,0.5413,0.4587
1,3.5,right-hand,0.3582,0.6418
1,3.5,left-hand,0.5498,0.4502
1,3.5,left-hand,0.4978,0.5022
1,3.5,left-hand,0.5129,0.4871
1,3.5,right-hand,0.4383,0.5617
1,3.5,right-hand,0.4634,0.5366
1,3.5,right-hand,0.5052,0.4948
1,3.5,left-hand,0.4706,0.5294
1,3.5,left-hand,0.3985,0.6015
1,3.5,left-hand,0.5819,0.4181
1,3.5,left-hand,0.5708,0.4292
1,3.5,left-hand,0.5897,0.4103
1,3.5,left-hand,0.488,0.512
1,3.5,left-hand,0.4228,0.5772
1,3.5,right-hand,0.5702,0.4298
1,3.5,left-hand,0.5328,0.4672
1,3.5,right-hand,0.6214,0.3786
1,3.5,left-hand,0.5905,0.4095
1,3.5,right-hand,0.5419,0.4581
1,3.5,left-hand,0.4403,0.5597
1,3.5,right-hand,0.436,0.564
1,3.5,left-hand,0.5791,0.4209
1,3.5,right-hand,0.595,0.405
1,3.5,left-hand,0.5612,0.4388
1,3.5,left-hand,0.6514,0.3486
1,3.5,left-hand,0.5196,0.4804
1,3.5,left-hand,0.4496,0.5504
1,3.5,right-hand,0.4813,0.5187
1,3.5,right-hand,0.5487,0.4513
1,3.5,right-hand,0.4383,0.5617
1,3.5,left-hand,0.5334,0.4666
1,3.5,left-hand,0.3832,0.6168
1,3.5,right-hand,0.4975,0.5025
1,3.5,left-hand,0.4448,0.5552
1,3.5,right-hand,0.4979,0.5021
1,3.5,right-hand,0.4481,0.5519
1,3.5,left-hand,0.4722,0.5278
1,3.5,left-hand,0.5304,0.4696
1,3.5,right-hand,0.4382,0.5618
1,3.5,right-hand,0.4383,0.5617
1,3.5,left-hand,0.3899,0.6101
1,3.5,left-hand,0.4544,0.5456
1,3.5,left-hand,0.525,0.475
1,3.5,left-hand,0.5495,0.4505
1,3.5,left-hand,0.3997,0.6003
1,3.5,right-hand,0.4692,0.5308
1,3.5,left-hand,0.4963,0.5037
1,3.5,right-hand,0.4865,0.5135
1,3.5,right-hand,0.4519,0.5481
1,3.5,right-hand,0.538,0.462
1,3.5,right-hand,0.4923,0.5077
1,3.5,right-hand,0.404,0.596
1,3.5,right-hand,0.4167,0.5833
1,3.5,right-hand,0.5195,0.4805
1,3.5,right-hand,0.4617,0.5383
1,3.5,right-hand,0.4147,0.5853
1,3.5,right-hand,0.5681,0.4319
1,3.5,left-hand,0.4229,0.5771
1,3.5,left-hand,0.4783,0.5217
1,3.5,right-hand,0.5341,0.4659
1,3.5,right-hand,0.5762,0.4238
1,3.5,right-hand,0.5031,0.4969
1,3.5,right-hand,0.5215,0.4785
1,3.5,right-hand,0.5551,0.4449
1,3.5,right-hand,0.558,0.442
1,3.5,left-hand,0.3646,0.6354
1,3.5,right-hand,0.4995,0.5005
1,3.5,left-hand,0.3919,0.6081
1,3.5,left-hand,0.525,0.475
1,3.5,left-hand,0.5077,0.4923
1,3.5,right-hand,0.5504,0.4496
1,3.5,right-hand,0.5102,0.4898
1,3.5,left-hand,0.5518,0.4482
1,3.5,right-hand,0.5626,0.4374
1,3.5,right-hand,0.6228,0.3772
1,3.5,right-hand,0.5556,0.4444
1,3.5,left-hand,0.5646,0.4354
1,3.5,left-hand,0.5021,0.4979
1,3.5,left-hand,0.5106,0.4894
1,3.5,left-hand,0.4777,0.5223
1,3.5,right-hand,0.5946,0.4054
1,3.5,left-hand,0.5469,0.4531
1,3.5,left-hand,0.5504,0.4496
1,3.5,left-hand,0.5641,0.4359
1,3.5,left-hand,0.5076,0.4924
2,3.5,right-hand,0.4744,0.5256
2,3.5,right-hand,0.5091,0.4909
2,3.5,left-hand,0.5585,0.4415
2,3.5,right-hand,0.4905,0.5095
2,3.5,right-hand,0.4807,0.5193
2,3.5,right-hand,0.475,0.525
2,3.5,right-hand,0.4809,0.5191
2,3.5,left-hand,0.5495,0.4505
2,3.5,left-hand,0.4901,0.5099
2,3.5,left-hand,0.4932,0.5068
2,3.5,left-hand,0.5112,0.4888
2,3.5,left-hand,0.4799,0.5201
2,3.5,right-hand,0.478,0.522
2,3.5,right-hand,0.4532,0.5468
2,3.5,right-hand,0.5104,0.4896
2,3.5,left-hand,0.4741,0.5259
2,3.5,right-hand,0.5002,0.4998
2,3.5,left-hand,0.4872,0.5128
2,3.5,left-hand,0.4755,0.5245
2,3.5,right-hand,0.4485,0.5515
2,3.5,left-hand,0.5355,0.4645
2,3.5,right-hand,0.5238,0.4762
2,3.5,right-hand,0.5042,0.4958
2,3.5,right-hand,0.5683,0.4317
2,3.5,left-hand,0.5476,0.4524
2,3.5,right-hand,0.4873,0.5127
2,3.5,right-hand,0.4938,0.5062
2,3.5,left-hand,0.5397,0.4603
2,3.5,left-hand,0.4762,0.5238
2,3.5,right-hand,0.4875,0.5125
2,3.5,right-hand,0.4373,0.5627
2,3.5,right-hand,0.4949,0.5051
2,3.5,left-hand,0.5378,0.4622
2,3.5,right-hand,0.4563,0.5437
2,3.5,left-hand,0.5124,0.4876
2,3.5,right-hand,0.5405,0.4595
2,3.5,right-hand,0.5094,0.4906
2,3.5,left-hand,0.559,0.441
2,3.5,left-hand,0.5373,0.4627
2,3.5,left-hand,0.5154,0.4846
2,3.5,left-hand,0.519,0.481
2,3.5,left-hand,0.4891,0.5109
2,3.5,left-hand,0.4369,0.5631
2,3.5,right-hand,0.4701,0.5299
2,3.5,left-hand,0.5726,0.4274
2,3.5,left-hand,0.5106,0.4894
2,3.5,right-hand,0.5003,0.4997
2,3.5,right-hand,0.4425,0.5575
2,3.5,left-hand,0.5099,0.4901
2,3.5,right-hand,0.4731,0.5269
2,3.5,left-hand,0.4745,0.5255
2,3.5,right-hand,0.4672,0.5328
2,3.5,left-hand,0.5503,0.4497
2,3.5,right-hand,0.4921,0.5079
2,3.5,right-hand,0.5214,0.4786
2,3.5,right-hand,0.5509,0.4491
2,3.5,left-hand,0.5553,0.4447
2,3.5,right-hand,0.5101,0.4899
2,3.5,right-hand,0.5191,0.4809
2,3.5,right-hand,0.5147,0.4853
2,3.5,left-hand,0.5476,0.4524
2,3.5,left-hand,0.5074,0.4926
2,3.5,right-hand,0.4745,0.5255
2,3.5,right-hand,0.5142,0.4858
2,3.5,left-hand,0.55,0.45
2,3.5,right-hand,0.4947,0.5053
2,3.5,left-hand,0.499,0.501
2,3.5,right-hand,0.5262,0.4738
2,3.5,left-hand,0.5169,0.4831
2,3.5,right-hand,0.5251,0.4749
2,3.5,right-hand,0.4961,0.5039
2,3.5,right-hand,0.4709,0.5291
2,3.5,right-hand,0.5365,0.4635
2,3.5,right-hand,0.5201,0.4799
2,3.5,left-hand,0.5015,0.4985
2,3.5,left-hand,0.499,0.501
2,3.5,left-hand,0.5087,0.4913
2,3.5,left-hand,0.4672,0.5328
2,3.5,left-hand,0.4802,0.5198
2,3.5,right-hand,0.4373,0.5627
2,3.5,right-hand,0.5124,0.4876
2,3.5,left-hand,0.5689,0.4311
2,3.5,right-hand,0.5549,0.4451
2,3.5,left-hand,0.4971,0.5029
2,3.5,left-hand,0.5066,0.4934
2,3.5,left-hand,0.5246,0.4754
2,3.5,left-hand,0.4501,0.5499
2,3.5,right-hand,0.4241,0.5759
2,3.5,left-hand,0.5357,0.4643
2,3.5,right-hand,0.4639,0.5361
2,3.5,right-hand,0.4809,0.5191
2,3.5,right-hand,0.5001,0.4999
2,3.5,right-hand,0.5503,0.4497
2,3.5,right-hand,0.4741,0.5259
2,3.5,left-hand,0.5206,0.4794
2,3.5,left-hand,0.5119,0.4881
2,3.5,left-hand,0.5345,0.4655
2,3.5,right-hand,0.5314,0.4686
2,3.5,right-hand,0.4924,0.5076
2,3.5,right-hand,0.4356,0.5644
2,3.5,left-hand,0.4724,0.5276
2,3.5,left-hand,0.4464,0.5536
2,3.5,left-hand,0.5718,0.4282
2,3.5,right-hand,0.5197,0.4803
2,3.5,right-hand,0.4768,0.5232
2,3.5,left-hand,0.5002,0.4998
2,3.5,left-hand,0.4561,0.5439
2,3.5,left-hand,0.5019,0.4981
2,3.5,left-hand,0.4823,0.5177
2,3.5,left-hand,0.4661,0.5339
2,3.5,left-hand,0.463,0.537
2,3.5,left-hand,0.5513,0.4487
2,3.5,left-hand,0.5423,0.4577
2,3.5,left-hand,0.5132,0.4868
2,3.5,left-hand,0.427,0.573
2,3.5,left-hand,0.5212,0.4788
2,3.5,right-hand,0.5027,0.4973
2,3.5,left-hand,0.4876,0.5124
2,3.5,left-hand,0.4641,0.5359
2,3.5,left-hand,0.4834,0.5166
2,3.5,right-hand,0.4715,0.5285
2,3.5,right-hand,0.5109,0.4891
2,3.5,right-hand,0.4689,0.5311
2,3.5,left-hand,0.4721,0.5279
2,3.5,left-hand,0.4702,0.5298
2,3.5,right-hand,0.5071,0.4929
2,3.5,left-hand,0.5111,0.4889
2,3.5,left-hand,0.5187,0.4813
2,3.5,right-hand,0.4845,0.5155
2,3.5,right-hand,0.4965,0.5035
2,3.5,right-hand,0.4884,0.5116
2,3.5,left-hand,0.4896,0.5104
2,3.5,right-hand,0.511,0.489
2,3.5,right-hand,0.4813,0.5187
2,3.5,right-hand,0.625,0.375
2,3.5,right-hand,0.4464,0.5536
3,3.5,left-hand,0.3905,0.6095
3,3.5,left-hand,0.475,0.525
3,3.5,left-hand,0.51,0.49
3,3.5,right-hand,0.488,0.512
3,3.5,left-hand,0.4955,0.5045
3,3.5,left-hand,0.64,0.36
3,3.5,right-hand,0.4919,0.5081
3,3.5,right-hand,0.5187,0.4813
3,3.5,left-hand,0.427,0.573
3,3.5,right-hand,0.4933,0.5067
3,3.5,right-hand,0.5033,0.4967
3,3.5,left-hand,0.6003,0.3997
3,3.5,right-hand,0.5142,0.4858
3,3.5,right-hand,0.4752,0.5248
3,3.5,left-hand,0.5844,0.4156
3,3.5,left-hand,0.4703,0.5297
3,3.5,left-hand,0.5125,0.4875
3,3.5,right-hand,0.4778,0.5222
3,3.5,left-hand,0.5949,0.4051
3,3.5,right-hand,0.4411,0.5589
3,3.5,right-hand,0.5464,0.4536
3,3.5,left-hand,0.4849,0.5151
3,3.5,right-hand,0.5396,0.4604
3,3.5,left-hand,0.5143,0.4857
3,3.5,left-hand,0.512,0.488
3,3.5,left-hand,0.5788,0.4212
3,3.5,right-hand,0.4928,0.5072
3,3.5,right-hand,0.5086,0.4914
3,3.5,right-hand,0.5304,0.4696
3,3.5,right-hand,0.5775,0.4225
3,3.5,left-hand,0.2212,0.7788
3,3.5,left-hand,0.4981,0.5019
3,3.5,right-hand,0.6074,0.3926
3,3.5,right-hand,0.5084,0.4916
3,3.5,left-hand,0.5116,0.4884
3,3.5,right-hand,0.4004,0.5996
3,3.5,left-hand,0.5385,0.4615
3,3.5,right-hand,0.5207,0.4793
3,3.5,right-hand,0.5222,0.4778
3,3.5,left-hand,0.4902,0.5098
3,3.5,left-hand,0.4934,0.5066
3,3.5,right-hand,0.584,0.416
3,3.5,right-hand,0.5319,0.4681
3,3.5,right-hand,0.4173,0.5827
3,3.5,left-hand,0.5064,0.4936
3,3.5,right-hand,0.4591,0.5409
3,3.5,left-hand,0.4208,0.5792
3,3.5,left-hand,0.4853,0.5147
3,3.5,right-hand,0.4717,0.5283
3,3.5,left-hand,0.4811,0.5189
3,3.5,right-hand,0.5388,0.4612
3,3.5,left-hand,0.6162,0.3838
3,3.5,right-hand,0.5022,0.4978
3,3.5,right-hand,0.428,0.572
3,3.5,right-hand,0.5684,0.4316
3,3.5,left-hand,0.5491,0.4509
3,3.5,left-hand,0.5124,0.4876
3,3.5,right-hand,0.5351,0.4649
3,3.5,right-hand,0.5019,0.4981
3,3.5,right-hand,0.4938,0.5062
3,3.5,left-hand,0.4547,0.5453
3,3.5,right-hand,0.4611,0.5389
3,3.5,right-hand,0.4732,0.5268
3,3.5,left-hand,0.4021,0.5979
3,3.5,left-hand,0.5734,0.4266
3,3.5,right-hand,0.5532,0.4468
3,3.5,left-hand,0.5286,0.4714
3,3.5,left-hand,0.5646,0.4354
3,3.5,right-hand,0.5493,0.4507
3,3.5,right-hand,0.4714,0.5286
3,3.5,right-hand,0.4687,0.5313
3,3.5,left-hand,0.4895,0.5105
3,3.5,right-hand,0.4836,0.5164
3,3.5,left-hand,0.5538,0.4462
3,3.5,left-hand,0.4743,0.5257
3,3.5,left-hand,0.4601,0.5399
3,3.5,right-hand,0.464,0.536
3,3.5,right-hand,0.4745,0.5255
3,3.5,left-hand,0.455,0.545
3,3.5,right-hand,0.6107,0.3893
3,3.5,left-hand,0.4736,0.5264
3,3.5,right-hand,0.3836,0.6164
3,3.5,right-hand,0.38,0.62
3,3.5,right-hand,0.5125,0.4875
3,3.5,left-hand,0.531,0.469
3,3.5,left-hand,0.5618,0.4382
3,3.5,left-hand,0.4349,0.5651
3,3.5,right-hand,0.4898,0.5102
3,3.5,left-hand,0.5575,0.4425
3,3.5,left-hand,0.4163,0.5837
3,3.5,left-hand,0.4543,0.5457
3,3.5,left-hand,0.4361,0.5639
3,3.5,right-hand,0.4405,0.5595
3,3.5,left-hand,0.4461,0.5539
3,3.5,right-hand,0.4188,0.5812
3,3.5,left-hand,0.4848,0.5152
3,3.5,right-hand,0.5124,0.4876
3,3.5,right-hand,0.4978,0.5022
3,3.5,right-hand,0.4108,0.5892
3,3.5,left-hand,0.4871,0.5129
3,3.5,left-hand,0.5622,0.4378
3,3.5,right-hand,0.4201,0.5799
3,3.5,right-hand,0.4942,0.5058
3,3.5,right-hand,0.4735,0.5265
3,3.5,left-hand,0.6096,0.3904
3,3.5,left-hand,0.4262,0.5738
3,3.5,right-hand,0.3192,0.6808
3,3.5,left-hand,0.4536,0.5464
3,3.5,left-hand,0.5193,0.4807
3,3.5,right-hand,0.5786,0.4214
3,3.5,right-hand,0.4991,0.5009
3,3.5,right-hand,0.4561,0.5439
3,3.5,left-hand,0.4554,0.5446
3,3.5,left-hand,0.5402,0.4598
3,3.5,left-hand,0.5057,0.4943
3,3.5,left-hand,0.5623,0.4377
3,3.5,left-hand,0.5098,0.4902
3,3.5,right-hand,0.4882,0.5118
3,3.5,right-hand,0.5017,0.4983
3,3.5,right-hand,0.4959,0.5041
3,3.5,right-hand,0.5212,0.4788
3,3.5,left-hand,0.4136,0.5864
3,3.5,right-hand,0.5249,0.4751
3,3.5,left-hand,0.2158,0.7842
3,3.5,right-hand,0.5235,0.4765
3,3.5,left-hand,0.5075,0.4925
3,3.5,left-hand,0.3185,0.6815
3,3.5,left-hand,0.4481,0.5519
3,3.5,right-hand,0.5046,0.4954
3,3.5,right-hand,0.4105,0.5895
3,3.5,right-hand,0.4947,0.5053
3,3.5,left-hand,0.5582,0.4418
3,3.5,left-hand,0.4698,0.5302
3,3.5,left-hand,0.471,0.529
3,3.5,right-hand,0.4317,0.5683
3,3.5,left-hand,0.5394,0.4606
4,3.5,left-hand,0.4813,0.5187
4,3.5,right-hand,0.5511,0.4489
4,3.5,left-hand,0.5207,0.4793
4,3.5,left-hand,0.4685,0.5315
4,3.5,right-hand,0.5129,0.4871
4,3.5,right-hand,0.4865,0.5135
4,3.5,right-hand,0.4842,0.5158
4,3.5,left-hand,0.4991,0.5009
4,3.5,left-hand,0.5014,0.4986
4,3.5,right-hand,0.4995,0.5005
4,3.5,left-hand,0.4965,0.5035
4,3.5,left-hand,0.5088,0.4912
4,3.5,left-hand,0.5115,0.4885
4,3.5,right-hand,0.5044,0.4956
4,3.5,left-hand,0.5091,0.4909
4,3.5,left-hand,0.5764,0.4236
4,3.5,left-hand,0.5096,0.4904
4,3.5,left-hand,0.5392,0.4608
4,3.5,left-hand,0.5066,0.4934
4,3.5,left-hand,0.5318,0.4682
4,3.5,right-hand,0.4868,0.5132
4,3.5,left-hand,0.4228,0.5772
4,3.5,left-hand,0.5355,0.4645
4,3.5,right-hand,0.4915,0.5085
4,3.5,left-hand,0.5288,0.4712
4,3.5,left-hand,0.4668,0.5332
4,3.5,left-hand,0.4851,0.5149
4,3.5,right-hand,0.4493,0.5507
4,3.5,right-hand,0.5057,0.4943
4,3.5,left-hand,0.5044,0.4956
4,3.5,right-hand,0.4799,0.5201
4,3.5,right-hand,0.4697,0.5303
4,3.5,right-hand,0.4846,0.5154
4,3.5,right-hand,0.4493,0.5507
4,3.5,right-hand,0.5131,0.4869
4,3.5,right-hand,0.4749,0.5251
4,3.5,left-hand,0.4934,0.5066
4,3.5,right-hand,0.4704,0.5296
4,3.5,left-hand,0.4382,0.5618
4,3.5,left-hand,0.4789,0.5211
4,3.5,left-hand,0.4975,0.5025
4,3.5,right-hand,0.459,0.541
4,3.5,left-hand,0.5091,0.4909
4,3.5,left-hand,0.4943,0.5057
4,3.5,right-hand,0.512,0.488
4,3.5,right-hand,0.5327,0.4673
4,3.5,left-hand,0.5355,0.4645
4,3.5,right-hand,0.4656,0.5344
4,3.5,right-hand,0.4882,0.5118
4,3.5,left-hand,0.4907,0.5093
4,3.5,left-hand,0.4807,0.5193
4,3.5,right-hand,0.527,0.473
4,3.5,left-hand,0.4974,0.5026
4,3.5,left-hand,0.5487,0.4513
4,3.5,left-hand,0.5195,0.4805
4,3.5,right-hand,0.5114,0.4886
4,3.5,left-hand,0.5271,0.4729
4,3.5,left-hand,0.4918,0.5082
4,3.5,left-hand,0.5409,0.4591
4,3.5,left-hand,0.5231,0.4769
4,3.5,right-hand,0.5446,0.4554
4,3.5,right-hand,0.5171,0.4829
4,3.5,right-hand,0.496,0.504
4,3.5,left-hand,0.4962,0.5038
4,3.5,left-hand,0.4881,0.5119
4,3.5,left-hand,0.4997,0.5003
4,3.5,right-hand,0.5238,0.4762
4,3.5,left-hand,0.5195,0.4805
4,3.5,right-hand,0.5357,0.4643
4,3.5,right-hand,0.4884,0.5116
4,3.5,left-hand,0.5112,0.4888
4,3.5,right-hand,0.4927,0.5073
4,3.5,left-hand,0.5338,0.4662
4,3.5,left-hand,0.5116,0.4884
4,3.5,right-hand,0.5033,0.4967
4,3.5,right-hand,0.478,0.522
4,3.5,right-hand,0.4837,0.5163
4,3.5,right-hand,0.5054,0.4946
4,3.5,right-hand,0.5099,0.4901
4,3.5,left-hand,0.555,0.445
4,3.5,right-hand,0.5017,0.4983
4,3.5,right-hand,0.4876,0.5124
4,3.5,left-hand,0.5829,0.4171
4,3.5,left-hand,0.5521,0.4479
4,3.5,right-hand,0.5349,0.4651
4,3.5,left-hand,0.4849,0.5151
4,3.5,right-hand,0.5329,0.4671
4,3.5,left-hand,0.492,0.508
4,3.5,right-hand,0.4765,0.5235
4,3.5,right-hand,0.479,0.521
4,3.5,right-hand,0.4778,0.5222
4,3.5,left-hand,0.4788,0.5212
4,3.5,left-hand,0.4493,0.5507
4,3.5,right-hand,0.4886,0.5114
4,3.5,right-hand,0.4878,0.5122
4,3.5,left-hand,0.4723,0.5277
4,3.5,right-hand,0.5026,0.4974
4,3.5,left-hand,0.488,0.512
4,3.5,left-hand,0.4953,0.5047
4,3.5,left-hand,0.4791,0.5209
4,3.5,right-hand,0.4908,0.5092
4,3.5,left-hand,0.4799,0.5201
4,3.5,left-hand,0.4923,0.5077
4,3.5,left-hand,0.4744,0.5256
4,3.5,left-hand,0.4878,0.5122
4,3.5,right-hand,0.4945,0.5055
4,3.5,right-hand,0.496,0.504
4,3.5,right-hand,0.4959,0.5041
4,3.5,left-hand,0.5401,0.4599
4,3.5,right-hand,0.5148,0.4852
4,3.5,right-hand,0.4191,0.5809
4,3.5,left-hand,0.4869,0.5131
4,3.5,right-hand,0.5118,0.4882
4,3.5,right-hand,0.3512,0.6488
4,3.5,right-hand,0.4809,0.5191
4,3.5,right-hand,0.4899,0.5101
4,3.5,left-hand,0.486,0.514
4,3.5,right-hand,0.4853,0.5147
4,3.5,right-hand,0.4835,0.5165
4,3.5,left-hand,0.5112,0.4888
4,3.5,right-hand,0.4783,0.5217
4,3.5,right-hand,0.5038,0.4962
4,3.5,left-hand,0.5265,0.4735
4,3.5,right-hand,0.4637,0.5363
4,3.5,right-hand,0.5002,0.4998
4,3.5,left-hand,0.4903,0.5097
4,3.5,right-hand,0.4714,0.5286
4,3.5,left-hand,0.4968,0.5032
4,3.5,right-hand,0.4866,0.5134
4,3.5,right-hand,0.4805,0.5195
4,3.5,left-hand,0.5053,0.4947
4,3.5,right-hand,0.5062,0.4938
4,3.5,left-hand,0.4853,0.5147
4,3.5,right-hand,0.4887,0.5113
4,3.5,left-hand,0.4781,0.5219
4,3.5,right-hand,0.4972,0.5028
5,3.5,right-hand,0.5241,0.4759
5,3.5,right-hand,0.4942,0.5058
5,3.5,left-hand,0.4713,0.5287
5,3.5,right-hand,0.4905,0.5095
5,3.5,left-hand,0.5267,0.4733
5,3.5,left-hand,0.6037,0.3963
5,3.5,right-hand,0.4779,0.5221
5,3.5,left-hand,0.437,0.563
5,3.5,left-hand,0.4987,0.5013
5,3.5,right-hand,0.5171,0.4829
5,3.5,left-hand,0.5659,0.4341
5,3.5,left-hand,0.4842,0.5158
5,3.5,left-hand,0.4731,0.5269
5,3.5,right-hand,0.5251,0.4749
5,3.5,left-hand,0.571,0.429
5,3.5,right-hand,0.5431,0.4569
5,3.5,left-hand,0.5336,0.4664
5,3.5,right-hand,0.4606,0.5394
5,3.5,right-hand,0.539,0.461
5,3.5,left-hand,0.6326,0.3674
5,3.5,left-hand,0.5651,0.4349
5,3.5,right-hand,0.5389,0.4611
5,3.5,right-hand,0.3918,0.6082
5,3.5,left-hand,0.5389,0.4611
5,3.5,right-hand,0.578,0.422
5,3.5,right-hand,0.5004,0.4996
5,3.5,left-hand,0.4705,0.5295
5,3.5,right-hand,0.551,0.449
5,3.5,right-hand,0.4856,0.5144
5,3.5,right-hand,0.491,0.509
5,3.5,right-hand,0.4755,0.5245
5,3.5,right-hand,0.4325,0.5675
5,3.5,left-hand,0.5436,0.4564
5,3.5,right-hand,0.4751,0.5249
5,3.5,right-hand,0.4123,0.5877
5,3.5,right-hand,0.5075,0.4925
5,3.5,left-hand,0.4742,0.5258
5,3.5,right-hand,0.5005,0.4995
5,3.5,left-hand,0.4863,0.5137
5,3.5,left-hand,0.4816,0.5184
5,3.5,right-hand,0.5169,0.4831
5,3.5,left-hand,0.4436,0.5564
5,3.5,left-hand,0.5468,0.4532
5,3.5,left-hand,0.5388,0.4612
5,3.5,right-hand,0.4946,0.5054
5,3.5,right-hand,0.3842,0.6158
5,3.5,left-hand,0.5906,0.4094
5,3.5,left-hand,0.4561,0.5439
5,3.5,left-hand,0.5297,0.4703
5,3.5,left-hand,0.4527,0.5473
5,3.5,left-hand,0.5316,0.4684
5,3.5,right-hand,0.5335,0.4665
5,3.5,right-hand,0.4596,0.5404
5,3.5,right-hand,0.5403,0.4597
5,3.5,left-hand,0.4338,0.5662
5,3.5,left-hand,0.5717,0.4283
5,3.5,right-hand,0.5908,0.4092
5,3.5,left-hand,0.4947,0.5053
5,3.5,left-hand,0.5143,0.4857
5,3.5,left-hand,0.4262,0.5738
5,3.5,right-hand,0.5533,0.4467
5,3.5,left-hand,0.5955,0.4045
5,3.5,right-hand,0.5086,0.4914
5,3.5,left-hand,0.6021,0.3979
5,3.5,right-hand,0.5526,0.4474
5,3.5,right-hand,0.5616,0.4384
5,3.5,left-hand,0.5205,0.4795
5,3.5,right-hand,0.5339,0.4661
5,3.5,left-hand,0.4693,0.5307
5,3.5,right-hand,0.454,0.546
5,3.5,right-hand,0.5624,0.4376
5,3.5,right-hand,0.4846,0.5154
5,3.5,left-hand,0.5096,0.4904
5,3.5,left-hand,0.4721,0.5279
5,3.5,right-hand,0.4918,0.5082
5,3.5,left-hand,0.494,0.506
5,3.5,right-hand,0.4429,0.5571
5,3.5,left-hand,0.6453,0.3547
5,3.5,right-hand,0.5539,0.4461
5,3.5,right-hand,0.4639,0.5361
5,3.5,right-hand,0.4378,0.5622
5,3.5,left-hand,0.4533,0.5467
5,3.5,left-hand,0.45,0.55
5,3.5,left-hand,0.4592,0.5408
5,3.5,right-hand,0.4341,0.5659
5,3.5,right-hand,0.4387,0.5613
5,3.5,right-hand,0.499,0.501
5,3.5,right-hand,0.5128,0.4872
5,3.5,right-hand,0.4947,0.5053
5,3.5,left-hand,0.5394,0.4606
5,3.5,left-hand,0.541,0.459
5,3.5,left-hand,0.5189,0.4811
5,3.5,left-hand,0.5179,0.4821
5,3.5,right-hand,0.5027,0.4973
5,3.5,left-hand,0.5713,0.4287
5,3.5,left-hand,0.4326,0.5674
5,3.5,left-hand,0.4909,0.5091
5,3.5,right-hand,0.4286,0.5714
5,3.5,right-hand,0.5054,0.4946
5,3.5,right-hand,0.4782,0.5218
5,3.5,right-hand,0.568,0.432
5,3.5,left-hand,0.5794,0.4206
5,3.5,left-hand,0.5408,0.4592
5,3.5,left-hand,0.47,0.53
5,3.5,right-hand,0.5331,0.4669
5,3.5,left-hand,0.5235,0.4765
5,3.5,right-hand,0.5576,0.4424
5,3.5,right-hand,0.4764,0.5236
5,3.5,right-hand,0.545,0.455
5,3.5,right-hand,0.459,0.541
5,3.5,right-hand,0.5342,0.4658
5,3.5,left-hand,0.51,0.49
5,3.5,left-hand,0.4842,0.5158
5,3.5,left-hand,0.5142,0.4858
5,3.5,left-hand,0.5136,0.4864
5,3.5,left-hand,0.4735,0.5265
5,3.5,right-hand,0.4136,0.5864
5,3.5,right-hand,0.5841,0.4159
5,3.5,left-hand,0.5399,0.4601
5,3.5,right-hand,0.5527,0.4473
5,3.5,right-hand,0.4899,0.5101
5,3.5,left-hand,0.5307,0.4693
5,3.5,left-hand,0.4999,0.5001
5,3.5,left-hand,0.4944,0.5056
5,3.5,right-hand,0.556,0.444
5,3.5,right-hand,0.5065,0.4935
5,3.5,right-hand,0.5225,0.4775
5,3.5,left-hand,0.5184,0.4816
5,3.5,left-hand,0.5099,0.4901
5,3.5,right-hand,0.4172,0.5828
5,3.5,right-hand,0.4638,0.5362
5,3.5,left-hand,0.5283,0.4717
5,3.5,right-hand,0.5604,0.4396
5,3.5,left-hand,0.4655,0.5345
5,3.5,left-hand,0.526,0.474
5,3.5,left-hand,0.2908,0.7092
