fold,tmin,true_label,left-hand,right-hand
1,3.5,left-hand,0.6028,0.3972
1,3.5,right-hand,0.6084,0.3916
1,3.5,left-hand,0.5934,0.4066
1,3.5,left-hand,0.5862,0.4138
1,3.5,left-hand,0.4609,0.5391
1,3.5,right-hand,0.5072,0.4928
1,3.5,right-hand,0.5311,0.4689
1,3.5,right-hand,0.5283,0.4717
1,3.5,right-hand,0.5917,0.4083
1,3.5,left-hand,0.6095,0.3905
1,3.5,right-hand,0.4523,0.5477
1,3.5,left-hand,0.4641,0.5359
1,3.5,right-hand,0.5327,0.4673
1,3.5,left-hand,0.6207,0.3793
1,3.5,right-hand,0.5341,0.4659
1,3.5,left-hand,0.5261,0.4739
1,3.5,right-hand,0.5092,0.4908
1,3.5,left-hand,0.4142,0.5858
1,3.5,left-hand,0.5498,0.4502
1,3.5,right-hand,0.5566,0.4434
1,3.5,left-hand,0.5519,0.4481
1,3.5,left-hand,0.5441,0.4559
1,3.5,left-hand,0.5084,0.4916
1,3.5,right-hand,0.5101,0.4899
1,3.5,left-hand,0.6225,0.3775
1,3.5,right-hand,0.4686,0.5314
1,3.5,right-hand,0.4407,0.5593
1,3.5,left-hand,0.404,0.596
1,3.5,left-hand,0.4403,0.5597
1,3.5,right-hand,0.2893,0.7107
1,3.5,right-hand,0.4785,0.5215
1,3.5,right-hand,0.3908,0.6092
1,3.5,right-hand,0.4345,0.5655
1,3.5,left-hand,0.3552,0.6448
1,3.5,left-hand,0.4116,0.5884
1,3.5,right-hand,0.4735,0.5265
1,3.5,left-hand,0.4194,0.5806
1,3.5,right-hand,0.3998,0.6002
1,3.5,left-hand,0.4385,0.5615
1,3.5,right-hand,0.3373,0.6627
1,3.5,right-hand,0.5412,0.4588
1,3.5,left-hand,0.5169,0.4831
1,3.5,left-hand,0.465,0.535
1,3.5,right-hand,0.4428,0.5572
1,3.5,right-hand,0.451,0.549
1,3.5,right-hand,0.3312,0.6688
1,3.5,left-hand,0.3776,0.6224
1,3.5,left-hand,0.4065,0.5935
1,3.5,left-hand,0.5324,0.4676
1,3.5,left-hand,0.4646,0.5354
1,3.5,right-hand,0.4956,0.5044
1,3.5,left-hand,0.5269,0.4731
1,3.5,left-hand,0.4131,0.5869
1,3.5,right-hand,0.5032,0.4968
1,3.5,right-hand,0.37,0.63
1,3.5,right-hand,0.3854,0.6146
1,3.5,right-hand,0.4449,0.5551
1,3.5,left-hand,0.4499,0.5501
1,3.5,right-hand,0.4982,0.5018
1,3.5,left-hand,0.5691,0.4309
1,3.5,right-hand,0.3778,0.6222
1,3.5,right-hand,0.417,0.583
1,3.5,left-hand,0.4415,0.5585
1,3.5,left-hand,0.4434,0.5566
1,3.5,left-hand,0.5384,0.4616
1,3.5,right-hand,0.509,0.491
1,3.5,left-hand,0.4436,0.5564
1,3.5,right-hand,0.3541,0.6459
1,3.5,right-hand,0.4578,0.5422
1,3.5,right-hand,0.3987,0.6013
1,3.5,right-hand,0.286,0.714
1,3.5,left-hand,0.4947,0.5053
1,3.5,left-hand,0.529,0.471
1,3.5,right-hand,0.421,0.579
1,3.5,right-hand,0.512,0.488
1,3.5,right-hand,0.2643,0.7357
1,3.5,right-hand,0.5025,0.4975
1,3.5,left-hand,0.5198,0.4802
1,3.5,right-hand,0.4045,0.5955
1,3.5,right-hand,0.4873,0.5127
1,3.5,left-hand,0.5158,0.4842
1,3.5,right-hand,0.6203,0.3797
1,3.5,left-hand,0.6419,0.3581
1,3.5,left-hand,0.4814,0.5186
1,3.5,left-hand,0.5938,0.4062
1,3.5,right-hand,0.5976,0.4024
1,3.5,left-hand,0.5984,0.4016
1,3.5,left-hand,0.6023,0.3977
1,3.5,left-hand,0.5918,0.4082
1,3.5,right-hand,0.3943,0.6057
1,3.5,left-hand,0.613,0.387
1,3.5,right-hand,0.4293,0.5707
1,3.5,right-hand,0.5083,0.4917
1,3.5,right-hand,0.5004,0.4996
1,3.5,right-hand,0.5497,0.4503
1,3.5,right-hand,0.4696,0.5304
1,3.5,left-hand,0.6234,0.3766
1,3.5,right-hand,0.4375,0.5625
1,3.5,right-hand,0.5704,0.4296
1,3.5,left-hand,0.6002,0.3998
1,3.5,right-hand,0.4652,0.5348
1,3.5,left-hand,0.5434,0.4566
1,3.5,left-hand,0.5722,0.4278
1,3.5,right-hand,0.5069,0.4931
1,3.5,right-hand,0.5363,0.4637
1,3.5,left-hand,0.6008,0.3992
1,3.5,left-hand,0.6024,0.3976
1,3.5,left-hand,0.6322,0.3678
1,3.5,right-hand,0.4691,0.5309
1,3.5,right-hand,0.54,0.46
1,3.5,left-hand,0.6011,0.3989
1,3.5,right-hand,0.5055,0.4945
1,3.5,left-hand,0.6339,0.3661
1,3.5,left-hand,0.5359,0.4641
1,3.5,left-hand,0.6356,0.3644
1,3.5,left-hand,0.5575,0.4425
1,3.5,left-hand,0.6627,0.3373
1,3.5,right-hand,0.554,0.446
1,3.5,right-hand,0.4552,0.5448
1,3.5,left-hand,0.5506,0.4494
1,3.5,left-hand,0.6367,0.3633
1,3.5,left-hand,0.5384,0.4616
1,3.5,right-hand,0.5082,0.4918
1,3.5,left-hand,0.5935,0.4065
1,3.5,left-hand,0.6214,0.3786
1,3.5,left-hand,0.4677,0.5323
1,3.5,left-hand,0.449,0.551
1,3.5,left-hand,0.677,0.323
1,3.5,left-hand,0.581,0.419
1,3.5,right-hand,0.5905,0.4095
1,3.5,right-hand,0.4101,0.5899
1,3.5,right-hand,0.5336,0.4664
1,3.5,right-hand,0.4186,0.5814
1,3.5,left-hand,0.5625,0.4375
1,3.5,left-hand,0.6472,0.3528
1,3.5,right-hand,0.6182,0.3818
1,3.5,left-hand,0.6337,0.3663
1,3.5,right-hand,0.6645,0.3355
1,3.5,right-hand,0.238,0.762
1,3.5,right-hand,0.5569,0.4431
1,3.5,left-hand,0.687,0.313
1,3.5,left-hand,0.6404,0.3596
1,3.5,right-hand,0.6509,0.3491
1,3.5,right-hand,0.5169,0.4831
2,3.5,right-hand,0.5212,0.4788
2,3.5,right-hand,0.6057,0.3943
2,3.5,left-hand,0.3129,0.6871
2,3.5,left-hand,0.587,0.413
2,3.5,right-hand,0.5945,0.4055
2,3.5,left-hand,0.4785,0.5215
2,3.5,left-hand,0.3604,0.6396
2,3.5,left-hand,0.5927,0.4073
2,3.5,right-hand,0.4103,0.5897
2,3.5,left-hand,0.2596,0.7404
2,3.5,right-hand,0.1774,0.8226
2,3.5,right-hand,0.4854,0.5146
2,3.5,right-hand,0.6062,0.3938
2,3.5,left-hand,0.4752,0.5248
2,3.5,right-hand,0.4584,0.5416
2,3.5,left-hand,0.6435,0.3565
2,3.5,right-hand,0.5849,0.4151
2,3.5,left-hand,0.6002,0.3998
2,3.5,left-hand,0.6136,0.3864
2,3.5,right-hand,0.5592,0.4408
2,3.5,left-hand,0.5472,0.4528
2,3.5,right-hand,0.4459,0.5541
2,3.5,left-hand,0.5224,0.4776
2,3.5,right-hand,0.2706,0.7294
2,3.5,left-hand,0.5555,0.4445
2,3.5,left-hand,0.5559,0.4441
2,3.5,right-hand,0.386,0.614
2,3.5,left-hand,0.4625,0.5375
2,3.5,left-hand,0.328,0.672
2,3.5,left-hand,0.4627,0.5373
2,3.5,left-hand,0.3238,0.6762
2,3.5,right-hand,0.3079,0.6921
2,3.5,right-hand,0.302,0.698
2,3.5,left-hand,0.3402,0.6598
2,3.5,right-hand,0.3995,0.6005
2,3.5,left-hand,0.4411,0.5589
2,3.5,left-hand,0.6204,0.3796
2,3.5,right-hand,0.3622,0.6378
2,3.5,right-hand,0.4003,0.5997
2,3.5,right-hand,0.3901,0.6099
2,3.5,left-hand,0.3452,0.6548
2,3.5,left-hand,0.4511,0.5489
2,3.5,left-hand,0.4058,0.5942
2,3.5,left-hand,0.4025,0.5975
2,3.5,right-hand,0.3349,0.6651
2,3.5,right-hand,0.427,0.573
2,3.5,left-hand,0.5701,0.4299
2,3.5,right-hand,0.4403,0.5597
2,3.5,left-hand,0.3944,0.6056
2,3.5,right-hand,0.4816,0.5184
2,3.5,left-hand,0.5277,0.4723
2,3.5,left-hand,0.3594,0.6406
2,3.5,right-hand,0.327,0.673
2,3.5,left-hand,0.3823,0.6177
2,3.5,left-hand,0.6506,0.3494
2,3.5,right-hand,0.2282,0.7718
2,3.5,left-hand,0.3767,0.6233
2,3.5,left-hand,0.516,0.484
2,3.5,left-hand,0.5198,0.4802
2,3.5,right-hand,0.4192,0.5808
2,3.5,left-hand,0.6326,0.3674
2,3.5,right-hand,0.2596,0.7404
2,3.5,left-hand,0.5677,0.4323
2,3.5,right-hand,0.3321,0.6679
2,3.5,left-hand,0.5529,0.4471
2,3.5,left-hand,0.565,0.435
2,3.5,right-hand,0.2526,0.7474
2,3.5,right-hand,0.4183,0.5817
2,3.5,right-hand,0.3641,0.6359
2,3.5,left-hand,0.5196,0.4804
2,3.5,left-hand,0.4555,0.5445
2,3.5,left-hand,0.5252,0.4748
2,3.5,right-hand,0.1834,0.8166
2,3.5,left-hand,0.5383,0.4617
2,3.5,right-hand,0.4908,0.5092
2,3.5,right-hand,0.6241,0.3759
2,3.5,left-hand,0.4691,0.5309
2,3.5,left-hand,0.4346,0.5654
2,3.5,left-hand,0.5307,0.4693
2,3.5,left-hand,0.5824,0.4176
2,3.5,left-hand,0.5611,0.4389
2,3.5,left-hand,0.4536,0.5464
2,3.5,right-hand,0.5305,0.4695
2,3.5,right-hand,0.4291,0.5709
2,3.5,right-hand,0.5104,0.4896
2,3.5,right-hand,0.6528,0.3472
2,3.5,right-hand,0.7327,0.2673
2,3.5,right-hand,0.5734,0.4266
2,3.5,left-hand,0.3107,0.6893
2,3.5,right-hand,0.3425,0.6575
2,3.5,right-hand,0.4952,0.5048
2,3.5,right-hand,0.445,0.555
2,3.5,left-hand,0.4983,0.5017
2,3.5,right-hand,0.5369,0.4631
2,3.5,left-hand,0.5071,0.4929
2,3.5,right-hand,0.5399,0.4601
2,3.5,right-hand,0.5369,0.4631
2,3.5,left-hand,0.6052,0.3948
2,3.5,right-hand,0.4535,0.5465
2,3.5,left-hand,0.5219,0.4781
2,3.5,left-hand,0.5393,0.4607
2,3.5,left-hand,0.6162,0.3838
2,3.5,left-hand,0.5359,0.4641
2,3.5,right-hand,0.4323,0.5677
2,3.5,right-hand,0.6503,0.3497
2,3.5,left-hand,0.5254,0.4746
2,3.5,left-hand,0.508,0.492
2,3.5,right-hand,0.5015,0.4985
2,3.5,left-hand,0.6169,0.3831
2,3.5,left-hand,0.5623,0.4377
2,3.5,left-hand,0.5371,0.4629
2,3.5,right-hand,0.3726,0.6274
2,3.5,right-hand,0.4545,0.5455
2,3.5,right-hand,0.387,0.613
2,3.5,right-hand,0.5831,0.4169
2,3.5,right-hand,0.5572,0.4428
2,3.5,right-hand,0.6684,0.3316
2,3.5,right-hand,0.4763,0.5237
2,3.5,left-hand,0.5397,0.4603
2,3.5,right-hand,0.5574,0.4426
2,3.5,right-hand,0.6118,0.3882
2,3.5,right-hand,0.5807,0.4193
2,3.5,left-hand,0.5705,0.4295
2,3.5,left-hand,0.6318,0.3682
2,3.5,right-hand,0.5924,0.4076
2,3.5,left-hand,0.6083,0.3917
2,3.5,right-hand,0.5642,0.4358
2,3.5,right-hand,0.4729,0.5271
2,3.5,right-hand,0.5475,0.4525
2,3.5,left-hand,0.6277,0.3723
2,3.5,right-hand,0.5924,0.4076
2,3.5,right-hand,0.6293,0.3707
2,3.5,right-hand,0.3808,0.6192
2,3.5,right-hand,0.5251,0.4749
2,3.5,right-hand,0.5322,0.4678
2,3.5,left-hand,0.5633,0.4367
2,3.5,left-hand,0.734,0.266
2,3.5,left-hand,0.4937,0.5063
2,3.5,left-hand,0.4981,0.5019
2,3.5,right-hand,0.7834,0.2166
2,3.5,right-hand,0.611,0.389
2,3.5,left-hand,0.6668,0.3332
2,3.5,right-hand,0.4136,0.5864
2,3.5,left-hand,0.6584,0.3416
3,3.5,right-hand,0.3305,0.6695
3,3.5,right-hand,0.4809,0.5191
3,3.5,left-hand,0.5359,0.4641
3,3.5,right-hand,0.4457,0.5543
3,3.5,left-hand,0.5998,0.4002
3,3.5,right-hand,0.5938,0.4062
3,3.5,right-hand,0.4045,0.5955
3,3.5,left-hand,0.6504,0.3496
3,3.5,right-hand,0.5122,0.4878
3,3.5,right-hand,0.6144,0.3856
3,3.5,left-hand,0.5516,0.4484
3,3.5,right-hand,0.5595,0.4405
3,3.5,right-hand,0.4834,0.5166
3,3.5,left-hand,0.4226,0.5774
3,3.5,left-hand,0.6914,0.3086
3,3.5,right-hand,0.5452,0.4548
3,3.5,right-hand,0.5266,0.4734
3,3.5,right-hand,0.4537,0.5463
3,3.5,left-hand,0.4899,0.5101
3,3.5,right-hand,0.6819,0.3181
3,3.5,left-hand,0.4019,0.5981
3,3.5,right-hand,0.3313,0.6687
3,3.5,right-hand,0.3811,0.6189
3,3.5,left-hand,0.3781,0.6219
3,3.5,right-hand,0.3408,0.6592
3,3.5,left-hand,0.3206,0.6794
3,3.5,left-hand,0.5099,0.4901
3,3.5,left-hand,0.4953,0.5047
3,3.5,right-hand,0.4188,0.5812
3,3.5,left-hand,0.4924,0.5076
3,3.5,left-hand,0.3529,0.6471
3,3.5,left-hand,0.3636,0.6364
3,3.5,left-hand,0.5006,0.4994
3,3.5,right-hand,0.3493,0.6507
3,3.5,right-hand,0.4682,0.5318
3,3.5,left-hand,0.4092,0.5908
3,3.5,left-hand,0.3267,0.6733
3,3.5,left-hand,0.4864,0.5136
3,3.5,right-hand,0.4129,0.5871
3,3.5,left-hand,0.2413,0.7587
3,3.5,left-hand,0.3444,0.6556
3,3.5,right-hand,0.4053,0.5947
3,3.5,right-hand,0.2805,0.7195
3,3.5,left-hand,0.3597,0.6403
3,3.5,left-hand,0.5025,0.4975
3,3.5,right-hand,0.3625,0.6375
3,3.5,left-hand,0.2539,0.7461
3,3.5,right-hand,0.3507,0.6493
3,3.5,right-hand,0.4896,0.5104
3,3.5,left-hand,0.4999,0.5001
3,3.5,right-hand,0.698,0.302
3,3.5,right-hand,0.2495,0.7505
3,3.5,right-hand,0.4723,0.5277
3,3.5,left-hand,0.4332,0.5668
3,3.5,right-hand,0.4528,0.5472
3,3.5,left-hand,0.2695,0.7305
3,3.5,right-hand,0.2365,0.7635
3,3.5,left-hand,0.3509,0.6491
3,3.5,left-hand,0.4793,0.5207
3,3.5,left-hand,0.4877,0.5123
3,3.5,right-hand,0.3476,0.6524
3,3.5,right-hand,0.246,0.754
3,3.5,right-hand,0.4036,0.5964
3,3.5,left-hand,0.4624,0.5376
3,3.5,left-hand,0.6218,0.3782
3,3.5,right-hand,0.2841,0.7159
3,3.5,right-hand,0.3402,0.6598
3,3.5,right-hand,0.5135,0.4865
3,3.5,left-hand,0.5584,0.4416
3,3.5,left-hand,0.3789,0.6211
3,3.5,left-hand,0.5586,0.4414
3,3.5,left-hand,0.4166,0.5834
3,3.5,left-hand,0.5672,0.4328
3,3.5,left-hand,0.4731,0.5269
3,3.5,right-hand,0.2249,0.7751
3,3.5,left-hand,0.2793,0.7207
3,3.5,left-hand,0.414,0.586
3,3.5,right-hand,0.2893,0.7107
3,3.5,right-hand,0.4073,0.5927
3,3.5,right-hand,0.2094,0.7906
3,3.5,left-hand,0.6006,0.3994
3,3.5,right-hand,0.5868,0.4132
3,3.5,right-hand,0.4917,0.5083
3,3.5,right-hand,0.5439,0.4561
3,3.5,left-hand,0.8225,0.1775
3,3.5,right-hand,0.6717,0.3283
3,3.5,right-hand,0.6236,0.3764
3,3.5,right-hand,0.5839,0.4161
3,3.5,right-hand,0.5891,0.4109
3,3.5,left-hand,0.6033,0.3967
3,3.5,left-hand,0.2449,0.7551
3,3.5,left-hand,0.5716,0.4284
3,3.5,left-hand,0.5748,0.4252
3,3.5,left-hand,0.667,0.333
3,3.5,right-hand,0.4897,0.5103
3,3.5,left-hand,0.5606,0.4394
3,3.5,left-hand,0.5924,0.4076
3,3.5,right-hand,0.4527,0.5473
3,3.5,right-hand,0.529,0.471
3,3.5,right-hand,0.4927,0.5073
3,3.5,right-hand,0.4163,0.5837
3,3.5,right-hand,0.3998,0.6002
3,3.5,right-hand,0.532,0.468
3,3.5,right-hand,0.529,0.471
3,3.5,left-hand,0.5921,0.4079
3,3.5,left-hand,0.6487,0.3513
3,3.5,left-hand,0.5851,0.4149
3,3.5,left-hand,0.4927,0.5073
3,3.5,left-hand,0.584,0.416
3,3.5,right-hand,0.539,0.461
3,3.5,right-hand,0.7065,0.2935
3,3.5,left-hand,0.7133,0.2867
3,3.5,right-hand,0.4712,0.5288
3,3.5,right-hand,0.3256,0.6744
3,3.5,left-hand,0.5584,0.4416
3,3.5,left-hand,0.4973,0.5027
3,3.5,right-hand,0.5033,0.4967
3,3.5,left-hand,0.6031,0.3969
3,3.5,left-hand,0.6136,0.3864
3,3.5,left-hand,0.5404,0.4596
3,3.5,left-hand,0.6761,0.3239
3,3.5,right-hand,0.4784,0.5216
3,3.5,left-hand,0.6346,0.3654
3,3.5,right-hand,0.5124,0.4876
3,3.5,right-hand,0.4825,0.5175
3,3.5,left-hand,0.7017,0.2983
3,3.5,right-hand,0.5269,0.4731
3,3.5,left-hand,0.6488,0.3512
3,3.5,left-hand,0.6216,0.3784
3,3.5,left-hand,0.5016,0.4984
3,3.5,right-hand,0.4384,0.5616
3,3.5,left-hand,0.5526,0.4474
3,3.5,right-hand,0.5247,0.4753
3,3.5,left-hand,0.4465,0.5535
3,3.5,right-hand,0.4632,0.5368
3,3.5,left-hand,0.5056,0.4944
3,3.5,right-hand,0.7247,0.2753
3,3.5,right-hand,0.5084,0.4916
3,3.5,left-hand,0.5129,0.4871
3,3.5,right-hand,0.5271,0.4729
3,3.5,left-hand,0.3755,0.6245
3,3.5,right-hand,0.5713,0.4287
3,3.5,left-hand,0.5124,0.4876
3,3.5,right-hand,0.5607,0.4393
4,3.5,left-hand,0.4011,0.5989
4,3.5,right-hand,0.5594,0.4406
4,3.5,right-hand,0.4121,0.5879
4,3.5,left-hand,0.4945,0.5055
4,3.5,right-hand,0.5912,0.4088
4,3.5,left-hand,0.5219,0.4781
4,3.5,left-hand,0.489,0.511
4,3.5,right-hand,0.5173,0.4827
4,3.5,left-hand,0.5579,0.4421
4,3.5,left-hand,0.5814,0.4186
4,3.5,left-hand,0.7068,0.2932
4,3.5,right-hand,0.559,0.441
4,3.5,right-hand,0.5067,0.4933
4,3.5,right-hand,0.5533,0.4467
4,3.5,right-hand,0.5408,0.4592
4,3.5,left-hand,0.5677,0.4323
4,3.5,left-hand,0.4944,0.5056
4,3.5,left-hand,0.4862,0.5138
4,3.5,left-hand,0.6437,0.3563
4,3.5,right-hand,0.5093,0.4907
4,3.5,left-hand,0.6511,0.3489
4,3.5,right-hand,0.4348,0.5652
4,3.5,right-hand,0.4126,0.5874
4,3.5,right-hand,0.3533,0.6467
4,3.5,right-hand,0.4744,0.5256
4,3.5,left-hand,0.5137,0.4863
4,3.5,right-hand,0.5182,0.4818
4,3.5,right-hand,0.3247,0.6753
4,3.5,right-hand,0.3328,0.6672
4,3.5,left-hand,0.6439,0.3561
4,3.5,right-hand,0.4206,0.5794
4,3.5,left-hand,0.3692,0.6308
4,3.5,left-hand,0.3567,0.6433
4,3.5,right-hand,0.3939,0.6061
4,3.5,right-hand,0.4359,0.5641
4,3.5,right-hand,0.4489,0.5511
4,3.5,left-hand,0.5384,0.4616
4,3.5,left-hand,0.4115,0.5885
4,3.5,left-hand,0.374,0.626
4,3.5,right-hand,0.4585,0.5415
4,3.5,right-hand,0.3922,0.6078
4,3.5,left-hand,0.3807,0.6193
4,3.5,right-hand,0.5266,0.4734
4,3.5,right-hand,0.4891,0.5109
4,3.5,right-hand,0.3567,0.6433
4,3.5,left-hand,0.5164,0.4836
4,3.5,left-hand,0.5789,0.4211
4,3.5,left-hand,0.41,0.59
4,3.5,left-hand,0.4726,0.5274
4,3.5,left-hand,0.4792,0.5208
4,3.5,right-hand,0.2454,0.7546
4,3.5,right-hand,0.5623,0.4377
4,3.5,right-hand,0.4047,0.5953
4,3.5,left-hand,0.4818,0.5182
4,3.5,left-hand,0.4718,0.5282
4,3.5,right-hand,0.26,0.74
4,3.5,left-hand,0.4603,0.5397
4,3.5,left-hand,0.4943,0.5057
4,3.5,right-hand,0.4608,0.5392
4,3.5,right-hand,0.6313,0.3687
4,3.5,left-hand,0.5731,0.4269
4,3.5,right-hand,0.3627,0.6373
4,3.5,right-hand,0.2636,0.7364
4,3.5,left-hand,0.531,0.469
4,3.5,left-hand,0.4109,0.5891
4,3.5,left-hand,0.4901,0.5099
4,3.5,right-hand,0.4074,0.5926
4,3.5,right-hand,0.3967,0.6033
4,3.5,right-hand,0.5189,0.4811
4,3.5,right-hand,0.5144,0.4856
4,3.5,left-hand,0.4872,0.5128
4,3.5,left-hand,0.5607,0.4393
4,3.5,left-hand,0.3109,0.6891
4,3.5,right-hand,0.3284,0.6716
4,3.5,right-hand,0.4275,0.5725
4,3.5,left-hand,0.4546,0.5454
4,3.5,right-hand,0.5475,0.4525
4,3.5,left-hand,0.5082,0.4918
4,3.5,left-hand,0.6349,0.3651
4,3.5,left-hand,0.5643,0.4357
4,3.5,left-hand,0.4898,0.5102
4,3.5,right-hand,0.4491,0.5509
4,3.5,right-hand,0.3437,0.6563
4,3.5,left-hand,0.5494,0.4506
4,3.5,left-hand,0.5692,0.4308
4,3.5,left-hand,0.4428,0.5572
4,3.5,right-hand,0.6071,0.3929
4,3.5,right-hand,0.5392,0.4608
4,3.5,left-hand,0.5552,0.4448
4,3.5,left-hand,0.5582,0.4418
4,3.5,right-hand,0.6361,0.3639
4,3.5,right-hand,0.3951,0.6049
4,3.5,left-hand,0.5656,0.4344
4,3.5,left-hand,0.5084,0.4916
4,3.5,right-hand,0.5278,0.4722
4,3.5,left-hand,0.6735,0.3265
4,3.5,right-hand,0.5617,0.4383
4,3.5,left-hand,0.5503,0.4497
4,3.5,left-hand,0.6112,0.3888
4,3.5,right-hand,0.3716,0.6284
4,3.5,left-hand,0.608,0.392
4,3.5,right-hand,0.5935,0.4065
4,3.5,right-hand,0.5146,0.4854
4,3.5,right-hand,0.5683,0.4317
4,3.5,right-hand,0.4087,0.5913
4,3.5,right-hand,0.7014,0.2986
4,3.5,right-hand,0.5095,0.4905
4,3.5,left-hand,0.6047,0.3953
4,3.5,right-hand,0.5113,0.4887
4,3.5,left-hand,0.478,0.522
4,3.5,left-hand,0.4873,0.5127
4,3.5,right-hand,0.5162,0.4838
4,3.5,right-hand,0.4435,0.5565
4,3.5,right-hand,0.4817,0.5183
4,3.5,left-hand,0.5055,0.4945
4,3.5,left-hand,0.659,0.341
4,3.5,left-hand,0.588,0.412
4,3.5,right-hand,0.3687,0.6313
4,3.5,right-hand,0.3894,0.6106
4,3.5,left-hand,0.5883,0.4117
4,3.5,right-hand,0.6087,0.3913
4,3.5,right-hand,0.6167,0.3833
4,3.5,left-hand,0.587,0.413
4,3.5,left-hand,0.6784,0.3216
4,3.5,left-hand,0.667,0.333
4,3.5,right-hand,0.6675,0.3325
4,3.5,left-hand,0.5292,0.4708
4,3.5,right-hand,0.5445,0.4555
4,3.5,left-hand,0.5983,0.4017
4,3.5,left-hand,0.5929,0.4071
4,3.5,right-hand,0.4441,0.5559
4,3.5,left-hand,0.6456,0.3544
4,3.5,right-hand,0.6516,0.3484
4,3.5,right-hand,0.567,0.433
4,3.5,left-hand,0.68,0.32
4,3.5,right-hand,0.6112,0.3888
4,3.5,left-hand,0.5506,0.4494
4,3.5,left-hand,0.6863,0.3137
4,3.5,right-hand,0.4995,0.5005
4,3.5,left-hand,0.5938,0.4062
4,3.5,left-hand,0.5658,0.4342
4,3.5,right-hand,0.5648,0.4352
4,3.5,right-hand,0.5032,0.4968
4,3.5,left-hand,0.7764,0.2236
5,3.5,right-hand,0.5941,0.4059
5,3.5,left-hand,0.0312,0.9688
5,3.5,right-hand,0.4437,0.5563
5,3.5,left-hand,0.6193,0.3807
5,3.5,left-hand,0.6094,0.3906
5,3.5,left-hand,0.5181,0.4819
5,3.5,right-hand,0.4457,0.5543
5,3.5,right-hand,0.3448,0.6552
5,3.5,left-hand,0.5745,0.4255
5,3.5,left-hand,0.3743,0.6257
5,3.5,right-hand,0.6792,0.3208
5,3.5,left-hand,0.7177,0.2823
5,3.5,left-hand,0.6432,0.3568
5,3.5,left-hand,0.531,0.469
5,3.5,right-hand,0.4717,0.5283
5,3.5,right-hand,0.3286,0.6714
5,3.5,left-hand,0.6125,0.3875
5,3.5,left-hand,0.433,0.567
5,3.5,right-hand,0.3604,0.6396
5,3.5,right-hand,0.3629,0.6371
5,3.5,left-hand,0.5357,0.4643
5,3.5,right-hand,0.3817,0.6183
5,3.5,right-hand,0.2722,0.7278
5,3.5,left-hand,0.6005,0.3995
5,3.5,right-hand,0.4929,0.5071
5,3.5,right-hand,0.6714,0.3286
5,3.5,right-hand,0.4376,0.5624
5,3.5,right-hand,0.4164,0.5836
5,3.5,left-hand,0.4103,0.5897
5,3.5,left-hand,0.4566,0.5434
5,3.5,left-hand,0.4185,0.5815
5,3.5,left-hand,0.4675,0.5325
5,3.5,right-hand,0.4997,0.5003
5,3.5,left-hand,0.4623,0.5377
5,3.5,right-hand,0.3528,0.6472
5,3.5,right-hand,0.3816,0.6184
5,3.5,left-hand,0.3914,0.6086
5,3.5,left-hand,0.4165,0.5835
5,3.5,right-hand,0.4446,0.5554
5,3.5,left-hand,0.2755,0.7245
5,3.5,right-hand,0.4692,0.5308
5,3.5,left-hand,0.4862,0.5138
5,3.5,left-hand,0.3887,0.6113
5,3.5,right-hand,0.4201,0.5799
5,3.5,right-hand,0.5126,0.4874
5,3.5,right-hand,0.4289,0.5711
5,3.5,right-hand,0.598,0.402
5,3.5,left-hand,0.3901,0.6099
5,3.5,right-hand,0.3039,0.6961
5,3.5,right-hand,0.4826,0.5174
5,3.5,left-hand,0.4132,0.5868
5,3.5,left-hand,0.4677,0.5323
5,3.5,right-hand,0.2751,0.7249
5,3.5,right-hand,0.5793,0.4207
5,3.5,left-hand,0.312,0.688
5,3.5,left-hand,0.4766,0.5234
5,3.5,right-hand,0.5752,0.4248
5,3.5,right-hand,0.4018,0.5982
5,3.5,right-hand,0.4129,0.5871
5,3.5,right-hand,0.2863,0.7137
5,3.5,right-hand,0.4025,0.5975
5,3.5,right-hand,0.5189,0.4811
5,3.5,left-hand,0.4045,0.5955
5,3.5,right-hand,0.3876,0.6124
5,3.5,left-hand,0.5216,0.4784
5,3.5,right-hand,0.3559,0.6441
5,3.5,left-hand,0.5643,0.4357
5,3.5,left-hand,0.5429,0.4571
5,3.5,left-hand,0.4052,0.5948
5,3.5,left-hand,0.5943,0.4057
5,3.5,right-hand,0.5789,0.4211
5,3.5,right-hand,0.3272,0.6728
5,3.5,left-hand,0.6069,0.3931
5,3.5,left-hand,0.3547,0.6453
5,3.5,left-hand,0.3743,0.6257
5,3.5,left-hand,0.6092,0.3908
5,3.5,right-hand,0.3349,0.6651
5,3.5,right-hand,0.4544,0.5456
5,3.5,right-hand,0.44,0.56
5,3.5,right-hand,0.4504,0.5496
5,3.5,left-hand,0.7006,0.2994
5,3.5,right-hand,0.5308,0.4692
5,3.5,left-hand,0.362,0.638
5,3.5,left-hand,0.5699,0.4301
5,3.5,left-hand,0.6303,0.3697
5,3.5,right-hand,0.5952,0.4048
5,3.5,left-hand,0.7066,0.2934
5,3.5,right-hand,0.6342,0.3658
5,3.5,right-hand,0.3299,0.6701
5,3.5,left-hand,0.5921,0.4079
5,3.5,right-hand,0.57,0.43
5,3.5,left-hand,0.6465,0.3535
5,3.5,left-hand,0.4937,0.5063
5,3.5,left-hand,0.6406,0.3594
5,3.5,right-hand,0.4675,0.5325
5,3.5,left-hand,0.5609,0.4391
5,3.5,right-hand,0.603,0.397
5,3.5,right-hand,0.571,0.429
5,3.5,left-hand,0.6286,0.3714
5,3.5,left-hand,0.6531,0.3469
5,3.5,left-hand,0.5926,0.4074
5,3.5,left-hand,0.7075,0.2925
5,3.5,right-hand,0.5661,0.4339
5,3.5,right-hand,0.5411,0.4589
5,3.5,right-hand,0.6293,0.3707
5,3.5,right-hand,0.5634,0.4366
5,3.5,right-hand,0.5971,0.4029
5,3.5,right-hand,0.5142,0.4858
5,3.5,left-hand,0.6055,0.3945
5,3.5,left-hand,0.6137,0.3863
5,3.5,right-hand,0.7381,0.2619
5,3.5,right-hand,0.5075,0.4925
5,3.5,left-hand,0.709,0.291
5,3.5,left-hand,0.4849,0.5151
5,3.5,right-hand,0.3029,0.6971
5,3.5,left-hand,0.6204,0.3796
5,3.5,left-hand,0.4679,0.5321
5,3.5,left-hand,0.4112,0.5888
5,3.5,left-hand,0.5676,0.4324
5,3.5,right-hand,0.6349,0.3651
5,3.5,right-hand,0.3345,0.6655
5,3.5,right-hand,0.665,0.335
5,3.5,right-hand,0.7576,0.2424
5,3.5,left-hand,0.6897,0.3103
5,3.5,left-hand,0.3049,0.6951
5,3.5,left-hand,0.5791,0.4209
5,3.5,left-hand,0.6691,0.3309
5,3.5,left-hand,0.5458,0.4542
5,3.5,right-hand,0.6374,0.3626
5,3.5,right-hand,0.6139,0.3861
5,3.5,left-hand,0.7138,0.2862
5,3.5,right-hand,0.5932,0.4068
5,3.5,right-hand,0.5217,0.4783
5,3.5,left-hand,0.444,0.556
5,3.5,right-hand,0.584,0.416
5,3.5,right-hand,0.5928,0.4072
5,3.5,left-hand,0.5695,0.4305
5,3.5,left-hand,0.3543,0.6457
5,3.5,right-hand,0.7311,0.2689
5,3.5,left-hand,0.4782,0.5218
5,3.5,left-hand,0.6539,0.3461
5,3.5,right-hand,0.5459,0.4541
5,3.5,left-hand,0.6081,0.3919
5,3.5,right-hand,0.5869,0.4131
