fold,tmin,true_label,left-hand,right-hand
1,3.5,left-hand,0.3694,0.6306
1,3.5,right-hand,0.2674,0.7326
1,3.5,left-hand,0.4843,0.5157
1,3.5,left-hand,0.4836,0.5164
1,3.5,left-hand,0.29,0.71
1,3.5,right-hand,0.5613,0.4387
1,3.5,right-hand,0.6101,0.3899
1,3.5,right-hand,0.4583,0.5417
1,3.5,right-hand,0.7799,0.2201
1,3.5,left-hand,0.5071,0.4929
1,3.5,left-hand,0.4484,0.5516
1,3.5,right-hand,0.3836,0.6164
1,3.5,right-hand,0.5479,0.4521
1,3.5,right-hand,0.2618,0.7382
1,3.5,left-hand,0.2677,0.7323
1,3.5,left-hand,0.2308,0.7692
1,3.5,right-hand,0.3945,0.6055
1,3.5,left-hand,0.453,0.547
1,3.5,left-hand,0.1521,0.8479
1,3.5,right-hand,0.2822,0.7178
1,3.5,left-hand,0.5105,0.4895
1,3.5,left-hand,0.7144,0.2856
1,3.5,left-hand,0.5425,0.4575
1,3.5,right-hand,0.5588,0.4412
1,3.5,right-hand,0.2806,0.7194
1,3.5,left-hand,0.3861,0.6139
1,3.5,right-hand,0.9036,0.0964
1,3.5,left-hand,0.4987,0.5013
1,3.5,left-hand,0.3401,0.6599
1,3.5,right-hand,0.2571,0.7429
1,3.5,right-hand,0.2415,0.7585
1,3.5,right-hand,0.5986,0.4014
1,3.5,right-hand,0.3328,0.6672
1,3.5,right-hand,0.4615,0.5385
1,3.5,left-hand,0.6996,0.3004
1,3.5,left-hand,0.2202,0.7798
1,3.5,left-hand,0.4742,0.5258
1,3.5,left-hand,0.7108,0.2892
1,3.5,right-hand,0.6585,0.3415
1,3.5,right-hand,0.7515,0.2485
1,3.5,right-hand,0.5621,0.4379
1,3.5,right-hand,0.3031,0.6969
1,3.5,left-hand,0.2451,0.7549
1,3.5,left-hand,0.2091,0.7909
1,3.5,right-hand,0.2462,0.7538
1,3.5,right-hand,0.1961,0.8039
1,3.5,left-hand,0.363,0.637
1,3.5,left-hand,0.2934,0.7066
1,3.5,left-hand,0.3614,0.6386
1,3.5,left-hand,0.2196,0.7804
1,3.5,right-hand,0.4298,0.5702
1,3.5,left-hand,0.5064,0.4936
1,3.5,left-hand,0.2224,0.7776
1,3.5,right-hand,0.3399,0.6601
1,3.5,right-hand,0.209,0.791
1,3.5,right-hand,0.2603,0.7397
1,3.5,right-hand,0.5077,0.4923
1,3.5,left-hand,0.3812,0.6188
1,3.5,right-hand,0.5957,0.4043
1,3.5,left-hand,0.4652,0.5348
1,3.5,right-hand,0.4034,0.5966
1,3.5,right-hand,0.2425,0.7575
1,3.5,left-hand,0.2269,0.7731
1,3.5,left-hand,0.4483,0.5517
1,3.5,left-hand,0.6322,0.3678
1,3.5,right-hand,0.4358,0.5642
1,3.5,left-hand,0.4963,0.5037
1,3.5,right-hand,0.6793,0.3207
1,3.5,right-hand,0.3622,0.6378
1,3.5,right-hand,0.2058,0.7942
1,3.5,right-hand,0.6987,0.3013
1,3.5,left-hand,0.2046,0.7954
1,3.5,left-hand,0.5748,0.4252
1,3.5,right-hand,0.3151,0.6849
1,3.5,right-hand,0.3767,0.6233
1,3.5,right-hand,0.43,0.57
1,3.5,right-hand,0.6229,0.3771
1,3.5,left-hand,0.4662,0.5338
1,3.5,right-hand,0.3668,0.6332
1,3.5,right-hand,0.6605,0.3395
1,3.5,right-hand,0.2885,0.7115
1,3.5,left-hand,0.5369,0.4631
1,3.5,left-hand,0.6634,0.3366
1,3.5,left-hand,0.7169,0.2831
1,3.5,left-hand,0.4182,0.5818
1,3.5,left-hand,0.4698,0.5302
1,3.5,left-hand,0.7322,0.2678
1,3.5,right-hand,0.3093,0.6907
1,3.5,left-hand,0.7474,0.2526
1,3.5,right-hand,0.716,0.284
1,3.5,right-hand,0.5385,0.4615
1,3.5,left-hand,0.6101,0.3899
1,3.5,right-hand,0.4969,0.5031
1,3.5,right-hand,0.4255,0.5745
1,3.5,right-hand,0.1097,0.8903
1,3.5,left-hand,0.4977,0.5023
1,3.5,right-hand,0.1881,0.8119
1,3.5,right-hand,0.0915,0.9085
1,3.5,right-hand,0.2491,0.7509
1,3.5,left-hand,0.5287,0.4713
1,3.5,right-hand,0.7943,0.2057
1,3.5,left-hand,0.578,0.422
1,3.5,left-hand,0.4972,0.5028
1,3.5,right-hand,0.6381,0.3619
1,3.5,right-hand,0.3975,0.6025
1,3.5,left-hand,0.1374,0.8626
1,3.5,right-hand,0.3263,0.6737
1,3.5,left-hand,0.4668,0.5332
1,3.5,left-hand,0.5853,0.4147
1,3.5,right-hand,0.175,0.825
1,3.5,left-hand,0.3069,0.6931
1,3.5,left-hand,0.7196,0.2804
1,3.5,right-hand,0.1608,0.8392
1,3.5,left-hand,0.2567,0.7433
1,3.5,left-hand,0.6108,0.3892
1,3.5,left-hand,0.5609,0.4391
1,3.5,left-hand,0.2665,0.7335
1,3.5,right-hand,0.5228,0.4772
1,3.5,left-hand,0.2218,0.7782
1,3.5,right-hand,0.2433,0.7567
1,3.5,right-hand,0.4825,0.5175
1,3.5,left-hand,0.7651,0.2349
1,3.5,left-hand,0.3977,0.6023
1,3.5,left-hand,0.0903,0.9097
1,3.5,left-hand,0.6584,0.3416
1,3.5,left-hand,0.8543,0.1457
1,3.5,left-hand,0.8903,0.1097
1,3.5,right-hand,0.2344,0.7656
1,3.5,right-hand,0.4945,0.5055
1,3.5,left-hand,0.6327,0.3673
1,3.5,right-hand,0.3687,0.6313
1,3.5,right-hand,0.8054,0.1946
1,3.5,left-hand,0.5921,0.4079
1,3.5,right-hand,0.5257,0.4743
1,3.5,left-hand,0.337,0.663
1,3.5,left-hand,0.2799,0.7201
1,3.5,left-hand,0.3612,0.6388
1,3.5,right-hand,0.38,0.62
1,3.5,right-hand,0.5295,0.4705
1,3.5,right-hand,0.7067,0.2933
1,3.5,left-hand,0.7145,0.2855
1,3.5,right-hand,0.6388,0.3612
1,3.5,right-hand,0.2022,0.7978
1,3.5,left-hand,0.5387,0.4613
2,3.5,right-hand,0.1129,0.8871
2,3.5,right-hand,0.7259,0.2741
2,3.5,left-hand,0.1277,0.8723
2,3.5,right-hand,0.5645,0.4355
2,3.5,left-hand,0.1984,0.8016
2,3.5,right-hand,0.124,0.876
2,3.5,left-hand,0.5861,0.4139
2,3.5,left-hand,0.5623,0.4377
2,3.5,left-hand,0.5655,0.4345
2,3.5,left-hand,0.4193,0.5807
2,3.5,right-hand,0.6524,0.3476
2,3.5,right-hand,0.3532,0.6468
2,3.5,right-hand,0.4903,0.5097
2,3.5,left-hand,0.3704,0.6296
2,3.5,right-hand,0.7917,0.2083
2,3.5,left-hand,0.7251,0.2749
2,3.5,right-hand,0.426,0.574
2,3.5,left-hand,0.345,0.655
2,3.5,left-hand,0.4104,0.5896
2,3.5,right-hand,0.3202,0.6798
2,3.5,left-hand,0.7966,0.2034
2,3.5,right-hand,0.3379,0.6621
2,3.5,right-hand,0.8249,0.1751
2,3.5,left-hand,0.4441,0.5559
2,3.5,left-hand,0.3723,0.6277
2,3.5,left-hand,0.7256,0.2744
2,3.5,right-hand,0.258,0.742
2,3.5,left-hand,0.9249,0.0751
2,3.5,left-hand,0.4112,0.5888
2,3.5,left-hand,0.8614,0.1386
2,3.5,left-hand,0.4075,0.5925
2,3.5,right-hand,0.6759,0.3241
2,3.5,right-hand,0.541,0.459
2,3.5,right-hand,0.8192,0.1808
2,3.5,left-hand,0.2971,0.7029
2,3.5,left-hand,0.5707,0.4293
2,3.5,right-hand,0.8664,0.1336
2,3.5,right-hand,0.5941,0.4059
2,3.5,left-hand,0.3034,0.6966
2,3.5,right-hand,0.2867,0.7133
2,3.5,left-hand,0.7832,0.2168
2,3.5,left-hand,0.3847,0.6153
2,3.5,left-hand,0.4052,0.5948
2,3.5,right-hand,0.9112,0.0888
2,3.5,right-hand,0.5386,0.4614
2,3.5,left-hand,0.4531,0.5469
2,3.5,left-hand,0.5449,0.4551
2,3.5,right-hand,0.2798,0.7202
2,3.5,left-hand,0.9427,0.0573
2,3.5,right-hand,0.6141,0.3859
2,3.5,left-hand,0.2469,0.7531
2,3.5,left-hand,0.6637,0.3363
2,3.5,right-hand,0.2077,0.7923
2,3.5,left-hand,0.5158,0.4842
2,3.5,left-hand,0.2473,0.7527
2,3.5,right-hand,0.5035,0.4965
2,3.5,left-hand,0.394,0.606
2,3.5,left-hand,0.4508,0.5492
2,3.5,left-hand,0.7239,0.2761
2,3.5,right-hand,0.3497,0.6503
2,3.5,left-hand,0.5815,0.4185
2,3.5,right-hand,0.0874,0.9126
2,3.5,left-hand,0.7213,0.2787
2,3.5,right-hand,0.5283,0.4717
2,3.5,left-hand,0.3367,0.6633
2,3.5,left-hand,0.5411,0.4589
2,3.5,right-hand,0.417,0.583
2,3.5,right-hand,0.3956,0.6044
2,3.5,right-hand,0.4986,0.5014
2,3.5,left-hand,0.4343,0.5657
2,3.5,left-hand,0.875,0.125
2,3.5,left-hand,0.6067,0.3933
2,3.5,right-hand,0.5118,0.4882
2,3.5,left-hand,0.5438,0.4562
2,3.5,right-hand,0.243,0.757
2,3.5,right-hand,0.7612,0.2388
2,3.5,left-hand,0.7139,0.2861
2,3.5,right-hand,0.297,0.703
2,3.5,left-hand,0.5887,0.4113
2,3.5,left-hand,0.5124,0.4876
2,3.5,left-hand,0.5367,0.4633
2,3.5,left-hand,0.75,0.25
2,3.5,right-hand,0.7688,0.2312
2,3.5,left-hand,0.9264,0.0736
2,3.5,right-hand,0.5155,0.4845
2,3.5,right-hand,0.6603,0.3397
2,3.5,right-hand,0.5691,0.4309
2,3.5,right-hand,0.6889,0.3111
2,3.5,left-hand,0.2736,0.7264
2,3.5,right-hand,0.6843,0.3157
2,3.5,right-hand,0.3973,0.6027
2,3.5,right-hand,0.6856,0.3144
2,3.5,left-hand,0.5708,0.4292
2,3.5,right-hand,0.2932,0.7068
2,3.5,left-hand,0.5603,0.4397
2,3.5,right-hand,0.7903,0.2097
2,3.5,right-hand,0.8147,0.1853
2,3.5,left-hand,0.8587,0.1413
2,3.5,right-hand,0.5831,0.4169
2,3.5,left-hand,0.2972,0.7028
2,3.5,left-hand,0.4536,0.5464
2,3.5,left-hand,0.6007,0.3993
2,3.5,left-hand,0.4791,0.5209
2,3.5,right-hand,0.5258,0.4742
2,3.5,right-hand,0.6117,0.3883
2,3.5,left-hand,0.5604,0.4396
2,3.5,left-hand,0.1949,0.8051
2,3.5,right-hand,0.2572,0.7428
2,3.5,left-hand,0.2563,0.7437
2,3.5,left-hand,0.6489,0.3511
2,3.5,left-hand,0.5279,0.4721
2,3.5,right-hand,0.5932,0.4068
2,3.5,right-hand,0.8804,0.1196
2,3.5,right-hand,0.5831,0.4169
2,3.5,right-hand,0.2067,0.7933
2,3.5,right-hand,0.6392,0.3608
2,3.5,right-hand,0.6528,0.3472
2,3.5,right-hand,0.8466,0.1534
2,3.5,right-hand,0.8777,0.1223
2,3.5,left-hand,0.5223,0.4777
2,3.5,right-hand,0.1978,0.8022
2,3.5,right-hand,0.4362,0.5638
2,3.5,left-hand,0.6017,0.3983
2,3.5,right-hand,0.5727,0.4273
2,3.5,left-hand,0.4554,0.5446
2,3.5,right-hand,0.5662,0.4338
2,3.5,right-hand,0.3708,0.6292
2,3.5,left-hand,0.8777,0.1223
2,3.5,right-hand,0.7524,0.2476
2,3.5,right-hand,0.8019,0.1981
2,3.5,left-hand,0.9219,0.0781
2,3.5,right-hand,0.4029,0.5971
2,3.5,right-hand,0.6985,0.3015
2,3.5,right-hand,0.7192,0.2808
2,3.5,right-hand,0.2509,0.7491
2,3.5,left-hand,0.4434,0.5566
2,3.5,right-hand,0.473,0.527
2,3.5,right-hand,0.7678,0.2322
2,3.5,right-hand,0.9136,0.0864
2,3.5,left-hand,0.4761,0.5239
2,3.5,left-hand,0.5483,0.4517
2,3.5,left-hand,0.279,0.721
2,3.5,left-hand,0.8121,0.1879
2,3.5,left-hand,0.8372,0.1628
3,3.5,right-hand,0.553,0.447
3,3.5,right-hand,0.3834,0.6166
3,3.5,right-hand,0.538,0.462
3,3.5,left-hand,0.2164,0.7836
3,3.5,left-hand,0.6902,0.3098
3,3.5,right-hand,0.5674,0.4326
3,3.5,left-hand,0.8646,0.1354
3,3.5,right-hand,0.6908,0.3092
3,3.5,right-hand,0.6304,0.3696
3,3.5,right-hand,0.5291,0.4709
3,3.5,right-hand,0.0935,0.9065
3,3.5,left-hand,0.4343,0.5657
3,3.5,right-hand,0.5217,0.4783
3,3.5,left-hand,0.201,0.799
3,3.5,right-hand,0.4547,0.5453
3,3.5,left-hand,0.5278,0.4722
3,3.5,right-hand,0.2689,0.7311
3,3.5,right-hand,0.1701,0.8299
3,3.5,left-hand,0.4035,0.5965
3,3.5,right-hand,0.4695,0.5305
3,3.5,left-hand,0.1897,0.8103
3,3.5,right-hand,0.6507,0.3493
3,3.5,left-hand,0.3934,0.6066
3,3.5,right-hand,0.434,0.566
3,3.5,right-hand,0.8717,0.1283
3,3.5,left-hand,0.2626,0.7374
3,3.5,left-hand,0.4313,0.5687
3,3.5,left-hand,0.6602,0.3398
3,3.5,right-hand,0.4881,0.5119
3,3.5,left-hand,0.6824,0.3176
3,3.5,left-hand,0.3789,0.6211
3,3.5,right-hand,0.2231,0.7769
3,3.5,left-hand,0.4178,0.5822
3,3.5,left-hand,0.384,0.616
3,3.5,right-hand,0.136,0.864
3,3.5,left-hand,0.5629,0.4371
3,3.5,right-hand,0.4168,0.5832
3,3.5,right-hand,0.0745,0.9255
3,3.5,left-hand,0.2856,0.7144
3,3.5,left-hand,0.7078,0.2922
3,3.5,right-hand,0.7651,0.2349
3,3.5,left-hand,0.1801,0.8199
3,3.5,left-hand,0.3732,0.6268
3,3.5,left-hand,0.2111,0.7889
3,3.5,left-hand,0.1575,0.8425
3,3.5,right-hand,0.424,0.576
3,3.5,left-hand,0.0698,0.9302
3,3.5,right-hand,0.2416,0.7584
3,3.5,right-hand,0.7662,0.2338
3,3.5,left-hand,0.2243,0.7757
3,3.5,right-hand,0.5547,0.4453
3,3.5,right-hand,0.5802,0.4198
3,3.5,right-hand,0.3031,0.6969
3,3.5,left-hand,0.6156,0.3844
3,3.5,right-hand,0.4312,0.5688
3,3.5,left-hand,0.4816,0.5184
3,3.5,right-hand,0.4028,0.5972
3,3.5,left-hand,0.4666,0.5334
3,3.5,left-hand,0.6373,0.3627
3,3.5,left-hand,0.2095,0.7905
3,3.5,right-hand,0.5302,0.4698
3,3.5,right-hand,0.4181,0.5819
3,3.5,right-hand,0.2323,0.7677
3,3.5,left-hand,0.2251,0.7749
3,3.5,left-hand,0.6046,0.3954
3,3.5,right-hand,0.9227,0.0773
3,3.5,right-hand,0.3063,0.6937
3,3.5,right-hand,0.5557,0.4443
3,3.5,left-hand,0.3231,0.6769
3,3.5,left-hand,0.3218,0.6782
3,3.5,left-hand,0.1487,0.8513
3,3.5,left-hand,0.8599,0.1401
3,3.5,left-hand,0.1957,0.8043
3,3.5,left-hand,0.3718,0.6282
3,3.5,right-hand,0.5188,0.4812
3,3.5,left-hand,0.4492,0.5508
3,3.5,left-hand,0.6905,0.3095
3,3.5,right-hand,0.3861,0.6139
3,3.5,right-hand,0.4117,0.5883
3,3.5,right-hand,0.5954,0.4046
3,3.5,left-hand,0.1963,0.8037
3,3.5,right-hand,0.7135,0.2865
3,3.5,right-hand,0.6965,0.3035
3,3.5,right-hand,0.7868,0.2132
3,3.5,right-hand,0.7444,0.2556
3,3.5,right-hand,0.1759,0.8241
3,3.5,left-hand,0.3049,0.6951
3,3.5,right-hand,0.4557,0.5443
3,3.5,left-hand,0.7647,0.2353
3,3.5,right-hand,0.6967,0.3033
3,3.5,left-hand,0.3318,0.6682
3,3.5,left-hand,0.7,0.3
3,3.5,left-hand,0.6467,0.3533
3,3.5,right-hand,0.4385,0.5615
3,3.5,left-hand,0.2627,0.7373
3,3.5,left-hand,0.628,0.372
3,3.5,left-hand,0.4639,0.5361
3,3.5,right-hand,0.4944,0.5056
3,3.5,right-hand,0.2934,0.7066
3,3.5,right-hand,0.6732,0.3268
3,3.5,right-hand,0.1022,0.8978
3,3.5,right-hand,0.7016,0.2984
3,3.5,right-hand,0.7638,0.2362
3,3.5,right-hand,0.3474,0.6526
3,3.5,left-hand,0.7975,0.2025
3,3.5,left-hand,0.3909,0.6091
3,3.5,left-hand,0.7121,0.2879
3,3.5,left-hand,0.7413,0.2587
3,3.5,left-hand,0.6783,0.3217
3,3.5,right-hand,0.77,0.23
3,3.5,left-hand,0.5142,0.4858
3,3.5,right-hand,0.7741,0.2259
3,3.5,right-hand,0.7274,0.2726
3,3.5,left-hand,0.2466,0.7534
3,3.5,left-hand,0.33,0.67
3,3.5,right-hand,0.2736,0.7264
3,3.5,right-hand,0.3466,0.6534
3,3.5,left-hand,0.2843,0.7157
3,3.5,left-hand,0.647,0.353
3,3.5,left-hand,0.4263,0.5737
3,3.5,left-hand,0.7467,0.2533
3,3.5,right-hand,0.5747,0.4253
3,3.5,right-hand,0.8557,0.1443
3,3.5,right-hand,0.5173,0.4827
3,3.5,left-hand,0.2926,0.7074
3,3.5,right-hand,0.3647,0.6353
3,3.5,left-hand,0.6911,0.3089
3,3.5,left-hand,0.4499,0.5501
3,3.5,left-hand,0.7977,0.2023
3,3.5,left-hand,0.3493,0.6507
3,3.5,left-hand,0.6829,0.3171
3,3.5,right-hand,0.66,0.34
3,3.5,right-hand,0.6546,0.3454
3,3.5,left-hand,0.6635,0.3365
3,3.5,right-hand,0.5964,0.4036
3,3.5,right-hand,0.2126,0.7874
3,3.5,left-hand,0.194,0.806
3,3.5,right-hand,0.6208,0.3792
3,3.5,right-hand,0.7914,0.2086
3,3.5,right-hand,0.5327,0.4673
3,3.5,left-hand,0.7424,0.2576
3,3.5,left-hand,0.6917,0.3083
3,3.5,right-hand,0.696,0.304
3,3.5,left-hand,0.6086,0.3914
4,3.5,left-hand,0.1915,0.8085
4,3.5,right-hand,0.1433,0.8567
4,3.5,left-hand,0.8743,0.1257
4,3.5,left-hand,0.5371,0.4629
4,3.5,right-hand,0.4303,0.5697
4,3.5,left-hand,0.8654,0.1346
4,3.5,right-hand,0.1546,0.8454
4,3.5,right-hand,0.7758,0.2242
4,3.5,left-hand,0.6159,0.3841
4,3.5,left-hand,0.2813,0.7187
4,3.5,left-hand,0.8018,0.1982
4,3.5,right-hand,0.7512,0.2488
4,3.5,right-hand,0.4587,0.5413
4,3.5,right-hand,0.493,0.507
4,3.5,left-hand,0.439,0.561
4,3.5,right-hand,0.7935,0.2065
4,3.5,left-hand,0.4984,0.5016
4,3.5,left-hand,0.7421,0.2579
4,3.5,left-hand,0.5079,0.4921
4,3.5,right-hand,0.6861,0.3139
4,3.5,left-hand,0.8965,0.1035
4,3.5,right-hand,0.5211,0.4789
4,3.5,right-hand,0.5167,0.4833
4,3.5,right-hand,0.5009,0.4991
4,3.5,right-hand,0.5266,0.4734
4,3.5,left-hand,0.5875,0.4125
4,3.5,right-hand,0.475,0.525
4,3.5,right-hand,0.8735,0.1265
4,3.5,right-hand,0.2993,0.7007
4,3.5,left-hand,0.1494,0.8506
4,3.5,right-hand,0.4928,0.5072
4,3.5,right-hand,0.2573,0.7427
4,3.5,left-hand,0.6237,0.3763
4,3.5,right-hand,0.0845,0.9155
4,3.5,left-hand,0.7179,0.2821
4,3.5,right-hand,0.7721,0.2279
4,3.5,left-hand,0.4033,0.5967
4,3.5,left-hand,0.5678,0.4322
4,3.5,left-hand,0.3861,0.6139
4,3.5,right-hand,0.6215,0.3785
4,3.5,right-hand,0.7082,0.2918
4,3.5,left-hand,0.5744,0.4256
4,3.5,right-hand,0.3822,0.6178
4,3.5,left-hand,0.4867,0.5133
4,3.5,right-hand,0.3413,0.6587
4,3.5,right-hand,0.6526,0.3474
4,3.5,left-hand,0.6523,0.3477
4,3.5,left-hand,0.7438,0.2562
4,3.5,left-hand,0.7107,0.2893
4,3.5,left-hand,0.729,0.271
4,3.5,right-hand,0.7611,0.2389
4,3.5,right-hand,0.8133,0.1867
4,3.5,right-hand,0.553,0.447
4,3.5,left-hand,0.4489,0.5511
4,3.5,left-hand,0.5375,0.4625
4,3.5,right-hand,0.4398,0.5602
4,3.5,left-hand,0.3578,0.6422
4,3.5,left-hand,0.3919,0.6081
4,3.5,right-hand,0.361,0.639
4,3.5,right-hand,0.3751,0.6249
4,3.5,left-hand,0.7493,0.2507
4,3.5,right-hand,0.6345,0.3655
4,3.5,right-hand,0.0918,0.9082
4,3.5,left-hand,0.3623,0.6377
4,3.5,left-hand,0.6369,0.3631
4,3.5,left-hand,0.4575,0.5425
4,3.5,right-hand,0.6563,0.3437
4,3.5,right-hand,0.2879,0.7121
4,3.5,right-hand,0.6408,0.3592
4,3.5,right-hand,0.4681,0.5319
4,3.5,left-hand,0.5291,0.4709
4,3.5,left-hand,0.3308,0.6692
4,3.5,left-hand,0.6552,0.3448
4,3.5,right-hand,0.4953,0.5047
4,3.5,right-hand,0.6077,0.3923
4,3.5,left-hand,0.617,0.383
4,3.5,right-hand,0.2088,0.7912
4,3.5,left-hand,0.6929,0.3071
4,3.5,left-hand,0.7341,0.2659
4,3.5,left-hand,0.4314,0.5686
4,3.5,left-hand,0.7998,0.2002
4,3.5,right-hand,0.4352,0.5648
4,3.5,right-hand,0.3118,0.6882
4,3.5,left-hand,0.4447,0.5553
4,3.5,right-hand,0.5028,0.4972
4,3.5,left-hand,0.5579,0.4421
4,3.5,right-hand,0.3981,0.6019
4,3.5,left-hand,0.3643,0.6357
4,3.5,left-hand,0.4574,0.5426
4,3.5,left-hand,0.1249,0.8751
4,3.5,right-hand,0.4629,0.5371
4,3.5,right-hand,0.8884,0.1116
4,3.5,left-hand,0.5499,0.4501
4,3.5,left-hand,0.2585,0.7415
4,3.5,right-hand,0.3953,0.6047
4,3.5,left-hand,0.5343,0.4657
4,3.5,right-hand,0.5154,0.4846
4,3.5,left-hand,0.3624,0.6376
4,3.5,left-hand,0.2116,0.7884
4,3.5,right-hand,0.7475,0.2525
4,3.5,right-hand,0.5993,0.4007
4,3.5,left-hand,0.3104,0.6896
4,3.5,right-hand,0.6106,0.3894
4,3.5,right-hand,0.4844,0.5156
4,3.5,right-hand,0.6692,0.3308
4,3.5,right-hand,0.4296,0.5704
4,3.5,right-hand,0.6833,0.3167
4,3.5,left-hand,0.3187,0.6813
4,3.5,right-hand,0.5789,0.4211
4,3.5,left-hand,0.298,0.702
4,3.5,left-hand,0.3173,0.6827
4,3.5,right-hand,0.4382,0.5618
4,3.5,right-hand,0.2774,0.7226
4,3.5,right-hand,0.6124,0.3876
4,3.5,left-hand,0.8088,0.1912
4,3.5,left-hand,0.5749,0.4251
4,3.5,left-hand,0.522,0.478
4,3.5,right-hand,0.3227,0.6773
4,3.5,right-hand,0.3574,0.6426
4,3.5,left-hand,0.4968,0.5032
4,3.5,right-hand,0.3404,0.6596
4,3.5,right-hand,0.7162,0.2838
4,3.5,left-hand,0.4051,0.5949
4,3.5,left-hand,0.6824,0.3176
4,3.5,left-hand,0.3683,0.6317
4,3.5,right-hand,0.3411,0.6589
4,3.5,right-hand,0.4704,0.5296
4,3.5,left-hand,0.6772,0.3228
4,3.5,right-hand,0.4472,0.5528
4,3.5,right-hand,0.3685,0.6315
4,3.5,left-hand,0.7058,0.2942
4,3.5,left-hand,0.5453,0.4547
4,3.5,right-hand,0.881,0.119
4,3.5,left-hand,0.1377,0.8623
4,3.5,right-hand,0.633,0.367
4,3.5,left-hand,0.6105,0.3895
4,3.5,left-hand,0.352,0.648
4,3.5,right-hand,0.2755,0.7245
4,3.5,left-hand,0.453,0.547
4,3.5,left-hand,0.4992,0.5008
4,3.5,left-hand,0.7621,0.2379
4,3.5,right-hand,0.7662,0.2338
4,3.5,right-hand,0.342,0.658
4,3.5,left-hand,0.6164,0.3836
5,3.5,left-hand,0.4084,0.5916
5,3.5,right-hand,0.7809,0.2191
5,3.5,right-hand,0.3922,0.6078
5,3.5,right-hand,0.2844,0.7156
5,3.5,left-hand,0.5703,0.4297
5,3.5,left-hand,0.4654,0.5346
5,3.5,left-hand,0.8116,0.1884
5,3.5,right-hand,0.4632,0.5368
5,3.5,left-hand,0.7577,0.2423
5,3.5,right-hand,0.8485,0.1515
5,3.5,left-hand,0.8003,0.1997
5,3.5,left-hand,0.7068,0.2932
5,3.5,left-hand,0.5667,0.4333
5,3.5,right-hand,0.5645,0.4355
5,3.5,right-hand,0.5623,0.4377
5,3.5,left-hand,0.1528,0.8472
5,3.5,left-hand,0.6147,0.3853
5,3.5,left-hand,0.8509,0.1491
5,3.5,right-hand,0.6436,0.3564
5,3.5,left-hand,0.1474,0.8526
5,3.5,right-hand,0.6609,0.3391
5,3.5,right-hand,0.1354,0.8646
5,3.5,right-hand,0.5207,0.4793
5,3.5,right-hand,0.3397,0.6603
5,3.5,left-hand,0.3772,0.6228
5,3.5,right-hand,0.346,0.654
5,3.5,right-hand,0.4978,0.5022
5,3.5,left-hand,0.7633,0.2367
5,3.5,left-hand,0.3298,0.6702
5,3.5,right-hand,0.5574,0.4426
5,3.5,right-hand,0.4731,0.5269
5,3.5,left-hand,0.4347,0.5653
5,3.5,left-hand,0.3151,0.6849
5,3.5,left-hand,0.2459,0.7541
5,3.5,right-hand,0.3831,0.6169
5,3.5,right-hand,0.5525,0.4475
5,3.5,right-hand,0.1744,0.8256
5,3.5,left-hand,0.3691,0.6309
5,3.5,left-hand,0.5666,0.4334
5,3.5,left-hand,0.6654,0.3346
5,3.5,right-hand,0.5774,0.4226
5,3.5,left-hand,0.3478,0.6522
5,3.5,right-hand,0.1672,0.8328
5,3.5,right-hand,0.7065,0.2935
5,3.5,left-hand,0.6714,0.3286
5,3.5,right-hand,0.6935,0.3065
5,3.5,right-hand,0.5178,0.4822
5,3.5,left-hand,0.578,0.422
5,3.5,right-hand,0.0845,0.9155
5,3.5,right-hand,0.5649,0.4351
5,3.5,left-hand,0.7325,0.2675
5,3.5,left-hand,0.3067,0.6933
5,3.5,right-hand,0.2846,0.7154
5,3.5,right-hand,0.8358,0.1642
5,3.5,left-hand,0.6994,0.3006
5,3.5,left-hand,0.4871,0.5129
5,3.5,right-hand,0.6558,0.3442
5,3.5,right-hand,0.166,0.834
5,3.5,right-hand,0.5171,0.4829
5,3.5,right-hand,0.4591,0.5409
5,3.5,right-hand,0.6484,0.3516
5,3.5,right-hand,0.3745,0.6255
5,3.5,left-hand,0.4742,0.5258
5,3.5,right-hand,0.3365,0.6635
5,3.5,left-hand,0.2624,0.7376
5,3.5,right-hand,0.6843,0.3157
5,3.5,left-hand,0.6752,0.3248
5,3.5,left-hand,0.4621,0.5379
5,3.5,left-hand,0.4253,0.5747
5,3.5,left-hand,0.484,0.516
5,3.5,right-hand,0.4428,0.5572
5,3.5,right-hand,0.8362,0.1638
5,3.5,left-hand,0.4081,0.5919
5,3.5,left-hand,0.3418,0.6582
5,3.5,left-hand,0.3467,0.6533
5,3.5,left-hand,0.3168,0.6832
5,3.5,right-hand,0.5787,0.4213
5,3.5,right-hand,0.1568,0.8432
5,3.5,right-hand,0.6794,0.3206
5,3.5,right-hand,0.297,0.703
5,3.5,right-hand,0.6459,0.3541
5,3.5,left-hand,0.5692,0.4308
5,3.5,left-hand,0.4783,0.5217
5,3.5,right-hand,0.5539,0.4461
5,3.5,left-hand,0.6702,0.3298
5,3.5,left-hand,0.7229,0.2771
5,3.5,left-hand,0.4113,0.5887
5,3.5,right-hand,0.0941,0.9059
5,3.5,right-hand,0.3319,0.6681
5,3.5,left-hand,0.8024,0.1976
5,3.5,right-hand,0.5955,0.4045
5,3.5,left-hand,0.5828,0.4172
5,3.5,left-hand,0.6689,0.3311
5,3.5,right-hand,0.5511,0.4489
5,3.5,left-hand,0.5214,0.4786
5,3.5,right-hand,0.7315,0.2685
5,3.5,right-hand,0.521,0.479
5,3.5,left-hand,0.1682,0.8318
5,3.5,left-hand,0.6389,0.3611
5,3.5,left-hand,0.1687,0.8313
5,3.5,right-hand,0.5413,0.4587
5,3.5,left-hand,0.4594,0.5406
5,3.5,left-hand,0.4672,0.5328
5,3.5,right-hand,0.4792,0.5208
5,3.5,right-hand,0.4883,0.5117
5,3.5,right-hand,0.4981,0.5019
5,3.5,right-hand,0.5333,0.4667
5,3.5,right-hand,0.6209,0.3791
5,3.5,left-hand,0.5868,0.4132
5,3.5,left-hand,0.6914,0.3086
5,3.5,right-hand,0.884,0.116
5,3.5,right-hand,0.3352,0.6648
5,3.5,left-hand,0.6738,0.3262
5,3.5,left-hand,0.5041,0.4959
5,3.5,right-hand,0.4242,0.5758
5,3.5,left-hand,0.4263,0.5737
5,3.5,left-hand,0.842,0.158
5,3.5,left-hand,0.5812,0.4188
5,3.5,left-hand,0.3597,0.6403
5,3.5,right-hand,0.1868,0.8132
5,3.5,right-hand,0.6473,0.3527
5,3.5,right-hand,0.3117,0.6883
5,3.5,right-hand,0.4881,0.5119
5,3.5,left-hand,0.9164,0.0836
5,3.5,left-hand,0.6884,0.3116
5,3.5,right-hand,0.7153,0.2847
5,3.5,right-hand,0.6227,0.3773
5,3.5,left-hand,0.7072,0.2928
5,3.5,left-hand,0.7367,0.2633
5,3.5,left-hand,0.3142,0.6858
5,3.5,right-hand,0.6412,0.3588
5,3.5,left-hand,0.5359,0.4641
5,3.5,left-hand,0.7553,0.2447
5,3.5,right-hand,0.5009,0.4991
5,3.5,right-hand,0.254,0.746
5,3.5,right-hand,0.5357,0.4643
5,3.5,left-hand,0.9125,0.0875
5,3.5,left-hand,0.4178,0.5822
5,3.5,right-hand,0.1866,0.8134
5,3.5,right-hand,0.4768,0.5232
5,3.5,left-hand,0.4106,0.5894
5,3.5,left-hand,0.6352,0.3648
5,3.5,right-hand,0.7336,0.2664
5,3.5,left-hand,0.6946,0.3054
