fold,tmin,true_label,left-hand,right-hand
1,2.5,left-hand,0.8319,0.1681
1,2.5,right-hand,0.1388,0.8612
1,2.5,left-hand,0.1212,0.8788
1,2.5,right-hand,0.4147,0.5853
1,2.5,left-hand,0.5035,0.4965
1,2.5,right-hand,0.604,0.396
1,2.5,left-hand,0.3535,0.6465
1,2.5,right-hand,0.544,0.456
1,2.5,left-hand,0.9517,0.0483
1,2.5,left-hand,0.5236,0.4764
1,2.5,left-hand,0.6202,0.3798
1,2.5,right-hand,0.8208,0.1792
1,2.5,left-hand,0.2286,0.7714
1,2.5,right-hand,0.6077,0.3923
1,2.5,right-hand,0.4942,0.5058
1,2.5,left-hand,0.6142,0.3858
1,2.5,left-hand,0.1828,0.8172
1,2.5,right-hand,0.4458,0.5542
1,2.5,right-hand,0.5914,0.4086
1,2.5,right-hand,0.8615,0.1385
1,2.5,right-hand,0.3353,0.6647
1,2.5,left-hand,0.4624,0.5376
1,2.5,left-hand,0.376,0.624
1,2.5,left-hand,0.5629,0.4371
1,2.5,left-hand,0.7866,0.2134
1,2.5,left-hand,0.0982,0.9018
1,2.5,right-hand,0.5774,0.4226
1,2.5,right-hand,0.5422,0.4578
1,2.5,left-hand,0.3067,0.6933
1,2.5,left-hand,0.838,0.162
1,2.5,right-hand,0.3296,0.6704
1,2.5,right-hand,0.0455,0.9545
1,2.5,right-hand,0.7136,0.2864
1,2.5,right-hand,0.2962,0.7038
1,2.5,left-hand,0.6703,0.3297
1,2.5,right-hand,0.507,0.493
1,2.5,left-hand,0.6289,0.3711
1,2.5,right-hand,0.224,0.776
1,2.5,left-hand,0.4802,0.5198
1,2.5,left-hand,0.2766,0.7234
1,2.5,right-hand,0.831,0.169
1,2.5,left-hand,0.831,0.169
1,2.5,left-hand,0.5783,0.4217
1,2.5,right-hand,0.1512,0.8488
1,2.5,left-hand,0.7724,0.2276
1,2.5,left-hand,0.7724,0.2276
1,2.5,right-hand,0.5161,0.4839
1,2.5,right-hand,0.1891,0.8109
1,2.5,right-hand,0.1527,0.8473
1,2.5,left-hand,0.9205,0.0795
1,2.5,right-hand,0.5024,0.4976
1,2.5,right-hand,0.1951,0.8049
1,2.5,left-hand,0.7318,0.2682
1,2.5,right-hand,0.8503,0.1497
1,2.5,right-hand,0.2722,0.7278
1,2.5,right-hand,0.6419,0.3581
1,2.5,left-hand,0.6824,0.3176
1,2.5,left-hand,0.2546,0.7454
2,2.5,right-hand,0.9467,0.0533
2,2.5,left-hand,0.6087,0.3913
2,2.5,right-hand,0.3805,0.6195
2,2.5,left-hand,0.9158,0.0842
2,2.5,right-hand,0.3583,0.6417
2,2.5,right-hand,0.3734,0.6266
2,2.5,right-hand,0.7078,0.2922
2,2.5,right-hand,0.1162,0.8838
2,2.5,right-hand,0.7631,0.2369
2,2.5,left-hand,0.1308,0.8692
2,2.5,left-hand,0.3656,0.6344
2,2.5,right-hand,0.8933,0.1067
2,2.5,left-hand,0.7615,0.2385
2,2.5,left-hand,0.1439,0.8561
2,2.5,right-hand,0.2349,0.7651
2,2.5,left-hand,0.3088,0.6912
2,2.5,left-hand,0.4984,0.5016
2,2.5,right-hand,0.2398,0.7602
2,2.5,left-hand,0.7833,0.2167
2,2.5,right-hand,0.4303,0.5697
2,2.5,right-hand,0.5873,0.4127
2,2.5,left-hand,0.5251,0.4749
2,2.5,right-hand,0.8888,0.1112
2,2.5,left-hand,0.5082,0.4918
2,2.5,left-hand,0.0804,0.9196
2,2.5,right-hand,0.552,0.448
2,2.5,right-hand,0.2293,0.7707
2,2.5,left-hand,0.2243,0.7757
2,2.5,left-hand,0.5398,0.4602
2,2.5,right-hand,0.8602,0.1398
2,2.5,right-hand,0.3885,0.6115
2,2.5,left-hand,0.6954,0.3046
2,2.5,left-hand,0.1582,0.8418
2,2.5,left-hand,0.3856,0.6144
2,2.5,left-hand,0.0857,0.9143
2,2.5,right-hand,0.1673,0.8327
2,2.5,right-hand,0.6238,0.3762
2,2.5,right-hand,0.7114,0.2886
2,2.5,right-hand,0.1048,0.8952
2,2.5,left-hand,0.0576,0.9424
2,2.5,left-hand,0.533,0.467
2,2.5,left-hand,0.1638,0.8362
2,2.5,left-hand,0.8062,0.1938
2,2.5,left-hand,0.8159,0.1841
2,2.5,right-hand,0.6685,0.3315
2,2.5,right-hand,0.4644,0.5356
2,2.5,left-hand,0.4567,0.5433
2,2.5,right-hand,0.5362,0.4638
2,2.5,left-hand,0.3842,0.6158
2,2.5,right-hand,0.1118,0.8882
2,2.5,left-hand,0.3914,0.6086
2,2.5,left-hand,0.6582,0.3418
2,2.5,left-hand,0.1529,0.8471
2,2.5,right-hand,0.1056,0.8944
2,2.5,left-hand,0.1023,0.8977
2,2.5,right-hand,0.0928,0.9072
2,2.5,right-hand,0.5973,0.4027
2,2.5,right-hand,0.4783,0.5217
3,2.5,right-hand,0.7086,0.2914
3,2.5,left-hand,0.6087,0.3913
3,2.5,left-hand,0.1359,0.8641
3,2.5,left-hand,0.2761,0.7239
3,2.5,left-hand,0.6397,0.3603
3,2.5,right-hand,0.6991,0.3009
3,2.5,right-hand,0.264,0.736
3,2.5,left-hand,0.6121,0.3879
3,2.5,right-hand,0.5206,0.4794
3,2.5,left-hand,0.8379,0.1621
3,2.5,left-hand,0.1158,0.8842
3,2.5,right-hand,0.4055,0.5945
3,2.5,right-hand,0.8241,0.1759
3,2.5,right-hand,0.7555,0.2445
3,2.5,right-hand,0.8382,0.1618
3,2.5,left-hand,0.6853,0.3147
3,2.5,left-hand,0.0668,0.9332
3,2.5,right-hand,0.756,0.244
3,2.5,left-hand,0.5818,0.4182
3,2.5,right-hand,0.2712,0.7288
3,2.5,left-hand,0.0863,0.9137
3,2.5,right-hand,0.925,0.075
3,2.5,right-hand,0.288,0.712
3,2.5,left-hand,0.5224,0.4776
3,2.5,left-hand,0.6567,0.3433
3,2.5,right-hand,0.4883,0.5117
3,2.5,left-hand,0.6505,0.3495
3,2.5,right-hand,0.4727,0.5273
3,2.5,right-hand,0.7811,0.2189
3,2.5,left-hand,0.7161,0.2839
3,2.5,left-hand,0.4031,0.5969
3,2.5,left-hand,0.6392,0.3608
3,2.5,right-hand,0.2556,0.7444
3,2.5,left-hand,0.8208,0.1792
3,2.5,left-hand,0.8094,0.1906
3,2.5,right-hand,0.7827,0.2173
3,2.5,left-hand,0.6058,0.3942
3,2.5,right-hand,0.5244,0.4756
3,2.5,left-hand,0.2376,0.7624
3,2.5,right-hand,0.6318,0.3682
3,2.5,right-hand,0.8794,0.1206
3,2.5,right-hand,0.7017,0.2983
3,2.5,left-hand,0.1107,0.8893
3,2.5,right-hand,0.3974,0.6026
3,2.5,left-hand,0.2361,0.7639
3,2.5,right-hand,0.4753,0.5247
3,2.5,left-hand,0.275,0.725
3,2.5,right-hand,0.4156,0.5844
3,2.5,left-hand,0.4803,0.5197
3,2.5,left-hand,0.8794,0.1206
3,2.5,right-hand,0.7017,0.2983
3,2.5,left-hand,0.7785,0.2215
3,2.5,right-hand,0.0809,0.9191
3,2.5,right-hand,0.1861,0.8139
3,2.5,right-hand,0.2066,0.7934
3,2.5,right-hand,0.4652,0.5348
3,2.5,left-hand,0.5761,0.4239
3,2.5,left-hand,0.5342,0.4658
4,2.5,left-hand,0.1934,0.8066
4,2.5,right-hand,0.1375,0.8625
4,2.5,right-hand,0.382,0.618
4,2.5,left-hand,0.0547,0.9453
4,2.5,left-hand,0.1937,0.8063
4,2.5,right-hand,0.6715,0.3285
4,2.5,left-hand,0.4082,0.5918
4,2.5,right-hand,0.3061,0.6939
4,2.5,left-hand,0.0499,0.9501
4,2.5,right-hand,0.5713,0.4287
4,2.5,left-hand,0.7845,0.2155
4,2.5,right-hand,0.7209,0.2791
4,2.5,left-hand,0.6363,0.3637
4,2.5,left-hand,0.7893,0.2107
4,2.5,left-hand,0.055,0.945
4,2.5,right-hand,0.1865,0.8135
4,2.5,right-hand,0.0572,0.9428
4,2.5,left-hand,0.3062,0.6938
4,2.5,left-hand,0.488,0.512
4,2.5,right-hand,0.177,0.823
4,2.5,left-hand,0.2762,0.7238
4,2.5,right-hand,0.4256,0.5744
4,2.5,right-hand,0.4446,0.5554
4,2.5,right-hand,0.1007,0.8993
4,2.5,right-hand,0.6311,0.3689
4,2.5,left-hand,0.2707,0.7293
4,2.5,right-hand,0.3746,0.6254
4,2.5,left-hand,0.6336,0.3664
4,2.5,right-hand,0.2596,0.7404
4,2.5,left-hand,0.286,0.714
4,2.5,left-hand,0.2574,0.7426
4,2.5,right-hand,0.7846,0.2154
4,2.5,right-hand,0.7336,0.2664
4,2.5,right-hand,0.3362,0.6638
4,2.5,left-hand,0.7426,0.2574
4,2.5,left-hand,0.1538,0.8462
4,2.5,right-hand,0.1372,0.8628
4,2.5,left-hand,0.4478,0.5522
4,2.5,right-hand,0.1436,0.8564
4,2.5,right-hand,0.0926,0.9074
4,2.5,right-hand,0.1056,0.8944
4,2.5,right-hand,0.5949,0.4051
4,2.5,left-hand,0.1021,0.8979
4,2.5,left-hand,0.4296,0.5704
4,2.5,right-hand,0.2131,0.7869
4,2.5,left-hand,0.3486,0.6514
4,2.5,right-hand,0.5238,0.4762
4,2.5,left-hand,0.1027,0.8973
4,2.5,left-hand,0.4482,0.5518
4,2.5,left-hand,0.7487,0.2513
4,2.5,left-hand,0.44,0.56
4,2.5,right-hand,0.5698,0.4302
4,2.5,right-hand,0.7415,0.2585
4,2.5,right-hand,0.2394,0.7606
4,2.5,left-hand,0.2406,0.7594
4,2.5,left-hand,0.5983,0.4017
4,2.5,left-hand,0.2191,0.7809
5,2.5,left-hand,0.3565,0.6435
5,2.5,right-hand,0.1763,0.8237
5,2.5,right-hand,0.8515,0.1485
5,2.5,right-hand,0.8888,0.1112
5,2.5,left-hand,0.1779,0.8221
5,2.5,left-hand,0.9038,0.0962
5,2.5,left-hand,0.5731,0.4269
5,2.5,left-hand,0.4391,0.5609
5,2.5,left-hand,0.8244,0.1756
5,2.5,right-hand,0.4636,0.5364
5,2.5,right-hand,0.3443,0.6557
5,2.5,right-hand,0.9352,0.0648
5,2.5,left-hand,0.045,0.955
5,2.5,right-hand,0.4734,0.5266
5,2.5,left-hand,0.2007,0.7993
5,2.5,right-hand,0.8982,0.1018
5,2.5,right-hand,0.0925,0.9075
5,2.5,right-hand,0.403,0.597
5,2.5,right-hand,0.396,0.604
5,2.5,right-hand,0.6449,0.3551
5,2.5,left-hand,0.7474,0.2526
5,2.5,right-hand,0.6354,0.3646
5,2.5,right-hand,0.6038,0.3962
5,2.5,left-hand,0.4736,0.5264
5,2.5,left-hand,0.3055,0.6945
5,2.5,left-hand,0.4937,0.5063
5,2.5,left-hand,0.3047,0.6953
5,2.5,left-hand,0.071,0.929
5,2.5,right-hand,0.8715,0.1285
5,2.5,left-hand,0.8715,0.1285
5,2.5,right-hand,0.3404,0.6596
5,2.5,right-hand,0.8715,0.1285
5,2.5,left-hand,0.8715,0.1285
5,2.5,left-hand,0.4364,0.5636
5,2.5,left-hand,0.8673,0.1327
5,2.5,right-hand,0.3461,0.6539
5,2.5,left-hand,0.1601,0.8399
5,2.5,right-hand,0.5183,0.4817
5,2.5,right-hand,0.8644,0.1356
5,2.5,left-hand,0.3266,0.6734
5,2.5,right-hand,0.3199,0.6801
5,2.5,right-hand,0.6613,0.3387
5,2.5,left-hand,0.8744,0.1256
5,2.5,right-hand,0.3861,0.6139
5,2.5,right-hand,0.8673,0.1327
5,2.5,left-hand,0.8715,0.1285
5,2.5,left-hand,0.8562,0.1438
5,2.5,left-hand,0.5269,0.4731
5,2.5,left-hand,0.3504,0.6496
5,2.5,right-hand,0.4721,0.5279
5,2.5,right-hand,0.3311,0.6689
5,2.5,left-hand,0.4539,0.5461
5,2.5,right-hand,0.3587,0.6413
5,2.5,right-hand,0.3383,0.6617
5,2.5,left-hand,0.5239,0.4761
5,2.5,left-hand,0.2328,0.7672
5,2.5,right-hand,0.3467,0.6533
