fold,tmin,true_label,left-hand,right-hand
1,3.5,left-hand,0.9429,0.0571
1,3.5,left-hand,0.7049,0.2951
1,3.5,left-hand,0.6835,0.3165
1,3.5,right-hand,0.0184,0.9816
1,3.5,left-hand,0.9603,0.0397
1,3.5,left-hand,0.9556,0.0444
1,3.5,right-hand,0.8777,0.1223
1,3.5,left-hand,0.9346,0.0654
1,3.5,right-hand,0.416,0.584
1,3.5,left-hand,0.767,0.233
1,3.5,left-hand,0.9291,0.0709
1,3.5,right-hand,0.454,0.546
1,3.5,left-hand,0.9614,0.0386
1,3.5,left-hand,0.9819,0.0181
1,3.5,right-hand,0.2388,0.7612
1,3.5,right-hand,0.364,0.636
1,3.5,right-hand,0.7242,0.2758
1,3.5,left-hand,0.8114,0.1886
1,3.5,right-hand,0.3954,0.6046
1,3.5,left-hand,0.4277,0.5723
1,3.5,right-hand,0.2232,0.7768
1,3.5,left-hand,0.95,0.05
1,3.5,right-hand,0.7127,0.2873
1,3.5,left-hand,0.9555,0.0445
1,3.5,left-hand,0.9185,0.0815
1,3.5,left-hand,0.8407,0.1593
1,3.5,left-hand,0.9538,0.0462
1,3.5,right-hand,0.4756,0.5244
1,3.5,left-hand,0.9848,0.0152
1,3.5,left-hand,0.9265,0.0735
1,3.5,right-hand,0.5565,0.4435
1,3.5,right-hand,0.4327,0.5673
1,3.5,right-hand,0.7895,0.2105
1,3.5,right-hand,0.2536,0.7464
1,3.5,left-hand,0.9659,0.0341
1,3.5,left-hand,0.9292,0.0708
1,3.5,left-hand,0.9438,0.0562
1,3.5,right-hand,0.5419,0.4581
1,3.5,right-hand,0.4942,0.5058
1,3.5,left-hand,0.9877,0.0123
1,3.5,right-hand,0.0978,0.9022
1,3.5,right-hand,0.7865,0.2135
1,3.5,right-hand,0.7242,0.2758
1,3.5,left-hand,0.8948,0.1052
1,3.5,left-hand,0.9453,0.0547
1,3.5,right-hand,0.4508,0.5492
1,3.5,right-hand,0.3788,0.6212
1,3.5,right-hand,0.2355,0.7645
1,3.5,right-hand,0.1513,0.8487
1,3.5,left-hand,0.9101,0.0899
1,3.5,left-hand,0.9266,0.0734
1,3.5,right-hand,0.8266,0.1734
1,3.5,right-hand,0.4154,0.5846
1,3.5,left-hand,0.8411,0.1589
1,3.5,right-hand,0.3463,0.6537
1,3.5,left-hand,0.8903,0.1097
1,3.5,left-hand,0.7091,0.2909
1,3.5,right-hand,0.1638,0.8362
1,3.5,left-hand,0.7953,0.2047
1,3.5,right-hand,0.378,0.622
1,3.5,right-hand,0.2899,0.7101
1,3.5,left-hand,0.8639,0.1361
1,3.5,right-hand,0.5989,0.4011
1,3.5,left-hand,0.4867,0.5133
1,3.5,right-hand,0.1848,0.8152
1,3.5,right-hand,0.3998,0.6002
1,3.5,left-hand,0.7826,0.2174
1,3.5,left-hand,0.8824,0.1176
1,3.5,left-hand,0.6669,0.3331
1,3.5,left-hand,0.9423,0.0577
1,3.5,right-hand,0.5666,0.4334
1,3.5,right-hand,0.1274,0.8726
1,3.5,right-hand,0.0779,0.9221
1,3.5,right-hand,0.6434,0.3566
1,3.5,right-hand,0.1248,0.8752
1,3.5,left-hand,0.9239,0.0761
1,3.5,right-hand,0.1001,0.8999
1,3.5,left-hand,0.8994,0.1006
1,3.5,right-hand,0.2284,0.7716
1,3.5,right-hand,0.0213,0.9787
1,3.5,right-hand,0.3516,0.6484
1,3.5,right-hand,0.5039,0.4961
1,3.5,right-hand,0.0604,0.9396
1,3.5,left-hand,0.8138,0.1862
1,3.5,left-hand,0.9697,0.0303
1,3.5,left-hand,0.8738,0.1262
1,3.5,right-hand,0.0388,0.9612
1,3.5,left-hand,0.9593,0.0407
1,3.5,left-hand,0.9977,0.0023
1,3.5,left-hand,0.9682,0.0318
1,3.5,left-hand,0.9255,0.0745
1,3.5,left-hand,0.9775,0.0225
1,3.5,left-hand,0.6109,0.3891
1,3.5,right-hand,0.0081,0.9919
1,3.5,right-hand,0.0142,0.9858
1,3.5,left-hand,0.9005,0.0995
1,3.5,right-hand,0.0335,0.9665
1,3.5,right-hand,0.0841,0.9159
1,3.5,right-hand,0.096,0.904
1,3.5,right-hand,0.1473,0.8527
1,3.5,right-hand,0.1276,0.8724
1,3.5,left-hand,0.9679,0.0321
1,3.5,right-hand,0.0477,0.9523
1,3.5,right-hand,0.4773,0.5227
1,3.5,right-hand,0.2575,0.7425
1,3.5,right-hand,0.0398,0.9602
1,3.5,left-hand,0.8127,0.1873
1,3.5,right-hand,0.0469,0.9531
1,3.5,right-hand,0.3221,0.6779
1,3.5,left-hand,0.8517,0.1483
1,3.5,left-hand,0.6391,0.3609
1,3.5,left-hand,0.4398,0.5602
1,3.5,right-hand,0.0204,0.9796
1,3.5,left-hand,0.8904,0.1096
1,3.5,right-hand,0.0753,0.9247
1,3.5,right-hand,0.0218,0.9782
1,3.5,left-hand,0.7787,0.2213
1,3.5,left-hand,0.4674,0.5326
1,3.5,left-hand,0.7234,0.2766
1,3.5,left-hand,0.6604,0.3396
1,3.5,left-hand,0.9008,0.0992
1,3.5,right-hand,0.0683,0.9317
1,3.5,right-hand,0.0346,0.9654
1,3.5,left-hand,0.751,0.249
1,3.5,right-hand,0.0471,0.9529
1,3.5,left-hand,0.1527,0.8473
1,3.5,left-hand,0.2442,0.7558
1,3.5,left-hand,0.4838,0.5162
1,3.5,left-hand,0.2346,0.7654
1,3.5,left-hand,0.2665,0.7335
1,3.5,left-hand,0.4489,0.5511
1,3.5,right-hand,0.0513,0.9487
1,3.5,left-hand,0.6418,0.3582
1,3.5,right-hand,0.0139,0.9861
1,3.5,left-hand,0.7367,0.2633
1,3.5,right-hand,0.0853,0.9147
1,3.5,right-hand,0.0691,0.9309
1,3.5,right-hand,0.0389,0.9611
1,3.5,left-hand,0.5223,0.4777
1,3.5,left-hand,0.5263,0.4737
1,3.5,left-hand,0.6764,0.3236
1,3.5,right-hand,0.0855,0.9145
1,3.5,right-hand,0.0464,0.9536
1,3.5,right-hand,0.3589,0.6411
1,3.5,left-hand,0.4039,0.5961
1,3.5,left-hand,0.469,0.531
1,3.5,right-hand,0.0599,0.9401
1,3.5,right-hand,0.0569,0.9431
2,3.5,left-hand,0.9051,0.0949
2,3.5,left-hand,0.9386,0.0614
2,3.5,right-hand,0.3442,0.6558
2,3.5,right-hand,0.3052,0.6948
2,3.5,left-hand,0.9484,0.0516
2,3.5,right-hand,0.3617,0.6383
2,3.5,right-hand,0.8138,0.1862
2,3.5,right-hand,0.5668,0.4332
2,3.5,left-hand,0.7473,0.2527
2,3.5,right-hand,0.299,0.701
2,3.5,right-hand,0.2773,0.7227
2,3.5,left-hand,0.5677,0.4323
2,3.5,left-hand,0.9747,0.0253
2,3.5,left-hand,0.5467,0.4533
2,3.5,right-hand,0.2295,0.7705
2,3.5,right-hand,0.7368,0.2632
2,3.5,left-hand,0.5042,0.4958
2,3.5,left-hand,0.8679,0.1321
2,3.5,left-hand,0.2528,0.7472
2,3.5,right-hand,0.2757,0.7243
2,3.5,left-hand,0.8633,0.1367
2,3.5,right-hand,0.8852,0.1148
2,3.5,left-hand,0.7918,0.2082
2,3.5,left-hand,0.9457,0.0543
2,3.5,left-hand,0.9958,0.0042
2,3.5,left-hand,0.9139,0.0861
2,3.5,right-hand,0.7281,0.2719
2,3.5,right-hand,0.2299,0.7701
2,3.5,left-hand,0.9944,0.0056
2,3.5,left-hand,0.9628,0.0372
2,3.5,right-hand,0.9165,0.0835
2,3.5,left-hand,0.9889,0.0111
2,3.5,left-hand,0.9852,0.0148
2,3.5,left-hand,0.9776,0.0224
2,3.5,left-hand,0.9924,0.0076
2,3.5,left-hand,0.9298,0.0702
2,3.5,right-hand,0.6301,0.3699
2,3.5,left-hand,0.9422,0.0578
2,3.5,right-hand,0.3448,0.6552
2,3.5,right-hand,0.6856,0.3144
2,3.5,left-hand,0.0,1.0
2,3.5,right-hand,0.1199,0.8801
2,3.5,right-hand,0.1408,0.8592
2,3.5,left-hand,0.9792,0.0208
2,3.5,right-hand,0.1388,0.8612
2,3.5,left-hand,0.9745,0.0255
2,3.5,right-hand,0.0723,0.9277
2,3.5,left-hand,0.8891,0.1109
2,3.5,left-hand,0.9331,0.0669
2,3.5,left-hand,0.2161,0.7839
2,3.5,right-hand,0.2124,0.7876
2,3.5,right-hand,0.5061,0.4939
2,3.5,left-hand,0.4761,0.5239
2,3.5,right-hand,0.8949,0.1051
2,3.5,left-hand,0.975,0.025
2,3.5,left-hand,0.9188,0.0812
2,3.5,right-hand,0.2856,0.7144
2,3.5,left-hand,0.8883,0.1117
2,3.5,left-hand,0.8161,0.1839
2,3.5,left-hand,0.7422,0.2578
2,3.5,left-hand,0.7744,0.2256
2,3.5,right-hand,0.687,0.313
2,3.5,right-hand,0.0754,0.9246
2,3.5,left-hand,0.8583,0.1417
2,3.5,right-hand,0.475,0.525
2,3.5,left-hand,0.9681,0.0319
2,3.5,left-hand,0.7201,0.2799
2,3.5,left-hand,0.9469,0.0531
2,3.5,right-hand,0.0424,0.9576
2,3.5,left-hand,0.9821,0.0179
2,3.5,right-hand,0.0232,0.9768
2,3.5,right-hand,0.0058,0.9942
2,3.5,right-hand,0.0402,0.9598
2,3.5,left-hand,0.8447,0.1553
2,3.5,right-hand,0.0966,0.9034
2,3.5,left-hand,0.7968,0.2032
2,3.5,left-hand,0.9418,0.0582
2,3.5,right-hand,0.0979,0.9021
2,3.5,right-hand,0.1027,0.8973
2,3.5,right-hand,0.1778,0.8222
2,3.5,left-hand,0.8684,0.1316
2,3.5,left-hand,0.811,0.189
2,3.5,left-hand,0.953,0.047
2,3.5,right-hand,0.1369,0.8631
2,3.5,left-hand,0.8488,0.1512
2,3.5,left-hand,0.824,0.176
2,3.5,left-hand,0.7123,0.2877
2,3.5,left-hand,0.3421,0.6579
2,3.5,right-hand,0.0635,0.9365
2,3.5,left-hand,0.7686,0.2314
2,3.5,right-hand,0.0142,0.9858
2,3.5,right-hand,0.0165,0.9835
2,3.5,right-hand,0.0139,0.9861
2,3.5,right-hand,0.0058,0.9942
2,3.5,left-hand,0.9437,0.0563
2,3.5,right-hand,0.9343,0.0657
2,3.5,right-hand,0.15,0.85
2,3.5,right-hand,0.0044,0.9956
2,3.5,right-hand,0.0089,0.9911
2,3.5,left-hand,0.9752,0.0248
2,3.5,left-hand,0.195,0.805
2,3.5,right-hand,0.0288,0.9712
2,3.5,right-hand,0.0704,0.9296
2,3.5,right-hand,0.0059,0.9941
2,3.5,left-hand,0.8068,0.1932
2,3.5,left-hand,0.5374,0.4626
2,3.5,left-hand,0.9722,0.0278
2,3.5,left-hand,0.7496,0.2504
2,3.5,left-hand,0.8213,0.1787
2,3.5,right-hand,0.1157,0.8843
2,3.5,left-hand,0.5598,0.4402
2,3.5,right-hand,0.0603,0.9397
2,3.5,left-hand,0.7057,0.2943
2,3.5,left-hand,0.696,0.304
2,3.5,right-hand,0.0787,0.9213
2,3.5,right-hand,0.0795,0.9205
2,3.5,right-hand,0.0275,0.9725
2,3.5,right-hand,0.0456,0.9544
2,3.5,right-hand,0.1835,0.8165
2,3.5,right-hand,0.2936,0.7064
2,3.5,right-hand,0.0474,0.9526
2,3.5,right-hand,0.0106,0.9894
2,3.5,right-hand,0.07,0.93
2,3.5,left-hand,0.5167,0.4833
2,3.5,right-hand,0.1747,0.8253
2,3.5,left-hand,0.3487,0.6513
2,3.5,right-hand,0.0296,0.9704
2,3.5,right-hand,0.0384,0.9616
2,3.5,left-hand,0.5026,0.4974
2,3.5,right-hand,0.0278,0.9722
2,3.5,right-hand,0.198,0.802
2,3.5,right-hand,0.112,0.888
2,3.5,left-hand,0.8337,0.1663
2,3.5,right-hand,0.0687,0.9313
2,3.5,left-hand,0.242,0.758
2,3.5,right-hand,0.0449,0.9551
2,3.5,right-hand,0.0159,0.9841
2,3.5,right-hand,0.0657,0.9343
2,3.5,right-hand,0.0525,0.9475
2,3.5,left-hand,0.3002,0.6998
2,3.5,left-hand,0.264,0.736
2,3.5,left-hand,0.3272,0.6728
2,3.5,left-hand,0.5139,0.4861
2,3.5,right-hand,0.0097,0.9903
2,3.5,right-hand,0.0317,0.9683
2,3.5,right-hand,0.1005,0.8995
2,3.5,left-hand,0.3256,0.6744
2,3.5,left-hand,0.6427,0.3573
3,3.5,right-hand,0.4099,0.5901
3,3.5,right-hand,0.9062,0.0938
3,3.5,left-hand,0.9664,0.0336
3,3.5,left-hand,0.9959,0.0041
3,3.5,right-hand,0.4263,0.5737
3,3.5,left-hand,0.5563,0.4437
3,3.5,right-hand,0.4801,0.5199
3,3.5,left-hand,0.919,0.081
3,3.5,left-hand,0.8879,0.1121
3,3.5,right-hand,0.1655,0.8345
3,3.5,right-hand,0.2907,0.7093
3,3.5,left-hand,0.9493,0.0507
3,3.5,left-hand,0.793,0.207
3,3.5,right-hand,0.8294,0.1706
3,3.5,left-hand,0.868,0.132
3,3.5,right-hand,0.7114,0.2886
3,3.5,left-hand,0.9679,0.0321
3,3.5,right-hand,0.5496,0.4504
3,3.5,right-hand,0.6525,0.3475
3,3.5,right-hand,0.2671,0.7329
3,3.5,right-hand,0.3242,0.6758
3,3.5,right-hand,0.0833,0.9167
3,3.5,right-hand,0.3786,0.6214
3,3.5,right-hand,0.6755,0.3245
3,3.5,left-hand,0.8194,0.1806
3,3.5,left-hand,0.9848,0.0152
3,3.5,right-hand,0.1386,0.8614
3,3.5,left-hand,0.984,0.016
3,3.5,left-hand,0.8753,0.1247
3,3.5,right-hand,0.5469,0.4531
3,3.5,right-hand,0.7352,0.2648
3,3.5,left-hand,0.9469,0.0531
3,3.5,left-hand,0.9758,0.0242
3,3.5,right-hand,0.5892,0.4108
3,3.5,right-hand,0.1768,0.8232
3,3.5,left-hand,0.9769,0.0231
3,3.5,right-hand,0.4577,0.5423
3,3.5,left-hand,0.9591,0.0409
3,3.5,right-hand,0.553,0.447
3,3.5,right-hand,0.365,0.635
3,3.5,left-hand,0.9261,0.0739
3,3.5,left-hand,0.3444,0.6556
3,3.5,right-hand,0.4696,0.5304
3,3.5,left-hand,0.959,0.041
3,3.5,right-hand,0.5952,0.4048
3,3.5,left-hand,0.9423,0.0577
3,3.5,left-hand,0.9865,0.0135
3,3.5,left-hand,0.9704,0.0296
3,3.5,right-hand,0.2725,0.7275
3,3.5,left-hand,0.9447,0.0553
3,3.5,right-hand,0.2641,0.7359
3,3.5,left-hand,0.9425,0.0575
3,3.5,right-hand,0.7235,0.2765
3,3.5,right-hand,0.121,0.879
3,3.5,right-hand,0.2537,0.7463
3,3.5,left-hand,0.8285,0.1715
3,3.5,left-hand,0.9279,0.0721
3,3.5,right-hand,0.1981,0.8019
3,3.5,right-hand,0.076,0.924
3,3.5,left-hand,0.8662,0.1338
3,3.5,right-hand,0.0258,0.9742
3,3.5,right-hand,0.0737,0.9263
3,3.5,left-hand,0.6792,0.3208
3,3.5,left-hand,0.8217,0.1783
3,3.5,right-hand,0.1289,0.8711
3,3.5,left-hand,0.9194,0.0806
3,3.5,left-hand,0.9356,0.0644
3,3.5,right-hand,0.2653,0.7347
3,3.5,right-hand,0.1607,0.8393
3,3.5,left-hand,0.8608,0.1392
3,3.5,left-hand,0.9112,0.0888
3,3.5,right-hand,0.2052,0.7948
3,3.5,right-hand,0.0677,0.9323
3,3.5,right-hand,0.0873,0.9127
3,3.5,left-hand,0.7719,0.2281
3,3.5,left-hand,0.9505,0.0495
3,3.5,left-hand,0.755,0.245
3,3.5,right-hand,0.1826,0.8174
3,3.5,left-hand,0.7385,0.2615
3,3.5,left-hand,0.8878,0.1122
3,3.5,left-hand,0.8141,0.1859
3,3.5,right-hand,0.4263,0.5737
3,3.5,right-hand,0.0316,0.9684
3,3.5,right-hand,0.0208,0.9792
3,3.5,right-hand,0.1013,0.8987
3,3.5,right-hand,0.0734,0.9266
3,3.5,left-hand,0.7664,0.2336
3,3.5,right-hand,0.5077,0.4923
3,3.5,left-hand,0.8824,0.1176
3,3.5,right-hand,0.0701,0.9299
3,3.5,right-hand,0.2721,0.7279
3,3.5,left-hand,0.9426,0.0574
3,3.5,left-hand,0.5446,0.4554
3,3.5,left-hand,0.6939,0.3061
3,3.5,left-hand,0.5818,0.4182
3,3.5,left-hand,0.9273,0.0727
3,3.5,left-hand,0.6187,0.3813
3,3.5,right-hand,0.0162,0.9838
3,3.5,right-hand,0.2289,0.7711
3,3.5,left-hand,0.8588,0.1412
3,3.5,right-hand,0.1077,0.8923
3,3.5,right-hand,0.036,0.964
3,3.5,right-hand,0.0077,0.9923
3,3.5,right-hand,0.1789,0.8211
3,3.5,right-hand,0.1419,0.8581
3,3.5,left-hand,0.8187,0.1813
3,3.5,left-hand,0.624,0.376
3,3.5,left-hand,0.924,0.076
3,3.5,left-hand,0.4841,0.5159
3,3.5,right-hand,0.1623,0.8377
3,3.5,left-hand,0.862,0.138
3,3.5,right-hand,0.1365,0.8635
3,3.5,right-hand,0.0433,0.9567
3,3.5,left-hand,0.8759,0.1241
3,3.5,right-hand,0.0046,0.9954
3,3.5,right-hand,0.0244,0.9756
3,3.5,right-hand,0.1747,0.8253
3,3.5,left-hand,0.6737,0.3263
3,3.5,right-hand,0.0334,0.9666
3,3.5,left-hand,0.3439,0.6561
3,3.5,left-hand,0.3506,0.6494
3,3.5,right-hand,0.0687,0.9313
3,3.5,left-hand,0.0894,0.9106
3,3.5,left-hand,0.5173,0.4827
3,3.5,left-hand,0.3944,0.6056
3,3.5,left-hand,0.2125,0.7875
3,3.5,left-hand,0.8385,0.1615
3,3.5,right-hand,0.0552,0.9448
3,3.5,left-hand,0.1402,0.8598
3,3.5,right-hand,0.0109,0.9891
3,3.5,left-hand,0.6541,0.3459
3,3.5,left-hand,0.3379,0.6621
3,3.5,left-hand,0.4009,0.5991
3,3.5,left-hand,0.3874,0.6126
3,3.5,right-hand,0.0303,0.9697
3,3.5,right-hand,0.1087,0.8913
3,3.5,left-hand,0.1136,0.8864
3,3.5,left-hand,0.2512,0.7488
3,3.5,right-hand,0.1939,0.8061
3,3.5,right-hand,0.1031,0.8969
3,3.5,right-hand,0.0415,0.9585
3,3.5,left-hand,0.0718,0.9282
3,3.5,left-hand,0.5067,0.4933
3,3.5,right-hand,0.1609,0.8391
3,3.5,right-hand,0.0289,0.9711
3,3.5,left-hand,0.0999,0.9001
3,3.5,left-hand,0.1071,0.8929
3,3.5,right-hand,0.0898,0.9102
4,3.5,right-hand,0.1065,0.8935
4,3.5,right-hand,0.2539,0.7461
4,3.5,left-hand,0.9537,0.0463
4,3.5,left-hand,0.8584,0.1416
4,3.5,left-hand,0.6643,0.3357
4,3.5,right-hand,0.6028,0.3972
4,3.5,left-hand,0.8939,0.1061
4,3.5,right-hand,0.8331,0.1669
4,3.5,left-hand,0.9128,0.0872
4,3.5,left-hand,0.7556,0.2444
4,3.5,left-hand,0.983,0.017
4,3.5,right-hand,0.9351,0.0649
4,3.5,right-hand,0.2242,0.7758
4,3.5,left-hand,0.6092,0.3908
4,3.5,right-hand,0.8287,0.1713
4,3.5,left-hand,0.8554,0.1446
4,3.5,right-hand,0.845,0.155
4,3.5,right-hand,0.3182,0.6818
4,3.5,right-hand,0.9319,0.0681
4,3.5,right-hand,0.3139,0.6861
4,3.5,left-hand,0.8786,0.1214
4,3.5,left-hand,0.9295,0.0705
4,3.5,right-hand,0.6393,0.3607
4,3.5,right-hand,0.8383,0.1617
4,3.5,right-hand,0.3847,0.6153
4,3.5,left-hand,0.6382,0.3618
4,3.5,left-hand,0.8842,0.1158
4,3.5,right-hand,0.1507,0.8493
4,3.5,left-hand,0.7895,0.2105
4,3.5,right-hand,0.4654,0.5346
4,3.5,right-hand,0.8587,0.1413
4,3.5,right-hand,0.6369,0.3631
4,3.5,left-hand,0.9599,0.0401
4,3.5,left-hand,0.9743,0.0257
4,3.5,left-hand,0.9007,0.0993
4,3.5,right-hand,0.5902,0.4098
4,3.5,left-hand,0.981,0.019
4,3.5,left-hand,0.9899,0.0101
4,3.5,right-hand,0.7228,0.2772
4,3.5,right-hand,0.0693,0.9307
4,3.5,left-hand,0.8972,0.1028
4,3.5,right-hand,0.9199,0.0801
4,3.5,right-hand,0.6781,0.3219
4,3.5,left-hand,0.9688,0.0312
4,3.5,right-hand,0.0636,0.9364
4,3.5,left-hand,0.9714,0.0286
4,3.5,right-hand,0.3975,0.6025
4,3.5,right-hand,0.9627,0.0373
4,3.5,right-hand,0.7995,0.2005
4,3.5,right-hand,0.4064,0.5936
4,3.5,left-hand,0.9026,0.0974
4,3.5,left-hand,0.7513,0.2487
4,3.5,right-hand,0.4376,0.5624
4,3.5,left-hand,0.7298,0.2702
4,3.5,right-hand,0.4942,0.5058
4,3.5,right-hand,0.1993,0.8007
4,3.5,left-hand,0.8672,0.1328
4,3.5,left-hand,0.8103,0.1897
4,3.5,right-hand,0.4401,0.5599
4,3.5,right-hand,0.1003,0.8997
4,3.5,left-hand,0.6673,0.3327
4,3.5,right-hand,0.0357,0.9643
4,3.5,right-hand,0.569,0.431
4,3.5,right-hand,0.2464,0.7536
4,3.5,left-hand,0.8665,0.1335
4,3.5,right-hand,0.0644,0.9356
4,3.5,left-hand,0.942,0.058
4,3.5,left-hand,0.5883,0.4117
4,3.5,right-hand,0.02,0.98
4,3.5,left-hand,0.944,0.056
4,3.5,left-hand,0.964,0.036
4,3.5,right-hand,0.0728,0.9272
4,3.5,right-hand,0.0672,0.9328
4,3.5,right-hand,0.067,0.933
4,3.5,right-hand,0.0592,0.9408
4,3.5,left-hand,0.834,0.166
4,3.5,left-hand,0.6837,0.3163
4,3.5,left-hand,0.63,0.37
4,3.5,right-hand,0.112,0.888
4,3.5,right-hand,0.0629,0.9371
4,3.5,left-hand,0.9343,0.0657
4,3.5,left-hand,0.3327,0.6673
4,3.5,left-hand,0.9443,0.0557
4,3.5,right-hand,0.2975,0.7025
4,3.5,left-hand,0.9496,0.0504
4,3.5,left-hand,0.9276,0.0724
4,3.5,right-hand,0.0934,0.9066
4,3.5,left-hand,0.967,0.033
4,3.5,left-hand,0.9073,0.0927
4,3.5,right-hand,0.0736,0.9264
4,3.5,left-hand,0.8856,0.1144
4,3.5,left-hand,0.6337,0.3663
4,3.5,left-hand,0.7025,0.2975
4,3.5,right-hand,0.8207,0.1793
4,3.5,left-hand,0.8021,0.1979
4,3.5,right-hand,0.2167,0.7833
4,3.5,left-hand,0.9798,0.0202
4,3.5,left-hand,0.9682,0.0318
4,3.5,left-hand,0.8772,0.1228
4,3.5,left-hand,0.8816,0.1184
4,3.5,left-hand,0.8463,0.1537
4,3.5,left-hand,0.8863,0.1137
4,3.5,right-hand,0.048,0.952
4,3.5,right-hand,0.1027,0.8973
4,3.5,right-hand,0.0477,0.9523
4,3.5,right-hand,0.5097,0.4903
4,3.5,right-hand,0.1173,0.8827
4,3.5,right-hand,0.0531,0.9469
4,3.5,left-hand,0.505,0.495
4,3.5,right-hand,0.0272,0.9728
4,3.5,right-hand,0.0832,0.9168
4,3.5,right-hand,0.1129,0.8871
4,3.5,left-hand,0.6885,0.3115
4,3.5,left-hand,0.7848,0.2152
4,3.5,left-hand,0.6451,0.3549
4,3.5,right-hand,0.0491,0.9509
4,3.5,right-hand,0.0442,0.9558
4,3.5,right-hand,0.0439,0.9561
4,3.5,right-hand,0.5525,0.4475
4,3.5,left-hand,0.2895,0.7105
4,3.5,left-hand,0.4943,0.5057
4,3.5,left-hand,0.154,0.846
4,3.5,left-hand,0.288,0.712
4,3.5,right-hand,0.0524,0.9476
4,3.5,left-hand,0.2196,0.7804
4,3.5,right-hand,0.1714,0.8286
4,3.5,right-hand,0.0921,0.9079
4,3.5,right-hand,0.1548,0.8452
4,3.5,left-hand,0.2781,0.7219
4,3.5,right-hand,0.1838,0.8162
4,3.5,right-hand,0.5359,0.4641
4,3.5,right-hand,0.0147,0.9853
4,3.5,left-hand,0.619,0.381
4,3.5,left-hand,0.5195,0.4805
4,3.5,left-hand,0.6678,0.3322
4,3.5,right-hand,0.0428,0.9572
4,3.5,left-hand,0.2945,0.7055
4,3.5,left-hand,0.4042,0.5958
4,3.5,right-hand,0.0272,0.9728
4,3.5,right-hand,0.0839,0.9161
4,3.5,left-hand,0.5023,0.4977
4,3.5,left-hand,0.2403,0.7597
4,3.5,left-hand,0.4789,0.5211
4,3.5,left-hand,0.744,0.256
4,3.5,left-hand,0.048,0.952
4,3.5,right-hand,0.0612,0.9388
4,3.5,right-hand,0.0316,0.9684
4,3.5,left-hand,0.2604,0.7396
5,3.5,left-hand,0.5493,0.4507
5,3.5,right-hand,0.4556,0.5444
5,3.5,left-hand,0.8455,0.1545
5,3.5,right-hand,0.4438,0.5562
5,3.5,left-hand,0.9011,0.0989
5,3.5,right-hand,0.0408,0.9592
5,3.5,right-hand,0.7428,0.2572
5,3.5,right-hand,0.4678,0.5322
5,3.5,left-hand,0.9838,0.0162
5,3.5,right-hand,0.7947,0.2053
5,3.5,right-hand,0.5684,0.4316
5,3.5,right-hand,0.5345,0.4655
5,3.5,left-hand,0.9277,0.0723
5,3.5,right-hand,0.4006,0.5994
5,3.5,right-hand,0.6292,0.3708
5,3.5,left-hand,0.945,0.055
5,3.5,right-hand,0.2441,0.7559
5,3.5,right-hand,0.3992,0.6008
5,3.5,left-hand,0.8552,0.1448
5,3.5,left-hand,0.9962,0.0038
5,3.5,left-hand,0.9681,0.0319
5,3.5,left-hand,0.9723,0.0277
5,3.5,right-hand,0.2127,0.7873
5,3.5,left-hand,0.9991,0.0009
5,3.5,right-hand,0.2953,0.7047
5,3.5,left-hand,0.9865,0.0135
5,3.5,right-hand,0.9151,0.0849
5,3.5,right-hand,0.4219,0.5781
5,3.5,left-hand,0.9802,0.0198
5,3.5,left-hand,0.9532,0.0468
5,3.5,right-hand,0.1687,0.8313
5,3.5,right-hand,0.3975,0.6025
5,3.5,right-hand,0.8349,0.1651
5,3.5,left-hand,0.8714,0.1286
5,3.5,right-hand,0.86,0.14
5,3.5,left-hand,0.9622,0.0378
5,3.5,left-hand,0.7711,0.2289
5,3.5,right-hand,0.7548,0.2452
5,3.5,right-hand,0.6213,0.3787
5,3.5,left-hand,0.9984,0.0016
5,3.5,right-hand,0.3623,0.6377
5,3.5,left-hand,0.603,0.397
5,3.5,right-hand,0.071,0.929
5,3.5,left-hand,0.9933,0.0067
5,3.5,left-hand,0.7152,0.2848
5,3.5,left-hand,0.751,0.249
5,3.5,right-hand,0.5234,0.4766
5,3.5,left-hand,0.9645,0.0355
5,3.5,left-hand,0.9699,0.0301
5,3.5,left-hand,0.9529,0.0471
5,3.5,left-hand,0.7846,0.2154
5,3.5,right-hand,0.7326,0.2674
5,3.5,right-hand,0.4143,0.5857
5,3.5,right-hand,0.0989,0.9011
5,3.5,left-hand,0.6809,0.3191
5,3.5,right-hand,0.7161,0.2839
5,3.5,right-hand,0.4127,0.5873
5,3.5,left-hand,0.9469,0.0531
5,3.5,right-hand,0.2652,0.7348
5,3.5,left-hand,0.9344,0.0656
5,3.5,right-hand,0.3295,0.6705
5,3.5,right-hand,0.0495,0.9505
5,3.5,left-hand,0.8994,0.1006
5,3.5,left-hand,0.1789,0.8211
5,3.5,left-hand,0.8797,0.1203
5,3.5,left-hand,0.5053,0.4947
5,3.5,right-hand,0.0959,0.9041
5,3.5,right-hand,0.0308,0.9692
5,3.5,left-hand,0.7358,0.2642
5,3.5,right-hand,0.1152,0.8848
5,3.5,left-hand,0.9214,0.0786
5,3.5,right-hand,0.116,0.884
5,3.5,left-hand,0.9112,0.0888
5,3.5,left-hand,0.9399,0.0601
5,3.5,right-hand,0.538,0.462
5,3.5,right-hand,0.0768,0.9232
5,3.5,left-hand,0.9803,0.0197
5,3.5,left-hand,0.6383,0.3617
5,3.5,left-hand,0.8183,0.1817
5,3.5,right-hand,0.0259,0.9741
5,3.5,left-hand,0.9305,0.0695
5,3.5,left-hand,0.9632,0.0368
5,3.5,right-hand,0.3149,0.6851
5,3.5,right-hand,0.0198,0.9802
5,3.5,left-hand,0.9015,0.0985
5,3.5,right-hand,0.7565,0.2435
5,3.5,right-hand,0.1286,0.8714
5,3.5,left-hand,0.9454,0.0546
5,3.5,left-hand,0.9116,0.0884
5,3.5,right-hand,0.0375,0.9625
5,3.5,right-hand,0.1223,0.8777
5,3.5,left-hand,0.9682,0.0318
5,3.5,right-hand,0.0191,0.9809
5,3.5,left-hand,0.967,0.033
5,3.5,left-hand,0.0937,0.9063
5,3.5,right-hand,0.6358,0.3642
5,3.5,left-hand,0.8368,0.1632
5,3.5,right-hand,0.0105,0.9895
5,3.5,right-hand,0.0785,0.9215
5,3.5,right-hand,0.0618,0.9382
5,3.5,right-hand,0.2954,0.7046
5,3.5,left-hand,0.974,0.026
5,3.5,right-hand,0.2459,0.7541
5,3.5,left-hand,0.9756,0.0244
5,3.5,left-hand,0.7673,0.2327
5,3.5,left-hand,0.8854,0.1146
5,3.5,right-hand,0.3395,0.6605
5,3.5,right-hand,0.013,0.987
5,3.5,right-hand,0.0141,0.9859
5,3.5,left-hand,0.4578,0.5422
5,3.5,left-hand,0.8088,0.1912
5,3.5,right-hand,0.02,0.98
5,3.5,right-hand,0.0209,0.9791
5,3.5,right-hand,0.2188,0.7812
5,3.5,left-hand,0.2643,0.7357
5,3.5,left-hand,0.4768,0.5232
5,3.5,left-hand,0.2312,0.7688
5,3.5,left-hand,0.1026,0.8974
5,3.5,left-hand,0.4034,0.5966
5,3.5,left-hand,0.2911,0.7089
5,3.5,left-hand,0.0692,0.9308
5,3.5,right-hand,0.0212,0.9788
5,3.5,right-hand,0.1738,0.8262
5,3.5,right-hand,0.0074,0.9926
5,3.5,right-hand,0.0246,0.9754
5,3.5,left-hand,0.3922,0.6078
5,3.5,left-hand,0.4288,0.5712
5,3.5,right-hand,0.259,0.741
5,3.5,right-hand,0.0102,0.9898
5,3.5,left-hand,0.4293,0.5707
5,3.5,left-hand,0.1834,0.8166
5,3.5,left-hand,0.5727,0.4273
5,3.5,right-hand,0.0664,0.9336
5,3.5,left-hand,0.2975,0.7025
5,3.5,right-hand,0.0554,0.9446
5,3.5,left-hand,0.2247,0.7753
5,3.5,right-hand,0.1775,0.8225
5,3.5,right-hand,0.0584,0.9416
5,3.5,right-hand,0.0204,0.9796
5,3.5,left-hand,0.5478,0.4522
5,3.5,left-hand,0.1727,0.8273
5,3.5,right-hand,0.0333,0.9667
5,3.5,left-hand,0.5973,0.4027
5,3.5,left-hand,0.671,0.329
5,3.5,right-hand,0.0321,0.9679
5,3.5,right-hand,0.0614,0.9386
5,3.5,right-hand,0.0639,0.9361
5,3.5,left-hand,0.5275,0.4725
