fold,tmin,true_label,left-hand,right-hand
1,3.5,right-hand,0.4178,0.5822
1,3.5,left-hand,0.4019,0.5981
1,3.5,right-hand,0.5508,0.4492
1,3.5,right-hand,0.3551,0.6449
1,3.5,right-hand,0.3435,0.6565
1,3.5,left-hand,0.3842,0.6158
1,3.5,left-hand,0.5429,0.4571
1,3.5,left-hand,0.4436,0.5564
1,3.5,left-hand,0.3903,0.6097
1,3.5,right-hand,0.5429,0.4571
1,3.5,left-hand,0.334,0.666
1,3.5,right-hand,0.3349,0.6651
1,3.5,left-hand,0.0,1.0
1,3.5,left-hand,0.4126,0.5874
1,3.5,right-hand,0.3378,0.6622
1,3.5,right-hand,0.4715,0.5285
1,3.5,right-hand,0.5287,0.4713
1,3.5,left-hand,0.5057,0.4943
1,3.5,right-hand,0.4006,0.5994
1,3.5,right-hand,0.3803,0.6197
1,3.5,left-hand,0.9456,0.0544
1,3.5,right-hand,0.3656,0.6344
1,3.5,right-hand,0.4289,0.5711
1,3.5,left-hand,1.0,0.0
1,3.5,left-hand,0.3611,0.6389
1,3.5,left-hand,0.627,0.373
1,3.5,right-hand,0.351,0.649
1,3.5,right-hand,0.5589,0.4411
1,3.5,right-hand,0.3619,0.6381
1,3.5,left-hand,0.3541,0.6459
1,3.5,left-hand,0.3873,0.6127
1,3.5,left-hand,0.3995,0.6005
1,3.5,right-hand,0.3801,0.6199
1,3.5,left-hand,0.4822,0.5178
1,3.5,left-hand,0.4144,0.5856
1,3.5,right-hand,0.4701,0.5299
1,3.5,right-hand,0.6062,0.3938
1,3.5,left-hand,0.363,0.637
1,3.5,right-hand,0.3511,0.6489
1,3.5,left-hand,0.4173,0.5827
1,3.5,right-hand,0.3977,0.6023
1,3.5,left-hand,0.4242,0.5758
1,3.5,left-hand,0.4198,0.5802
1,3.5,right-hand,0.4105,0.5895
1,3.5,left-hand,0.4168,0.5832
1,3.5,left-hand,0.3835,0.6165
1,3.5,right-hand,0.6825,0.3175
1,3.5,right-hand,0.5524,0.4476
1,3.5,right-hand,0.4502,0.5498
1,3.5,right-hand,0.4472,0.5528
1,3.5,left-hand,0.5374,0.4626
1,3.5,left-hand,0.4761,0.5239
1,3.5,left-hand,0.4096,0.5904
1,3.5,right-hand,0.3556,0.6444
1,3.5,left-hand,0.4357,0.5643
1,3.5,left-hand,0.3907,0.6093
1,3.5,right-hand,0.396,0.604
1,3.5,right-hand,0.4043,0.5957
1,3.5,left-hand,0.5562,0.4438
1,3.5,left-hand,0.4013,0.5987
1,3.5,right-hand,0.4594,0.5406
1,3.5,right-hand,0.4189,0.5811
1,3.5,left-hand,0.3259,0.6741
1,3.5,right-hand,0.4438,0.5562
1,3.5,left-hand,0.5103,0.4897
1,3.5,right-hand,0.5377,0.4623
1,3.5,right-hand,0.437,0.563
1,3.5,left-hand,0.3586,0.6414
1,3.5,left-hand,0.3967,0.6033
1,3.5,left-hand,0.5029,0.4971
1,3.5,left-hand,0.4577,0.5423
1,3.5,right-hand,0.3675,0.6325
1,3.5,left-hand,0.4501,0.5499
1,3.5,right-hand,0.345,0.655
1,3.5,left-hand,0.4184,0.5816
1,3.5,left-hand,0.3769,0.6231
1,3.5,left-hand,0.3608,0.6392
1,3.5,left-hand,0.4426,0.5574
1,3.5,left-hand,0.3885,0.6115
1,3.5,right-hand,0.4137,0.5863
1,3.5,left-hand,0.5412,0.4588
1,3.5,right-hand,0.4168,0.5832
1,3.5,right-hand,0.5139,0.4861
1,3.5,right-hand,0.4976,0.5024
1,3.5,left-hand,0.3805,0.6195
1,3.5,right-hand,0.2936,0.7064
1,3.5,right-hand,0.4382,0.5618
1,3.5,right-hand,0.4637,0.5363
1,3.5,right-hand,0.5433,0.4567
1,3.5,left-hand,0.4818,0.5182
1,3.5,left-hand,0.4868,0.5132
1,3.5,left-hand,0.343,0.657
1,3.5,left-hand,0.3738,0.6262
1,3.5,right-hand,0.3486,0.6514
1,3.5,left-hand,0.4231,0.5769
1,3.5,right-hand,0.3436,0.6564
1,3.5,left-hand,0.5474,0.4526
1,3.5,left-hand,0.4392,0.5608
1,3.5,left-hand,0.2716,0.7284
1,3.5,left-hand,0.3512,0.6488
1,3.5,right-hand,0.5101,0.4899
1,3.5,right-hand,0.3227,0.6773
1,3.5,right-hand,0.3364,0.6636
1,3.5,left-hand,0.3405,0.6595
1,3.5,left-hand,0.3578,0.6422
1,3.5,right-hand,0.4189,0.5811
1,3.5,left-hand,0.3855,0.6145
1,3.5,right-hand,0.4132,0.5868
1,3.5,right-hand,0.3491,0.6509
1,3.5,left-hand,0.3794,0.6206
1,3.5,right-hand,0.4371,0.5629
1,3.5,left-hand,0.5347,0.4653
1,3.5,right-hand,0.0261,0.9739
1,3.5,right-hand,0.5412,0.4588
1,3.5,right-hand,0.5181,0.4819
1,3.5,right-hand,0.4608,0.5392
1,3.5,right-hand,0.3216,0.6784
1,3.5,left-hand,0.4973,0.5027
1,3.5,left-hand,0.3853,0.6147
1,3.5,right-hand,0.612,0.388
1,3.5,right-hand,0.4525,0.5475
1,3.5,left-hand,0.4521,0.5479
1,3.5,right-hand,0.3575,0.6425
1,3.5,right-hand,0.348,0.652
1,3.5,right-hand,0.3681,0.6319
1,3.5,right-hand,0.5921,0.4079
1,3.5,right-hand,0.3738,0.6262
1,3.5,left-hand,0.4405,0.5595
1,3.5,left-hand,0.43,0.57
1,3.5,left-hand,0.4103,0.5897
1,3.5,right-hand,0.5304,0.4696
1,3.5,right-hand,0.4333,0.5667
1,3.5,left-hand,0.4318,0.5682
1,3.5,left-hand,0.365,0.635
1,3.5,right-hand,0.4778,0.5222
1,3.5,right-hand,0.3623,0.6377
1,3.5,right-hand,0.4614,0.5386
1,3.5,left-hand,0.3822,0.6178
1,3.5,left-hand,0.4793,0.5207
1,3.5,left-hand,0.4315,0.5685
1,3.5,right-hand,0.4706,0.5294
1,3.5,right-hand,0.4255,0.5745
1,3.5,left-hand,0.5783,0.4217
1,3.5,left-hand,0.3502,0.6498
2,3.5,left-hand,0.4363,0.5637
2,3.5,left-hand,0.5659,0.4341
2,3.5,right-hand,0.5205,0.4795
2,3.5,left-hand,0.5343,0.4657
2,3.5,right-hand,0.6459,0.3541
2,3.5,right-hand,0.4494,0.5506
2,3.5,right-hand,0.4811,0.5189
2,3.5,right-hand,0.8244,0.1756
2,3.5,left-hand,0.7613,0.2387
2,3.5,right-hand,0.4611,0.5389
2,3.5,left-hand,0.4761,0.5239
2,3.5,left-hand,0.5541,0.4459
2,3.5,left-hand,0.5077,0.4923
2,3.5,right-hand,0.6697,0.3303
2,3.5,left-hand,0.6366,0.3634
2,3.5,right-hand,0.5132,0.4868
2,3.5,right-hand,0.605,0.395
2,3.5,left-hand,0.5756,0.4244
2,3.5,right-hand,0.7744,0.2256
2,3.5,left-hand,0.4387,0.5613
2,3.5,right-hand,0.6861,0.3139
2,3.5,left-hand,0.5558,0.4442
2,3.5,right-hand,0.727,0.273
2,3.5,left-hand,0.6317,0.3683
2,3.5,right-hand,0.5376,0.4624
2,3.5,right-hand,0.5823,0.4177
2,3.5,left-hand,0.4749,0.5251
2,3.5,right-hand,0.4451,0.5549
2,3.5,right-hand,0.5134,0.4866
2,3.5,right-hand,0.5925,0.4075
2,3.5,right-hand,0.6143,0.3857
2,3.5,left-hand,0.4346,0.5654
2,3.5,right-hand,1.0,0.0
2,3.5,left-hand,0.5966,0.4034
2,3.5,left-hand,0.6986,0.3014
2,3.5,right-hand,0.4483,0.5517
2,3.5,left-hand,0.6337,0.3663
2,3.5,left-hand,0.5955,0.4045
2,3.5,right-hand,0.6771,0.3229
2,3.5,left-hand,0.4428,0.5572
2,3.5,right-hand,0.5644,0.4356
2,3.5,right-hand,0.5306,0.4694
2,3.5,right-hand,0.4827,0.5173
2,3.5,right-hand,0.428,0.572
2,3.5,left-hand,0.4935,0.5065
2,3.5,left-hand,0.4784,0.5216
2,3.5,left-hand,0.5055,0.4945
2,3.5,right-hand,0.5731,0.4269
2,3.5,right-hand,0.5057,0.4943
2,3.5,left-hand,0.6186,0.3814
2,3.5,right-hand,0.4823,0.5177
2,3.5,right-hand,0.5312,0.4688
2,3.5,left-hand,0.9996,0.0004
2,3.5,right-hand,0.4587,0.5413
2,3.5,right-hand,0.804,0.196
2,3.5,left-hand,0.5757,0.4243
2,3.5,right-hand,0.506,0.494
2,3.5,right-hand,0.4438,0.5562
2,3.5,right-hand,0.5569,0.4431
2,3.5,left-hand,0.5868,0.4132
2,3.5,right-hand,0.49,0.51
2,3.5,left-hand,0.4906,0.5094
2,3.5,right-hand,0.6141,0.3859
2,3.5,left-hand,0.4901,0.5099
2,3.5,right-hand,0.4971,0.5029
2,3.5,left-hand,0.5979,0.4021
2,3.5,left-hand,0.4613,0.5387
2,3.5,right-hand,0.7047,0.2953
2,3.5,left-hand,0.4757,0.5243
2,3.5,right-hand,0.5825,0.4175
2,3.5,left-hand,0.5102,0.4898
2,3.5,right-hand,0.6355,0.3645
2,3.5,right-hand,0.4584,0.5416
2,3.5,left-hand,0.533,0.467
2,3.5,right-hand,0.4862,0.5138
2,3.5,right-hand,0.5262,0.4738
2,3.5,left-hand,0.4279,0.5721
2,3.5,left-hand,0.5608,0.4392
2,3.5,right-hand,0.6261,0.3739
2,3.5,right-hand,0.5568,0.4432
2,3.5,left-hand,0.5546,0.4454
2,3.5,left-hand,0.6708,0.3292
2,3.5,right-hand,0.4623,0.5377
2,3.5,right-hand,0.5411,0.4589
2,3.5,right-hand,0.5975,0.4025
2,3.5,left-hand,0.5721,0.4279
2,3.5,left-hand,0.4715,0.5285
2,3.5,left-hand,0.6053,0.3947
2,3.5,right-hand,0.5694,0.4306
2,3.5,left-hand,0.5062,0.4938
2,3.5,left-hand,0.7285,0.2715
2,3.5,left-hand,0.4461,0.5539
2,3.5,right-hand,0.6275,0.3725
2,3.5,left-hand,0.6077,0.3923
2,3.5,right-hand,0.4715,0.5285
2,3.5,left-hand,0.583,0.417
2,3.5,left-hand,0.4343,0.5657
2,3.5,right-hand,0.5275,0.4725
2,3.5,left-hand,0.4597,0.5403
2,3.5,right-hand,0.7676,0.2324
2,3.5,right-hand,0.4769,0.5231
2,3.5,right-hand,0.6444,0.3556
2,3.5,right-hand,0.461,0.539
2,3.5,left-hand,0.4131,0.5869
2,3.5,left-hand,0.6422,0.3578
2,3.5,right-hand,0.6394,0.3606
2,3.5,right-hand,0.5398,0.4602
2,3.5,left-hand,0.4874,0.5126
2,3.5,right-hand,0.2143,0.7857
2,3.5,right-hand,0.4686,0.5314
2,3.5,right-hand,0.4518,0.5482
2,3.5,left-hand,0.4424,0.5576
2,3.5,left-hand,0.5936,0.4064
2,3.5,left-hand,0.4528,0.5472
2,3.5,left-hand,0.4819,0.5181
2,3.5,left-hand,0.5774,0.4226
2,3.5,left-hand,0.4845,0.5155
2,3.5,left-hand,0.4837,0.5163
2,3.5,right-hand,0.6701,0.3299
2,3.5,right-hand,0.684,0.316
2,3.5,left-hand,0.4286,0.5714
2,3.5,right-hand,0.5141,0.4859
2,3.5,left-hand,0.4949,0.5051
2,3.5,left-hand,0.4691,0.5309
2,3.5,left-hand,0.6706,0.3294
2,3.5,right-hand,0.6116,0.3884
2,3.5,left-hand,0.7947,0.2053
2,3.5,left-hand,0.5389,0.4611
2,3.5,left-hand,0.497,0.503
2,3.5,left-hand,0.4835,0.5165
2,3.5,right-hand,0.4873,0.5127
2,3.5,left-hand,0.4946,0.5054
2,3.5,left-hand,0.596,0.404
2,3.5,left-hand,0.4792,0.5208
2,3.5,left-hand,0.4971,0.5029
2,3.5,right-hand,0.4542,0.5458
2,3.5,right-hand,0.5009,0.4991
2,3.5,right-hand,0.4818,0.5182
2,3.5,right-hand,0.4847,0.5153
2,3.5,left-hand,0.6634,0.3366
2,3.5,left-hand,0.4782,0.5218
2,3.5,left-hand,0.5335,0.4665
2,3.5,right-hand,0.6515,0.3485
2,3.5,right-hand,0.4436,0.5564
3,3.5,left-hand,0.3948,0.6052
3,3.5,left-hand,0.4543,0.5457
3,3.5,right-hand,0.0061,0.9939
3,3.5,right-hand,0.4868,0.5132
3,3.5,left-hand,0.6,0.4
3,3.5,left-hand,0.436,0.564
3,3.5,left-hand,0.4458,0.5542
3,3.5,right-hand,0.5165,0.4835
3,3.5,left-hand,0.2117,0.7883
3,3.5,left-hand,0.4271,0.5729
3,3.5,right-hand,0.4592,0.5408
3,3.5,left-hand,0.3728,0.6272
3,3.5,left-hand,0.4117,0.5883
3,3.5,right-hand,0.4527,0.5473
3,3.5,right-hand,0.302,0.698
3,3.5,left-hand,0.4439,0.5561
3,3.5,left-hand,0.5019,0.4981
3,3.5,left-hand,0.4942,0.5058
3,3.5,left-hand,0.4128,0.5872
3,3.5,right-hand,0.4611,0.5389
3,3.5,right-hand,0.5159,0.4841
3,3.5,left-hand,0.4763,0.5237
3,3.5,left-hand,0.5301,0.4699
3,3.5,left-hand,0.5113,0.4887
3,3.5,right-hand,0.4751,0.5249
3,3.5,right-hand,0.4497,0.5503
3,3.5,right-hand,0.5259,0.4741
3,3.5,right-hand,0.499,0.501
3,3.5,left-hand,0.3599,0.6401
3,3.5,right-hand,0.5298,0.4702
3,3.5,right-hand,0.4857,0.5143
3,3.5,right-hand,0.4802,0.5198
3,3.5,right-hand,0.5266,0.4734
3,3.5,left-hand,0.5104,0.4896
3,3.5,left-hand,0.5643,0.4357
3,3.5,right-hand,0.4149,0.5851
3,3.5,left-hand,0.5504,0.4496
3,3.5,right-hand,0.5061,0.4939
3,3.5,right-hand,0.6183,0.3817
3,3.5,right-hand,0.5219,0.4781
3,3.5,left-hand,0.5183,0.4817
3,3.5,left-hand,0.4622,0.5378
3,3.5,right-hand,0.4136,0.5864
3,3.5,right-hand,0.4118,0.5882
3,3.5,right-hand,0.4782,0.5218
3,3.5,left-hand,0.4363,0.5637
3,3.5,right-hand,0.4242,0.5758
3,3.5,left-hand,0.5198,0.4802
3,3.5,left-hand,0.5039,0.4961
3,3.5,right-hand,0.3573,0.6427
3,3.5,left-hand,0.4876,0.5124
3,3.5,left-hand,0.4735,0.5265
3,3.5,left-hand,0.3864,0.6136
3,3.5,left-hand,0.5004,0.4996
3,3.5,right-hand,0.5293,0.4707
3,3.5,right-hand,0.3335,0.6665
3,3.5,left-hand,0.3503,0.6497
3,3.5,right-hand,0.4985,0.5015
3,3.5,right-hand,0.5032,0.4968
3,3.5,right-hand,0.3927,0.6073
3,3.5,left-hand,0.428,0.572
3,3.5,left-hand,0.3508,0.6492
3,3.5,left-hand,0.353,0.647
3,3.5,right-hand,0.5664,0.4336
3,3.5,left-hand,0.4968,0.5032
3,3.5,left-hand,0.4638,0.5362
3,3.5,right-hand,0.3695,0.6305
3,3.5,right-hand,0.5382,0.4618
3,3.5,left-hand,0.5041,0.4959
3,3.5,right-hand,0.4628,0.5372
3,3.5,right-hand,0.4578,0.5422
3,3.5,right-hand,0.5465,0.4535
3,3.5,right-hand,0.4614,0.5386
3,3.5,right-hand,0.4207,0.5793
3,3.5,left-hand,0.5627,0.4373
3,3.5,left-hand,0.3976,0.6024
3,3.5,right-hand,0.4263,0.5737
3,3.5,left-hand,0.5131,0.4869
3,3.5,right-hand,0.4757,0.5243
3,3.5,left-hand,0.3918,0.6082
3,3.5,right-hand,0.4374,0.5626
3,3.5,left-hand,0.5543,0.4457
3,3.5,left-hand,0.511,0.489
3,3.5,left-hand,0.5129,0.4871
3,3.5,left-hand,0.4649,0.5351
3,3.5,left-hand,0.4184,0.5816
3,3.5,right-hand,0.4546,0.5454
3,3.5,left-hand,0.3823,0.6177
3,3.5,left-hand,0.4243,0.5757
3,3.5,right-hand,0.5345,0.4655
3,3.5,right-hand,0.4275,0.5725
3,3.5,right-hand,0.4372,0.5628
3,3.5,right-hand,0.3815,0.6185
3,3.5,right-hand,0.5203,0.4797
3,3.5,left-hand,0.5653,0.4347
3,3.5,right-hand,0.4033,0.5967
3,3.5,right-hand,0.3418,0.6582
3,3.5,left-hand,0.5535,0.4465
3,3.5,left-hand,0.4083,0.5917
3,3.5,left-hand,0.4538,0.5462
3,3.5,left-hand,0.3989,0.6011
3,3.5,left-hand,0.3346,0.6654
3,3.5,left-hand,0.4581,0.5419
3,3.5,left-hand,0.4909,0.5091
3,3.5,right-hand,0.3605,0.6395
3,3.5,right-hand,0.3892,0.6108
3,3.5,right-hand,0.4003,0.5997
3,3.5,right-hand,0.5342,0.4658
3,3.5,left-hand,0.3621,0.6379
3,3.5,right-hand,0.3922,0.6078
3,3.5,right-hand,0.4394,0.5606
3,3.5,left-hand,0.5333,0.4667
3,3.5,left-hand,0.5248,0.4752
3,3.5,left-hand,0.4797,0.5203
3,3.5,right-hand,0.4546,0.5454
3,3.5,left-hand,0.5456,0.4544
3,3.5,right-hand,0.4461,0.5539
3,3.5,right-hand,0.4582,0.5418
3,3.5,right-hand,0.445,0.555
3,3.5,right-hand,0.3986,0.6014
3,3.5,right-hand,0.4766,0.5234
3,3.5,left-hand,0.4481,0.5519
3,3.5,left-hand,0.3883,0.6117
3,3.5,left-hand,0.4956,0.5044
3,3.5,right-hand,0.5024,0.4976
3,3.5,left-hand,0.3745,0.6255
3,3.5,right-hand,0.4401,0.5599
3,3.5,right-hand,0.4065,0.5935
3,3.5,right-hand,0.3859,0.6141
3,3.5,right-hand,0.3822,0.6178
3,3.5,left-hand,0.3476,0.6524
3,3.5,right-hand,0.4447,0.5553
3,3.5,left-hand,0.348,0.652
3,3.5,left-hand,0.4651,0.5349
3,3.5,right-hand,0.4727,0.5273
3,3.5,right-hand,0.5164,0.4836
3,3.5,right-hand,0.4226,0.5774
3,3.5,left-hand,0.4688,0.5312
3,3.5,right-hand,0.3447,0.6553
3,3.5,left-hand,0.4317,0.5683
3,3.5,left-hand,0.5533,0.4467
3,3.5,left-hand,0.5575,0.4425
3,3.5,right-hand,0.4248,0.5752
3,3.5,left-hand,0.9977,0.0023
4,3.5,right-hand,0.5388,0.4612
4,3.5,left-hand,0.5094,0.4906
4,3.5,right-hand,0.444,0.556
4,3.5,left-hand,0.4365,0.5635
4,3.5,left-hand,0.4215,0.5785
4,3.5,right-hand,0.4891,0.5109
4,3.5,right-hand,0.4522,0.5478
4,3.5,left-hand,0.4274,0.5726
4,3.5,right-hand,0.5097,0.4903
4,3.5,right-hand,0.4183,0.5817
4,3.5,right-hand,0.4781,0.5219
4,3.5,left-hand,0.5394,0.4606
4,3.5,left-hand,0.5112,0.4888
4,3.5,right-hand,0.4584,0.5416
4,3.5,left-hand,0.4719,0.5281
4,3.5,left-hand,0.4326,0.5674
4,3.5,right-hand,0.5024,0.4976
4,3.5,right-hand,0.4361,0.5639
4,3.5,right-hand,0.5037,0.4963
4,3.5,left-hand,0.4507,0.5493
4,3.5,right-hand,0.5356,0.4644
4,3.5,left-hand,0.4497,0.5503
4,3.5,left-hand,0.4988,0.5012
4,3.5,left-hand,0.4709,0.5291
4,3.5,right-hand,0.4224,0.5776
4,3.5,left-hand,0.5407,0.4593
4,3.5,left-hand,0.4723,0.5277
4,3.5,left-hand,0.4199,0.5801
4,3.5,left-hand,0.4289,0.5711
4,3.5,left-hand,0.4518,0.5482
4,3.5,left-hand,0.4386,0.5614
4,3.5,right-hand,0.4515,0.5485
4,3.5,right-hand,0.5228,0.4772
4,3.5,right-hand,0.4821,0.5179
4,3.5,left-hand,0.557,0.443
4,3.5,left-hand,0.5811,0.4189
4,3.5,right-hand,0.4707,0.5293
4,3.5,right-hand,0.3821,0.6179
4,3.5,left-hand,0.572,0.428
4,3.5,right-hand,0.4754,0.5246
4,3.5,left-hand,0.5429,0.4571
4,3.5,right-hand,0.058,0.942
4,3.5,left-hand,0.5069,0.4931
4,3.5,left-hand,0.439,0.561
4,3.5,left-hand,0.4619,0.5381
4,3.5,right-hand,0.4256,0.5744
4,3.5,right-hand,0.414,0.586
4,3.5,left-hand,0.2353,0.7647
4,3.5,right-hand,0.3933,0.6067
4,3.5,right-hand,0.418,0.582
4,3.5,right-hand,0.4723,0.5277
4,3.5,left-hand,0.5122,0.4878
4,3.5,left-hand,0.4068,0.5932
4,3.5,right-hand,0.4677,0.5323
4,3.5,left-hand,0.504,0.496
4,3.5,right-hand,0.4778,0.5222
4,3.5,right-hand,0.428,0.572
4,3.5,right-hand,0.4365,0.5635
4,3.5,left-hand,0.4414,0.5586
4,3.5,right-hand,0.4662,0.5338
4,3.5,left-hand,0.5273,0.4727
4,3.5,left-hand,0.4084,0.5916
4,3.5,left-hand,0.5053,0.4947
4,3.5,right-hand,0.4408,0.5592
4,3.5,left-hand,0.502,0.498
4,3.5,right-hand,0.3782,0.6218
4,3.5,right-hand,0.4774,0.5226
4,3.5,left-hand,0.4967,0.5033
4,3.5,left-hand,0.4989,0.5011
4,3.5,left-hand,0.4503,0.5497
4,3.5,right-hand,0.3828,0.6172
4,3.5,left-hand,0.3928,0.6072
4,3.5,left-hand,0.4162,0.5838
4,3.5,right-hand,0.451,0.549
4,3.5,right-hand,0.551,0.449
4,3.5,right-hand,0.4166,0.5834
4,3.5,left-hand,0.9977,0.0023
4,3.5,right-hand,0.4514,0.5486
4,3.5,right-hand,0.2094,0.7906
4,3.5,right-hand,0.4536,0.5464
4,3.5,left-hand,0.5568,0.4432
4,3.5,right-hand,0.479,0.521
4,3.5,left-hand,0.3777,0.6223
4,3.5,right-hand,0.3978,0.6022
4,3.5,right-hand,0.5552,0.4448
4,3.5,left-hand,0.4743,0.5257
4,3.5,right-hand,0.5222,0.4778
4,3.5,left-hand,0.5128,0.4872
4,3.5,right-hand,0.4796,0.5204
4,3.5,right-hand,0.4897,0.5103
4,3.5,left-hand,0.3929,0.6071
4,3.5,left-hand,0.3994,0.6006
4,3.5,right-hand,0.3835,0.6165
4,3.5,right-hand,0.5435,0.4565
4,3.5,left-hand,0.4303,0.5697
4,3.5,right-hand,0.4695,0.5305
4,3.5,left-hand,0.5099,0.4901
4,3.5,right-hand,0.4147,0.5853
4,3.5,right-hand,0.4075,0.5925
4,3.5,left-hand,0.4547,0.5453
4,3.5,left-hand,0.5368,0.4632
4,3.5,right-hand,0.3865,0.6135
4,3.5,left-hand,0.4223,0.5777
4,3.5,left-hand,0.4996,0.5004
4,3.5,left-hand,0.4144,0.5856
4,3.5,left-hand,0.4983,0.5017
4,3.5,left-hand,0.4502,0.5498
4,3.5,left-hand,0.4007,0.5993
4,3.5,right-hand,0.3665,0.6335
4,3.5,right-hand,0.4714,0.5286
4,3.5,left-hand,0.5586,0.4414
4,3.5,right-hand,0.4233,0.5767
4,3.5,left-hand,0.4722,0.5278
4,3.5,left-hand,0.3891,0.6109
4,3.5,right-hand,0.5385,0.4615
4,3.5,right-hand,0.4205,0.5795
4,3.5,right-hand,0.5618,0.4382
4,3.5,left-hand,0.4118,0.5882
4,3.5,left-hand,0.4908,0.5092
4,3.5,left-hand,0.4469,0.5531
4,3.5,left-hand,0.5412,0.4588
4,3.5,right-hand,0.5404,0.4596
4,3.5,right-hand,0.4616,0.5384
4,3.5,right-hand,0.5375,0.4625
4,3.5,right-hand,0.4661,0.5339
4,3.5,left-hand,0.4276,0.5724
4,3.5,right-hand,0.3785,0.6215
4,3.5,right-hand,0.5492,0.4508
4,3.5,left-hand,0.495,0.505
4,3.5,right-hand,0.4252,0.5748
4,3.5,left-hand,0.5187,0.4813
4,3.5,left-hand,0.47,0.53
4,3.5,right-hand,0.4991,0.5009
4,3.5,left-hand,0.5642,0.4358
4,3.5,left-hand,0.3923,0.6077
4,3.5,right-hand,0.4807,0.5193
4,3.5,left-hand,0.3952,0.6048
4,3.5,right-hand,0.4961,0.5039
4,3.5,right-hand,0.4568,0.5432
4,3.5,right-hand,0.4093,0.5907
4,3.5,right-hand,0.3942,0.6058
4,3.5,left-hand,0.5197,0.4803
4,3.5,left-hand,0.5312,0.4688
4,3.5,right-hand,0.4814,0.5186
5,3.5,right-hand,0.4398,0.5602
5,3.5,left-hand,0.431,0.569
5,3.5,left-hand,0.4139,0.5861
5,3.5,right-hand,0.5007,0.4993
5,3.5,right-hand,0.3858,0.6142
5,3.5,right-hand,0.5109,0.4891
5,3.5,left-hand,0.4626,0.5374
5,3.5,left-hand,0.3246,0.6754
5,3.5,right-hand,0.4363,0.5637
5,3.5,left-hand,0.4286,0.5714
5,3.5,right-hand,0.3729,0.6271
5,3.5,right-hand,0.5027,0.4973
5,3.5,right-hand,0.3493,0.6507
5,3.5,left-hand,0.397,0.603
5,3.5,left-hand,0.3514,0.6486
5,3.5,right-hand,0.4035,0.5965
5,3.5,right-hand,0.3024,0.6976
5,3.5,right-hand,0.3909,0.6091
5,3.5,left-hand,0.4088,0.5912
5,3.5,left-hand,0.7927,0.2073
5,3.5,right-hand,0.3889,0.6111
5,3.5,left-hand,0.4683,0.5317
5,3.5,left-hand,0.445,0.555
5,3.5,left-hand,0.3823,0.6177
5,3.5,right-hand,0.4109,0.5891
5,3.5,left-hand,0.4209,0.5791
5,3.5,left-hand,0.4598,0.5402
5,3.5,left-hand,0.3523,0.6477
5,3.5,right-hand,0.4754,0.5246
5,3.5,right-hand,0.4588,0.5412
5,3.5,right-hand,0.4785,0.5215
5,3.5,right-hand,0.4707,0.5293
5,3.5,right-hand,0.4406,0.5594
5,3.5,left-hand,0.5415,0.4585
5,3.5,left-hand,0.3562,0.6438
5,3.5,left-hand,0.3461,0.6539
5,3.5,right-hand,0.3613,0.6387
5,3.5,right-hand,0.3704,0.6296
5,3.5,left-hand,0.3806,0.6194
5,3.5,right-hand,0.4503,0.5497
5,3.5,left-hand,0.4857,0.5143
5,3.5,right-hand,0.4442,0.5558
5,3.5,right-hand,0.4539,0.5461
5,3.5,left-hand,0.4306,0.5694
5,3.5,left-hand,0.5078,0.4922
5,3.5,left-hand,0.4595,0.5405
5,3.5,left-hand,0.3959,0.6041
5,3.5,left-hand,0.4077,0.5923
5,3.5,right-hand,0.4986,0.5014
5,3.5,left-hand,0.4993,0.5007
5,3.5,left-hand,0.5187,0.4813
5,3.5,right-hand,0.5199,0.4801
5,3.5,right-hand,0.4225,0.5775
5,3.5,left-hand,0.4988,0.5012
5,3.5,right-hand,0.5082,0.4918
5,3.5,right-hand,0.485,0.515
5,3.5,left-hand,0.5432,0.4568
5,3.5,left-hand,0.9211,0.0789
5,3.5,left-hand,0.3039,0.6961
5,3.5,left-hand,0.4673,0.5327
5,3.5,left-hand,0.5218,0.4782
5,3.5,left-hand,0.3874,0.6126
5,3.5,left-hand,0.3922,0.6078
5,3.5,right-hand,0.3404,0.6596
5,3.5,right-hand,0.4415,0.5585
5,3.5,left-hand,0.3823,0.6177
5,3.5,right-hand,0.3738,0.6262
5,3.5,right-hand,0.3393,0.6607
5,3.5,right-hand,0.4016,0.5984
5,3.5,left-hand,0.5324,0.4676
5,3.5,right-hand,0.5254,0.4746
5,3.5,left-hand,0.5137,0.4863
5,3.5,right-hand,0.5356,0.4644
5,3.5,right-hand,0.3891,0.6109
5,3.5,right-hand,0.5106,0.4894
5,3.5,right-hand,0.4864,0.5136
5,3.5,left-hand,0.4592,0.5408
5,3.5,left-hand,0.3193,0.6807
5,3.5,left-hand,0.5264,0.4736
5,3.5,left-hand,0.385,0.615
5,3.5,left-hand,0.3703,0.6297
5,3.5,right-hand,0.47,0.53
5,3.5,left-hand,0.395,0.605
5,3.5,right-hand,0.4262,0.5738
5,3.5,left-hand,0.5355,0.4645
5,3.5,right-hand,0.4327,0.5673
5,3.5,right-hand,0.5341,0.4659
5,3.5,left-hand,0.4488,0.5512
5,3.5,right-hand,0.4328,0.5672
5,3.5,right-hand,0.4241,0.5759
5,3.5,left-hand,0.3788,0.6212
5,3.5,right-hand,0.4952,0.5048
5,3.5,right-hand,0.4349,0.5651
5,3.5,left-hand,0.4799,0.5201
5,3.5,left-hand,0.4046,0.5954
5,3.5,left-hand,0.4545,0.5455
5,3.5,right-hand,0.3524,0.6476
5,3.5,right-hand,0.3822,0.6178
5,3.5,right-hand,0.4656,0.5344
5,3.5,right-hand,0.3679,0.6321
5,3.5,right-hand,0.4244,0.5756
5,3.5,left-hand,0.416,0.584
5,3.5,right-hand,0.2699,0.7301
5,3.5,left-hand,0.3775,0.6225
5,3.5,left-hand,0.4107,0.5893
5,3.5,left-hand,0.5012,0.4988
5,3.5,left-hand,0.325,0.675
5,3.5,left-hand,0.3567,0.6433
5,3.5,right-hand,0.4391,0.5609
5,3.5,right-hand,0.3669,0.6331
5,3.5,left-hand,0.4326,0.5674
5,3.5,left-hand,0.4606,0.5394
5,3.5,left-hand,0.5179,0.4821
5,3.5,right-hand,0.4283,0.5717
5,3.5,right-hand,0.4593,0.5407
5,3.5,right-hand,0.4534,0.5466
5,3.5,right-hand,0.4151,0.5849
5,3.5,right-hand,0.4926,0.5074
5,3.5,right-hand,0.4225,0.5775
5,3.5,left-hand,0.5133,0.4867
5,3.5,left-hand,0.4916,0.5084
5,3.5,left-hand,0.4869,0.5131
5,3.5,right-hand,0.4485,0.5515
5,3.5,left-hand,0.4454,0.5546
5,3.5,right-hand,0.4111,0.5889
5,3.5,left-hand,0.4355,0.5645
5,3.5,right-hand,0.3294,0.6706
5,3.5,right-hand,0.3682,0.6318
5,3.5,left-hand,0.4091,0.5909
5,3.5,right-hand,0.3875,0.6125
5,3.5,left-hand,0.4598,0.5402
5,3.5,right-hand,0.3792,0.6208
5,3.5,right-hand,0.4377,0.5623
5,3.5,left-hand,0.4543,0.5457
5,3.5,left-hand,0.4631,0.5369
5,3.5,left-hand,0.3142,0.6858
5,3.5,right-hand,0.5013,0.4987
5,3.5,right-hand,0.4208,0.5792
5,3.5,right-hand,0.4193,0.5807
5,3.5,left-hand,0.5386,0.4614
5,3.5,right-hand,0.3748,0.6252
5,3.5,left-hand,0.3516,0.6484
5,3.5,left-hand,0.4957,0.5043
5,3.5,right-hand,0.4601,0.5399
