fold,tmin,true_label,left-hand,right-hand
1,2.5,left-hand,0.5435,0.4565
1,2.5,left-hand,0.6621,0.3379
1,2.5,right-hand,0.0882,0.9118
1,2.5,right-hand,0.1609,0.8391
1,2.5,left-hand,0.0556,0.9444
1,2.5,right-hand,0.31,0.69
1,2.5,right-hand,0.0902,0.9098
1,2.5,left-hand,0.1107,0.8893
1,2.5,left-hand,0.0915,0.9085
1,2.5,right-hand,0.2517,0.7483
1,2.5,right-hand,0.5157,0.4843
1,2.5,left-hand,0.0645,0.9355
1,2.5,left-hand,0.0206,0.9794
1,2.5,right-hand,0.14,0.86
1,2.5,left-hand,0.0362,0.9638
1,2.5,left-hand,0.0337,0.9663
1,2.5,left-hand,0.6761,0.3239
1,2.5,right-hand,0.4319,0.5681
1,2.5,right-hand,0.0621,0.9379
1,2.5,right-hand,0.1907,0.8093
1,2.5,left-hand,0.377,0.623
1,2.5,left-hand,0.4729,0.5271
1,2.5,right-hand,0.1395,0.8605
1,2.5,left-hand,0.082,0.918
1,2.5,left-hand,0.2434,0.7566
1,2.5,left-hand,0.5419,0.4581
1,2.5,left-hand,0.297,0.703
1,2.5,right-hand,0.4669,0.5331
1,2.5,right-hand,0.0273,0.9727
1,2.5,left-hand,0.0316,0.9684
1,2.5,right-hand,0.0719,0.9281
1,2.5,right-hand,0.539,0.461
1,2.5,right-hand,0.1457,0.8543
1,2.5,right-hand,0.0386,0.9614
1,2.5,left-hand,0.0527,0.9473
1,2.5,left-hand,0.2163,0.7837
1,2.5,right-hand,0.3234,0.6766
1,2.5,right-hand,0.9395,0.0605
1,2.5,left-hand,0.4135,0.5865
1,2.5,left-hand,0.3193,0.6807
1,2.5,right-hand,0.3001,0.6999
1,2.5,left-hand,0.2385,0.7615
1,2.5,left-hand,0.5949,0.4051
1,2.5,right-hand,0.5751,0.4249
1,2.5,left-hand,0.0219,0.9781
1,2.5,left-hand,0.6788,0.3212
1,2.5,right-hand,0.3396,0.6604
1,2.5,right-hand,0.4129,0.5871
1,2.5,right-hand,0.5987,0.4013
1,2.5,left-hand,0.7165,0.2835
1,2.5,right-hand,0.3856,0.6144
1,2.5,right-hand,0.7024,0.2976
1,2.5,right-hand,0.1169,0.8831
1,2.5,left-hand,0.0967,0.9033
1,2.5,right-hand,0.1479,0.8521
1,2.5,left-hand,0.0975,0.9025
1,2.5,right-hand,0.1872,0.8128
1,2.5,left-hand,0.265,0.735
2,2.5,right-hand,0.1522,0.8478
2,2.5,left-hand,0.3289,0.6711
2,2.5,right-hand,0.0747,0.9253
2,2.5,right-hand,0.0,1.0
2,2.5,right-hand,0.0114,0.9886
2,2.5,left-hand,0.3845,0.6155
2,2.5,right-hand,0.0984,0.9016
2,2.5,right-hand,0.7129,0.2871
2,2.5,right-hand,0.5672,0.4328
2,2.5,left-hand,0.2026,0.7974
2,2.5,right-hand,0.0384,0.9616
2,2.5,left-hand,0.0204,0.9796
2,2.5,left-hand,0.015,0.985
2,2.5,left-hand,0.4646,0.5354
2,2.5,right-hand,0.2241,0.7759
2,2.5,left-hand,0.1809,0.8191
2,2.5,left-hand,0.0151,0.9849
2,2.5,right-hand,0.0726,0.9274
2,2.5,left-hand,0.3798,0.6202
2,2.5,right-hand,0.0044,0.9956
2,2.5,left-hand,0.2486,0.7514
2,2.5,right-hand,0.0475,0.9525
2,2.5,right-hand,0.2276,0.7724
2,2.5,left-hand,0.2078,0.7922
2,2.5,left-hand,0.1916,0.8084
2,2.5,right-hand,0.0445,0.9555
2,2.5,left-hand,0.0176,0.9824
2,2.5,right-hand,0.0201,0.9799
2,2.5,left-hand,0.0796,0.9204
2,2.5,right-hand,0.7694,0.2306
2,2.5,left-hand,0.257,0.743
2,2.5,left-hand,0.0621,0.9379
2,2.5,right-hand,0.5379,0.4621
2,2.5,left-hand,0.462,0.538
2,2.5,right-hand,0.3206,0.6794
2,2.5,left-hand,0.0071,0.9929
2,2.5,right-hand,0.1181,0.8819
2,2.5,left-hand,0.0061,0.9939
2,2.5,right-hand,0.0286,0.9714
2,2.5,right-hand,0.1542,0.8458
2,2.5,left-hand,0.1773,0.8227
2,2.5,left-hand,0.4664,0.5336
2,2.5,left-hand,0.0051,0.9949
2,2.5,right-hand,0.364,0.636
2,2.5,left-hand,0.0271,0.9729
2,2.5,right-hand,0.1519,0.8481
2,2.5,left-hand,0.0422,0.9578
2,2.5,left-hand,0.1495,0.8505
2,2.5,right-hand,0.018,0.982
2,2.5,left-hand,0.0102,0.9898
2,2.5,right-hand,0.5909,0.4091
2,2.5,right-hand,0.4094,0.5906
2,2.5,left-hand,0.4542,0.5458
2,2.5,right-hand,0.0065,0.9935
2,2.5,left-hand,0.6605,0.3395
2,2.5,left-hand,0.5072,0.4928
2,2.5,right-hand,0.7568,0.2432
2,2.5,right-hand,0.8985,0.1015
3,2.5,left-hand,0.0768,0.9232
3,2.5,right-hand,0.1934,0.8066
3,2.5,left-hand,0.0343,0.9657
3,2.5,left-hand,0.0046,0.9954
3,2.5,left-hand,0.3218,0.6782
3,2.5,right-hand,0.3668,0.6332
3,2.5,right-hand,0.1259,0.8741
3,2.5,left-hand,0.1417,0.8583
3,2.5,left-hand,0.0024,0.9976
3,2.5,right-hand,0.0505,0.9495
3,2.5,left-hand,0.0076,0.9924
3,2.5,right-hand,0.0951,0.9049
3,2.5,right-hand,0.2579,0.7421
3,2.5,right-hand,0.2987,0.7013
3,2.5,right-hand,0.0,1.0
3,2.5,left-hand,0.0245,0.9755
3,2.5,left-hand,0.1412,0.8588
3,2.5,right-hand,0.1096,0.8904
3,2.5,left-hand,0.4061,0.5939
3,2.5,right-hand,0.0916,0.9084
3,2.5,left-hand,0.2065,0.7935
3,2.5,right-hand,0.0773,0.9227
3,2.5,left-hand,0.2154,0.7846
3,2.5,left-hand,0.0232,0.9768
3,2.5,right-hand,0.1,0.9
3,2.5,right-hand,0.0096,0.9904
3,2.5,left-hand,0.038,0.962
3,2.5,right-hand,0.325,0.675
3,2.5,left-hand,0.2264,0.7736
3,2.5,left-hand,0.0277,0.9723
3,2.5,right-hand,0.4084,0.5916
3,2.5,left-hand,0.1206,0.8794
3,2.5,right-hand,0.2585,0.7415
3,2.5,left-hand,0.0493,0.9507
3,2.5,left-hand,0.0113,0.9887
3,2.5,right-hand,0.0118,0.9882
3,2.5,left-hand,0.0323,0.9677
3,2.5,right-hand,0.2226,0.7774
3,2.5,left-hand,0.2235,0.7765
3,2.5,right-hand,0.0231,0.9769
3,2.5,right-hand,0.0022,0.9978
3,2.5,right-hand,0.0149,0.9851
3,2.5,left-hand,0.0168,0.9832
3,2.5,right-hand,0.0173,0.9827
3,2.5,left-hand,0.1049,0.8951
3,2.5,left-hand,0.0371,0.9629
3,2.5,right-hand,0.2179,0.7821
3,2.5,left-hand,0.0569,0.9431
3,2.5,right-hand,0.0149,0.9851
3,2.5,left-hand,0.0013,0.9987
3,2.5,left-hand,0.0,1.0
3,2.5,right-hand,0.0235,0.9765
3,2.5,right-hand,0.2408,0.7592
3,2.5,right-hand,0.0994,0.9006
3,2.5,right-hand,0.1388,0.8612
3,2.5,right-hand,0.1632,0.8368
3,2.5,left-hand,0.0002,0.9998
3,2.5,left-hand,0.1285,0.8715
4,2.5,left-hand,0.0,1.0
4,2.5,right-hand,0.046,0.954
4,2.5,right-hand,0.0555,0.9445
4,2.5,left-hand,0.0622,0.9378
4,2.5,left-hand,0.0285,0.9715
4,2.5,right-hand,0.035,0.965
4,2.5,right-hand,0.151,0.849
4,2.5,left-hand,0.1725,0.8275
4,2.5,left-hand,0.1013,0.8987
4,2.5,right-hand,0.0281,0.9719
4,2.5,right-hand,0.2113,0.7887
4,2.5,left-hand,0.0013,0.9987
4,2.5,left-hand,0.0048,0.9952
4,2.5,left-hand,0.0008,0.9992
4,2.5,left-hand,0.0114,0.9886
4,2.5,right-hand,0.1405,0.8595
4,2.5,right-hand,0.2823,0.7177
4,2.5,left-hand,0.0308,0.9692
4,2.5,left-hand,0.1246,0.8754
4,2.5,right-hand,0.1927,0.8073
4,2.5,left-hand,0.0533,0.9467
4,2.5,right-hand,0.054,0.946
4,2.5,right-hand,0.053,0.947
4,2.5,right-hand,0.0789,0.9211
4,2.5,right-hand,0.1769,0.8231
4,2.5,left-hand,0.0004,0.9996
4,2.5,right-hand,0.0225,0.9775
4,2.5,right-hand,0.0097,0.9903
4,2.5,left-hand,0.0004,0.9996
4,2.5,left-hand,0.0336,0.9664
4,2.5,left-hand,0.009,0.991
4,2.5,right-hand,0.0993,0.9007
4,2.5,right-hand,0.0518,0.9482
4,2.5,right-hand,0.2218,0.7782
4,2.5,left-hand,0.0977,0.9023
4,2.5,right-hand,0.0428,0.9572
4,2.5,right-hand,0.0338,0.9662
4,2.5,right-hand,0.2625,0.7375
4,2.5,left-hand,0.2761,0.7239
4,2.5,left-hand,0.013,0.987
4,2.5,right-hand,0.0308,0.9692
4,2.5,right-hand,0.0897,0.9103
4,2.5,left-hand,0.347,0.653
4,2.5,left-hand,0.2222,0.7778
4,2.5,right-hand,0.0138,0.9862
4,2.5,left-hand,0.4024,0.5976
4,2.5,right-hand,0.4975,0.5025
4,2.5,left-hand,0.0419,0.9581
4,2.5,left-hand,0.0017,0.9983
4,2.5,left-hand,0.0006,0.9994
4,2.5,right-hand,0.2233,0.7767
4,2.5,right-hand,0.0308,0.9692
4,2.5,left-hand,0.0495,0.9505
4,2.5,left-hand,0.1697,0.8303
4,2.5,right-hand,0.0051,0.9949
4,2.5,left-hand,0.013,0.987
4,2.5,left-hand,0.0383,0.9617
5,2.5,left-hand,0.5638,0.4362
5,2.5,right-hand,0.9829,0.0171
5,2.5,right-hand,0.5877,0.4123
5,2.5,right-hand,0.9793,0.0207
5,2.5,left-hand,0.8845,0.1155
5,2.5,left-hand,0.8714,0.1286
5,2.5,left-hand,0.4053,0.5947
5,2.5,left-hand,0.9402,0.0598
5,2.5,right-hand,0.9999,0.0001
5,2.5,left-hand,0.3721,0.6279
5,2.5,right-hand,0.307,0.693
5,2.5,right-hand,1.0,0.0
5,2.5,right-hand,0.9928,0.0072
5,2.5,left-hand,0.2322,0.7678
5,2.5,left-hand,0.8247,0.1753
5,2.5,right-hand,0.2996,0.7004
5,2.5,right-hand,0.9983,0.0017
5,2.5,right-hand,0.9745,0.0255
5,2.5,right-hand,0.6763,0.3237
5,2.5,right-hand,0.3458,0.6542
5,2.5,left-hand,0.5439,0.4561
5,2.5,left-hand,0.7108,0.2892
5,2.5,right-hand,0.5647,0.4353
5,2.5,right-hand,0.9994,0.0006
5,2.5,left-hand,0.9701,0.0299
5,2.5,left-hand,0.6171,0.3829
5,2.5,left-hand,0.0508,0.9492
5,2.5,left-hand,0.0843,0.9157
5,2.5,left-hand,1.0,0.0
5,2.5,right-hand,0.5649,0.4351
5,2.5,left-hand,0.9987,0.0013
5,2.5,right-hand,0.9991,0.0009
5,2.5,right-hand,0.8291,0.1709
5,2.5,left-hand,0.4858,0.5142
5,2.5,left-hand,0.3798,0.6202
5,2.5,right-hand,0.2614,0.7386
5,2.5,right-hand,0.5611,0.4389
5,2.5,left-hand,0.8254,0.1746
5,2.5,right-hand,0.9988,0.0012
5,2.5,left-hand,0.6289,0.3711
5,2.5,right-hand,0.8686,0.1314
5,2.5,right-hand,0.4489,0.5511
5,2.5,right-hand,0.2804,0.7196
5,2.5,left-hand,0.7217,0.2783
5,2.5,left-hand,0.8799,0.1201
5,2.5,right-hand,0.9944,0.0056
5,2.5,left-hand,0.8396,0.1604
5,2.5,left-hand,0.9483,0.0517
5,2.5,left-hand,0.7385,0.2615
5,2.5,right-hand,0.5562,0.4438
5,2.5,right-hand,0.9987,0.0013
5,2.5,left-hand,0.6126,0.3874
5,2.5,right-hand,0.3035,0.6965
5,2.5,left-hand,0.7613,0.2387
5,2.5,left-hand,0.5703,0.4297
5,2.5,right-hand,0.663,0.337
5,2.5,right-hand,0.8166,0.1834
