fold,tmin,true_label,left-hand,right-hand
1,3.5,left-hand,0.5173,0.4827
1,3.5,right-hand,0.4381,0.5619
1,3.5,left-hand,0.6446,0.3554
1,3.5,left-hand,0.5102,0.4898
1,3.5,left-hand,0.5973,0.4027
1,3.5,right-hand,0.656,0.344
1,3.5,right-hand,0.4829,0.5171
1,3.5,right-hand,0.2866,0.7134
1,3.5,right-hand,0.3326,0.6674
1,3.5,left-hand,0.2154,0.7846
1,3.5,left-hand,0.5518,0.4482
1,3.5,right-hand,0.4049,0.5951
1,3.5,right-hand,0.5852,0.4148
1,3.5,left-hand,0.4917,0.5083
1,3.5,right-hand,0.3461,0.6539
1,3.5,right-hand,0.2286,0.7714
1,3.5,left-hand,0.2911,0.7089
1,3.5,left-hand,0.5904,0.4096
1,3.5,left-hand,0.6256,0.3744
1,3.5,left-hand,0.4634,0.5366
1,3.5,left-hand,0.4806,0.5194
1,3.5,right-hand,0.535,0.465
1,3.5,left-hand,0.5146,0.4854
1,3.5,right-hand,0.4549,0.5451
1,3.5,right-hand,0.45,0.55
1,3.5,left-hand,0.7278,0.2722
1,3.5,right-hand,0.6976,0.3024
1,3.5,left-hand,0.4011,0.5989
1,3.5,left-hand,0.356,0.644
1,3.5,right-hand,0.3875,0.6125
1,3.5,right-hand,0.4274,0.5726
1,3.5,right-hand,0.5188,0.4812
1,3.5,right-hand,0.3685,0.6315
1,3.5,right-hand,0.218,0.782
1,3.5,left-hand,0.4884,0.5116
1,3.5,left-hand,0.5855,0.4145
1,3.5,left-hand,0.6414,0.3586
1,3.5,left-hand,0.602,0.398
1,3.5,right-hand,0.1344,0.8656
1,3.5,right-hand,0.2051,0.7949
1,3.5,right-hand,0.4723,0.5277
1,3.5,right-hand,0.3604,0.6396
1,3.5,left-hand,0.6272,0.3728
1,3.5,left-hand,0.6646,0.3354
1,3.5,right-hand,0.643,0.357
1,3.5,right-hand,0.6141,0.3859
1,3.5,left-hand,0.3916,0.6084
1,3.5,left-hand,0.573,0.427
1,3.5,left-hand,0.6576,0.3424
1,3.5,left-hand,0.5943,0.4057
1,3.5,right-hand,0.3648,0.6352
1,3.5,right-hand,0.5208,0.4792
1,3.5,right-hand,0.5503,0.4497
1,3.5,left-hand,0.6184,0.3816
1,3.5,right-hand,0.6848,0.3152
1,3.5,right-hand,0.349,0.651
1,3.5,left-hand,0.6207,0.3793
1,3.5,left-hand,0.5189,0.4811
1,3.5,right-hand,0.5949,0.4051
1,3.5,right-hand,0.4725,0.5275
1,3.5,left-hand,0.647,0.353
1,3.5,left-hand,0.5444,0.4556
1,3.5,left-hand,0.6993,0.3007
1,3.5,left-hand,0.5029,0.4971
1,3.5,right-hand,0.4303,0.5697
1,3.5,right-hand,0.4283,0.5717
1,3.5,left-hand,0.7685,0.2315
1,3.5,right-hand,0.126,0.874
1,3.5,right-hand,0.3058,0.6942
1,3.5,left-hand,0.4648,0.5352
1,3.5,right-hand,0.6485,0.3515
1,3.5,right-hand,0.5058,0.4942
1,3.5,left-hand,0.472,0.528
1,3.5,right-hand,0.2037,0.7963
1,3.5,right-hand,0.4996,0.5004
1,3.5,right-hand,0.355,0.645
1,3.5,right-hand,0.3329,0.6671
1,3.5,right-hand,0.4321,0.5679
1,3.5,right-hand,0.2251,0.7749
1,3.5,left-hand,0.2988,0.7012
1,3.5,left-hand,0.7301,0.2699
1,3.5,right-hand,0.3686,0.6314
1,3.5,left-hand,0.8098,0.1902
1,3.5,left-hand,0.1321,0.8679
1,3.5,left-hand,0.777,0.223
1,3.5,right-hand,0.4169,0.5831
1,3.5,left-hand,0.3695,0.6305
1,3.5,left-hand,0.4191,0.5809
1,3.5,left-hand,0.4797,0.5203
1,3.5,right-hand,0.1578,0.8422
1,3.5,right-hand,0.1454,0.8546
1,3.5,left-hand,0.7727,0.2273
1,3.5,right-hand,0.4392,0.5608
1,3.5,right-hand,0.4051,0.5949
1,3.5,right-hand,0.3868,0.6132
1,3.5,left-hand,0.7219,0.2781
1,3.5,right-hand,0.391,0.609
1,3.5,right-hand,0.5153,0.4847
1,3.5,right-hand,0.362,0.638
1,3.5,left-hand,0.3773,0.6227
1,3.5,left-hand,0.4864,0.5136
1,3.5,left-hand,0.1347,0.8653
1,3.5,right-hand,0.3906,0.6094
1,3.5,right-hand,0.3263,0.6737
1,3.5,right-hand,0.3458,0.6542
1,3.5,left-hand,0.5253,0.4747
1,3.5,left-hand,0.4293,0.5707
1,3.5,right-hand,0.5056,0.4944
1,3.5,left-hand,0.4818,0.5182
1,3.5,right-hand,0.2293,0.7707
1,3.5,left-hand,0.4763,0.5237
1,3.5,right-hand,0.4766,0.5234
1,3.5,left-hand,0.5781,0.4219
1,3.5,left-hand,0.7086,0.2914
1,3.5,left-hand,0.6464,0.3536
1,3.5,left-hand,0.5133,0.4867
1,3.5,left-hand,0.6678,0.3322
1,3.5,right-hand,0.4595,0.5405
1,3.5,right-hand,0.6639,0.3361
1,3.5,left-hand,0.8885,0.1115
1,3.5,right-hand,0.606,0.394
1,3.5,left-hand,0.5427,0.4573
1,3.5,left-hand,0.682,0.318
1,3.5,left-hand,0.5742,0.4258
1,3.5,left-hand,0.6297,0.3703
1,3.5,left-hand,0.6252,0.3748
1,3.5,left-hand,0.7399,0.2601
1,3.5,left-hand,0.6821,0.3179
1,3.5,left-hand,0.5794,0.4206
1,3.5,right-hand,0.4892,0.5108
1,3.5,right-hand,0.3821,0.6179
1,3.5,right-hand,0.4856,0.5144
1,3.5,right-hand,0.5538,0.4462
1,3.5,left-hand,0.7748,0.2252
1,3.5,right-hand,0.5126,0.4874
1,3.5,left-hand,0.8694,0.1306
1,3.5,left-hand,0.7122,0.2878
1,3.5,right-hand,0.341,0.659
1,3.5,right-hand,0.5693,0.4307
1,3.5,right-hand,0.381,0.619
1,3.5,left-hand,0.7264,0.2736
1,3.5,right-hand,0.4397,0.5603
1,3.5,left-hand,0.741,0.259
1,3.5,right-hand,0.5781,0.4219
2,3.5,right-hand,0.3669,0.6331
2,3.5,right-hand,0.3292,0.6708
2,3.5,left-hand,0.3617,0.6383
2,3.5,left-hand,0.6721,0.3279
2,3.5,right-hand,0.4063,0.5937
2,3.5,left-hand,0.3673,0.6327
2,3.5,left-hand,0.3505,0.6495
2,3.5,right-hand,0.4931,0.5069
2,3.5,left-hand,0.3827,0.6173
2,3.5,left-hand,0.1279,0.8721
2,3.5,right-hand,0.3997,0.6003
2,3.5,right-hand,0.429,0.571
2,3.5,right-hand,0.3016,0.6984
2,3.5,left-hand,0.6684,0.3316
2,3.5,right-hand,0.2658,0.7342
2,3.5,right-hand,0.284,0.716
2,3.5,left-hand,0.4474,0.5526
2,3.5,right-hand,0.6511,0.3489
2,3.5,left-hand,0.8694,0.1306
2,3.5,left-hand,0.5158,0.4842
2,3.5,left-hand,0.3474,0.6526
2,3.5,right-hand,0.2833,0.7167
2,3.5,left-hand,0.6898,0.3102
2,3.5,right-hand,0.3083,0.6917
2,3.5,left-hand,0.6431,0.3569
2,3.5,left-hand,0.3338,0.6662
2,3.5,right-hand,0.3981,0.6019
2,3.5,left-hand,0.7237,0.2763
2,3.5,left-hand,0.3844,0.6156
2,3.5,left-hand,0.6827,0.3173
2,3.5,left-hand,0.5235,0.4765
2,3.5,right-hand,0.4917,0.5083
2,3.5,right-hand,0.5609,0.4391
2,3.5,right-hand,0.6499,0.3501
2,3.5,left-hand,0.5837,0.4163
2,3.5,left-hand,0.2953,0.7047
2,3.5,right-hand,0.6761,0.3239
2,3.5,right-hand,0.7344,0.2656
2,3.5,left-hand,0.4673,0.5327
2,3.5,right-hand,0.1882,0.8118
2,3.5,left-hand,0.1477,0.8523
2,3.5,left-hand,0.7722,0.2278
2,3.5,left-hand,0.5513,0.4487
2,3.5,right-hand,0.488,0.512
2,3.5,right-hand,0.6204,0.3796
2,3.5,left-hand,0.273,0.727
2,3.5,left-hand,0.3343,0.6657
2,3.5,right-hand,0.6011,0.3989
2,3.5,left-hand,0.3288,0.6712
2,3.5,right-hand,0.315,0.685
2,3.5,left-hand,0.4427,0.5573
2,3.5,left-hand,0.5004,0.4996
2,3.5,right-hand,0.4418,0.5582
2,3.5,left-hand,0.6224,0.3776
2,3.5,left-hand,0.6082,0.3918
2,3.5,right-hand,0.5451,0.4549
2,3.5,left-hand,0.6708,0.3292
2,3.5,left-hand,0.4371,0.5629
2,3.5,left-hand,0.4528,0.5472
2,3.5,right-hand,0.3748,0.6252
2,3.5,left-hand,0.4047,0.5953
2,3.5,left-hand,0.6,0.4
2,3.5,right-hand,0.1971,0.8029
2,3.5,left-hand,0.5507,0.4493
2,3.5,right-hand,0.5683,0.4317
2,3.5,left-hand,0.7322,0.2678
2,3.5,right-hand,0.4743,0.5257
2,3.5,right-hand,0.647,0.353
2,3.5,right-hand,0.3346,0.6654
2,3.5,left-hand,0.7037,0.2963
2,3.5,right-hand,0.1897,0.8103
2,3.5,left-hand,0.6422,0.3578
2,3.5,left-hand,0.5557,0.4443
2,3.5,right-hand,0.1903,0.8097
2,3.5,left-hand,0.7965,0.2035
2,3.5,right-hand,0.5044,0.4956
2,3.5,left-hand,0.4574,0.5426
2,3.5,left-hand,0.2975,0.7025
2,3.5,left-hand,0.3224,0.6776
2,3.5,right-hand,0.0769,0.9231
2,3.5,left-hand,0.692,0.308
2,3.5,left-hand,0.4222,0.5778
2,3.5,left-hand,0.5037,0.4963
2,3.5,right-hand,0.4221,0.5779
2,3.5,right-hand,0.6726,0.3274
2,3.5,right-hand,0.311,0.689
2,3.5,right-hand,0.4753,0.5247
2,3.5,right-hand,0.4141,0.5859
2,3.5,left-hand,0.354,0.646
2,3.5,right-hand,0.2047,0.7953
2,3.5,right-hand,0.4356,0.5644
2,3.5,right-hand,0.2697,0.7303
2,3.5,right-hand,0.4309,0.5691
2,3.5,left-hand,0.54,0.46
2,3.5,left-hand,0.6872,0.3128
2,3.5,right-hand,0.4143,0.5857
2,3.5,right-hand,0.3653,0.6347
2,3.5,left-hand,0.6004,0.3996
2,3.5,right-hand,0.3516,0.6484
2,3.5,left-hand,0.5826,0.4174
2,3.5,left-hand,0.3433,0.6567
2,3.5,left-hand,0.4901,0.5099
2,3.5,left-hand,0.418,0.582
2,3.5,right-hand,0.428,0.572
2,3.5,left-hand,0.6208,0.3792
2,3.5,right-hand,0.4858,0.5142
2,3.5,left-hand,0.3263,0.6737
2,3.5,right-hand,0.4703,0.5297
2,3.5,left-hand,0.7818,0.2182
2,3.5,left-hand,0.6766,0.3234
2,3.5,left-hand,0.2973,0.7027
2,3.5,right-hand,0.6009,0.3991
2,3.5,right-hand,0.3943,0.6057
2,3.5,right-hand,0.2223,0.7777
2,3.5,right-hand,0.6747,0.3253
2,3.5,right-hand,0.5461,0.4539
2,3.5,right-hand,0.4966,0.5034
2,3.5,right-hand,0.5366,0.4634
2,3.5,left-hand,0.5724,0.4276
2,3.5,right-hand,0.7541,0.2459
2,3.5,left-hand,0.3855,0.6145
2,3.5,right-hand,0.3764,0.6236
2,3.5,left-hand,0.5092,0.4908
2,3.5,right-hand,0.5888,0.4112
2,3.5,right-hand,0.8029,0.1971
2,3.5,right-hand,0.2228,0.7772
2,3.5,left-hand,0.461,0.539
2,3.5,right-hand,0.6856,0.3144
2,3.5,right-hand,0.4218,0.5782
2,3.5,left-hand,0.7292,0.2708
2,3.5,right-hand,0.8434,0.1566
2,3.5,right-hand,0.6627,0.3373
2,3.5,right-hand,0.3717,0.6283
2,3.5,right-hand,0.5866,0.4134
2,3.5,right-hand,0.5856,0.4144
2,3.5,left-hand,0.6062,0.3938
2,3.5,left-hand,0.5719,0.4281
2,3.5,left-hand,0.8147,0.1853
2,3.5,left-hand,0.7565,0.2435
2,3.5,right-hand,0.5195,0.4805
2,3.5,right-hand,0.5772,0.4228
2,3.5,right-hand,0.3135,0.6865
2,3.5,left-hand,0.6409,0.3591
2,3.5,left-hand,0.7799,0.2201
3,3.5,right-hand,0.408,0.592
3,3.5,right-hand,0.1461,0.8539
3,3.5,right-hand,0.4269,0.5731
3,3.5,left-hand,0.6037,0.3963
3,3.5,left-hand,0.4911,0.5089
3,3.5,right-hand,0.47,0.53
3,3.5,left-hand,0.497,0.503
3,3.5,right-hand,0.4344,0.5656
3,3.5,right-hand,0.3458,0.6542
3,3.5,right-hand,0.5644,0.4356
3,3.5,right-hand,0.4767,0.5233
3,3.5,right-hand,0.2649,0.7351
3,3.5,left-hand,0.6093,0.3907
3,3.5,left-hand,0.6343,0.3657
3,3.5,left-hand,0.643,0.357
3,3.5,right-hand,0.4633,0.5367
3,3.5,right-hand,0.5275,0.4725
3,3.5,right-hand,0.7176,0.2824
3,3.5,left-hand,0.7167,0.2833
3,3.5,right-hand,0.5394,0.4606
3,3.5,left-hand,0.1641,0.8359
3,3.5,right-hand,0.3627,0.6373
3,3.5,left-hand,0.6505,0.3495
3,3.5,right-hand,0.6477,0.3523
3,3.5,right-hand,0.4542,0.5458
3,3.5,left-hand,0.5347,0.4653
3,3.5,left-hand,0.4695,0.5305
3,3.5,left-hand,0.7227,0.2773
3,3.5,right-hand,0.7672,0.2328
3,3.5,left-hand,0.5,0.5
3,3.5,left-hand,0.4479,0.5521
3,3.5,right-hand,0.5814,0.4186
3,3.5,left-hand,0.709,0.291
3,3.5,left-hand,0.7196,0.2804
3,3.5,right-hand,0.6799,0.3201
3,3.5,left-hand,0.5887,0.4113
3,3.5,right-hand,0.427,0.573
3,3.5,right-hand,0.4134,0.5866
3,3.5,left-hand,0.8852,0.1148
3,3.5,left-hand,0.7084,0.2916
3,3.5,right-hand,0.6644,0.3356
3,3.5,left-hand,0.3864,0.6136
3,3.5,left-hand,0.6648,0.3352
3,3.5,left-hand,0.3715,0.6285
3,3.5,left-hand,0.6692,0.3308
3,3.5,right-hand,0.416,0.584
3,3.5,left-hand,0.7951,0.2049
3,3.5,right-hand,0.7328,0.2672
3,3.5,right-hand,0.2021,0.7979
3,3.5,left-hand,0.3818,0.6182
3,3.5,right-hand,0.6504,0.3496
3,3.5,right-hand,0.3013,0.6987
3,3.5,right-hand,0.2703,0.7297
3,3.5,right-hand,0.5494,0.4506
3,3.5,left-hand,0.5408,0.4592
3,3.5,left-hand,0.8035,0.1965
3,3.5,right-hand,0.4138,0.5862
3,3.5,left-hand,0.5216,0.4784
3,3.5,left-hand,0.4354,0.5646
3,3.5,left-hand,0.3848,0.6152
3,3.5,right-hand,0.4219,0.5781
3,3.5,right-hand,0.2049,0.7951
3,3.5,right-hand,0.3296,0.6704
3,3.5,left-hand,0.3718,0.6282
3,3.5,left-hand,0.5188,0.4812
3,3.5,right-hand,0.2225,0.7775
3,3.5,right-hand,0.2411,0.7589
3,3.5,left-hand,0.6241,0.3759
3,3.5,left-hand,0.4654,0.5346
3,3.5,right-hand,0.4312,0.5688
3,3.5,left-hand,0.3825,0.6175
3,3.5,left-hand,0.5403,0.4597
3,3.5,left-hand,0.346,0.654
3,3.5,left-hand,0.8445,0.1555
3,3.5,right-hand,0.254,0.746
3,3.5,right-hand,0.771,0.229
3,3.5,left-hand,0.4891,0.5109
3,3.5,right-hand,0.6052,0.3948
3,3.5,left-hand,0.337,0.663
3,3.5,right-hand,0.3593,0.6407
3,3.5,left-hand,0.7399,0.2601
3,3.5,right-hand,0.4313,0.5687
3,3.5,right-hand,0.5783,0.4217
3,3.5,right-hand,0.344,0.656
3,3.5,right-hand,0.4919,0.5081
3,3.5,left-hand,0.7569,0.2431
3,3.5,right-hand,0.3051,0.6949
3,3.5,right-hand,0.3851,0.6149
3,3.5,right-hand,0.2792,0.7208
3,3.5,left-hand,0.5871,0.4129
3,3.5,left-hand,0.4879,0.5121
3,3.5,left-hand,0.4006,0.5994
3,3.5,left-hand,0.4302,0.5698
3,3.5,left-hand,0.5427,0.4573
3,3.5,left-hand,0.577,0.423
3,3.5,right-hand,0.642,0.358
3,3.5,left-hand,0.8551,0.1449
3,3.5,right-hand,0.3173,0.6827
3,3.5,right-hand,0.3756,0.6244
3,3.5,right-hand,0.5605,0.4395
3,3.5,right-hand,0.3787,0.6213
3,3.5,right-hand,0.5115,0.4885
3,3.5,right-hand,0.1185,0.8815
3,3.5,right-hand,0.3248,0.6752
3,3.5,left-hand,0.2974,0.7026
3,3.5,left-hand,0.5184,0.4816
3,3.5,left-hand,0.5187,0.4813
3,3.5,left-hand,0.6205,0.3795
3,3.5,left-hand,0.5399,0.4601
3,3.5,right-hand,0.2838,0.7162
3,3.5,left-hand,0.5098,0.4902
3,3.5,right-hand,0.4028,0.5972
3,3.5,right-hand,0.4718,0.5282
3,3.5,right-hand,0.7974,0.2026
3,3.5,left-hand,0.6179,0.3821
3,3.5,left-hand,0.8251,0.1749
3,3.5,right-hand,0.3422,0.6578
3,3.5,left-hand,0.6605,0.3395
3,3.5,left-hand,0.5135,0.4865
3,3.5,left-hand,0.3484,0.6516
3,3.5,left-hand,0.8794,0.1206
3,3.5,right-hand,0.5511,0.4489
3,3.5,right-hand,0.473,0.527
3,3.5,right-hand,0.4191,0.5809
3,3.5,left-hand,0.4468,0.5532
3,3.5,left-hand,0.6655,0.3345
3,3.5,left-hand,0.731,0.269
3,3.5,right-hand,0.532,0.468
3,3.5,left-hand,0.8568,0.1432
3,3.5,left-hand,0.8838,0.1162
3,3.5,right-hand,0.6267,0.3733
3,3.5,right-hand,0.4,0.6
3,3.5,left-hand,0.4318,0.5682
3,3.5,right-hand,0.758,0.242
3,3.5,left-hand,0.7197,0.2803
3,3.5,right-hand,0.5183,0.4817
3,3.5,left-hand,0.7786,0.2214
3,3.5,right-hand,0.6117,0.3883
3,3.5,left-hand,0.6373,0.3627
3,3.5,right-hand,0.5091,0.4909
3,3.5,right-hand,0.6205,0.3795
3,3.5,left-hand,0.5924,0.4076
3,3.5,right-hand,0.6014,0.3986
3,3.5,left-hand,0.8675,0.1325
4,3.5,left-hand,0.8486,0.1514
4,3.5,right-hand,0.2183,0.7817
4,3.5,left-hand,0.4353,0.5647
4,3.5,right-hand,0.3563,0.6437
4,3.5,left-hand,0.6632,0.3368
4,3.5,right-hand,0.4183,0.5817
4,3.5,left-hand,0.3303,0.6697
4,3.5,right-hand,0.4495,0.5505
4,3.5,left-hand,0.4563,0.5437
4,3.5,left-hand,0.6387,0.3613
4,3.5,left-hand,0.6622,0.3378
4,3.5,right-hand,0.675,0.325
4,3.5,right-hand,0.648,0.352
4,3.5,right-hand,0.3071,0.6929
4,3.5,left-hand,0.7876,0.2124
4,3.5,right-hand,0.5273,0.4727
4,3.5,left-hand,0.6122,0.3878
4,3.5,left-hand,0.675,0.325
4,3.5,left-hand,0.3899,0.6101
4,3.5,right-hand,0.1238,0.8762
4,3.5,left-hand,0.3397,0.6603
4,3.5,right-hand,0.5913,0.4087
4,3.5,right-hand,0.3855,0.6145
4,3.5,right-hand,0.6399,0.3601
4,3.5,right-hand,0.4491,0.5509
4,3.5,left-hand,0.3335,0.6665
4,3.5,right-hand,0.4126,0.5874
4,3.5,right-hand,0.4709,0.5291
4,3.5,right-hand,0.2937,0.7063
4,3.5,left-hand,0.8377,0.1623
4,3.5,right-hand,0.2623,0.7377
4,3.5,right-hand,0.4058,0.5942
4,3.5,left-hand,0.2982,0.7018
4,3.5,right-hand,0.459,0.541
4,3.5,left-hand,0.3861,0.6139
4,3.5,right-hand,0.4244,0.5756
4,3.5,left-hand,0.7,0.3
4,3.5,left-hand,0.6813,0.3187
4,3.5,left-hand,0.7704,0.2296
4,3.5,right-hand,0.5746,0.4254
4,3.5,right-hand,0.4349,0.5651
4,3.5,left-hand,0.316,0.684
4,3.5,right-hand,0.507,0.493
4,3.5,left-hand,0.3861,0.6139
4,3.5,right-hand,0.5512,0.4488
4,3.5,right-hand,0.6793,0.3207
4,3.5,left-hand,0.7354,0.2646
4,3.5,left-hand,0.573,0.427
4,3.5,right-hand,0.521,0.479
4,3.5,left-hand,0.3866,0.6134
4,3.5,right-hand,0.4455,0.5545
4,3.5,left-hand,0.4585,0.5415
4,3.5,right-hand,0.3403,0.6597
4,3.5,right-hand,0.5733,0.4267
4,3.5,left-hand,0.688,0.312
4,3.5,left-hand,0.5481,0.4519
4,3.5,left-hand,0.3942,0.6058
4,3.5,left-hand,0.6417,0.3583
4,3.5,right-hand,0.2346,0.7654
4,3.5,left-hand,0.4743,0.5257
4,3.5,right-hand,0.4184,0.5816
4,3.5,right-hand,0.4057,0.5943
4,3.5,right-hand,0.3011,0.6989
4,3.5,left-hand,0.5595,0.4405
4,3.5,left-hand,0.7973,0.2027
4,3.5,left-hand,0.4494,0.5506
4,3.5,right-hand,0.2901,0.7099
4,3.5,right-hand,0.4118,0.5882
4,3.5,right-hand,0.4218,0.5782
4,3.5,right-hand,0.554,0.446
4,3.5,left-hand,0.5036,0.4964
4,3.5,right-hand,0.1479,0.8521
4,3.5,right-hand,0.4927,0.5073
4,3.5,left-hand,0.5774,0.4226
4,3.5,right-hand,0.4176,0.5824
4,3.5,left-hand,0.4805,0.5195
4,3.5,left-hand,0.7589,0.2411
4,3.5,left-hand,0.3311,0.6689
4,3.5,left-hand,0.7532,0.2468
4,3.5,left-hand,0.177,0.823
4,3.5,right-hand,0.4794,0.5206
4,3.5,left-hand,0.5572,0.4428
4,3.5,right-hand,0.1585,0.8415
4,3.5,left-hand,0.4633,0.5367
4,3.5,left-hand,0.215,0.785
4,3.5,left-hand,0.4243,0.5757
4,3.5,right-hand,0.307,0.693
4,3.5,right-hand,0.291,0.709
4,3.5,left-hand,0.2425,0.7575
4,3.5,left-hand,0.4745,0.5255
4,3.5,right-hand,0.3165,0.6835
4,3.5,right-hand,0.4677,0.5323
4,3.5,left-hand,0.3677,0.6323
4,3.5,left-hand,0.5325,0.4675
4,3.5,right-hand,0.371,0.629
4,3.5,left-hand,0.165,0.835
4,3.5,right-hand,0.2664,0.7336
4,3.5,left-hand,0.496,0.504
4,3.5,left-hand,0.3925,0.6075
4,3.5,left-hand,0.8004,0.1996
4,3.5,right-hand,0.239,0.761
4,3.5,right-hand,0.1661,0.8339
4,3.5,right-hand,0.2622,0.7378
4,3.5,right-hand,0.3197,0.6803
4,3.5,right-hand,0.2381,0.7619
4,3.5,right-hand,0.6065,0.3935
4,3.5,right-hand,0.2729,0.7271
4,3.5,left-hand,0.6131,0.3869
4,3.5,right-hand,0.4026,0.5974
4,3.5,left-hand,0.6247,0.3753
4,3.5,right-hand,0.3743,0.6257
4,3.5,left-hand,0.6046,0.3954
4,3.5,right-hand,0.3424,0.6576
4,3.5,right-hand,0.5345,0.4655
4,3.5,left-hand,0.5445,0.4555
4,3.5,left-hand,0.593,0.407
4,3.5,right-hand,0.4114,0.5886
4,3.5,left-hand,0.6145,0.3855
4,3.5,right-hand,0.5851,0.4149
4,3.5,left-hand,0.5522,0.4478
4,3.5,right-hand,0.4118,0.5882
4,3.5,right-hand,0.3331,0.6669
4,3.5,left-hand,0.7344,0.2656
4,3.5,left-hand,0.4936,0.5064
4,3.5,right-hand,0.6248,0.3752
4,3.5,left-hand,0.3995,0.6005
4,3.5,left-hand,0.7184,0.2816
4,3.5,right-hand,0.5483,0.4517
4,3.5,left-hand,0.4309,0.5691
4,3.5,right-hand,0.2794,0.7206
4,3.5,left-hand,0.5495,0.4505
4,3.5,right-hand,0.4471,0.5529
4,3.5,left-hand,0.697,0.303
4,3.5,right-hand,0.5233,0.4767
4,3.5,left-hand,0.5511,0.4489
4,3.5,right-hand,0.4542,0.5458
4,3.5,left-hand,0.7638,0.2362
4,3.5,right-hand,0.6058,0.3942
4,3.5,left-hand,0.6883,0.3117
4,3.5,left-hand,0.5102,0.4898
4,3.5,left-hand,0.599,0.401
4,3.5,right-hand,0.7477,0.2523
4,3.5,right-hand,0.5573,0.4427
4,3.5,left-hand,0.8169,0.1831
5,3.5,left-hand,0.4511,0.5489
5,3.5,right-hand,0.3177,0.6823
5,3.5,right-hand,0.2366,0.7634
5,3.5,left-hand,0.6113,0.3887
5,3.5,left-hand,0.8186,0.1814
5,3.5,right-hand,0.4042,0.5958
5,3.5,left-hand,0.3471,0.6529
5,3.5,right-hand,0.5602,0.4398
5,3.5,left-hand,0.3681,0.6319
5,3.5,left-hand,0.5925,0.4075
5,3.5,left-hand,0.5357,0.4643
5,3.5,right-hand,0.5309,0.4691
5,3.5,left-hand,0.619,0.381
5,3.5,left-hand,0.5239,0.4761
5,3.5,right-hand,0.7019,0.2981
5,3.5,right-hand,0.4513,0.5487
5,3.5,left-hand,0.3128,0.6872
5,3.5,left-hand,0.344,0.656
5,3.5,right-hand,0.149,0.851
5,3.5,left-hand,0.3176,0.6824
5,3.5,right-hand,0.4362,0.5638
5,3.5,right-hand,0.4265,0.5735
5,3.5,right-hand,0.4518,0.5482
5,3.5,left-hand,0.5737,0.4263
5,3.5,right-hand,0.4173,0.5827
5,3.5,right-hand,0.2119,0.7881
5,3.5,right-hand,0.7695,0.2305
5,3.5,left-hand,0.4378,0.5622
5,3.5,left-hand,0.5776,0.4224
5,3.5,right-hand,0.3486,0.6514
5,3.5,right-hand,0.3511,0.6489
5,3.5,left-hand,0.6888,0.3112
5,3.5,left-hand,0.6003,0.3997
5,3.5,left-hand,0.5919,0.4081
5,3.5,right-hand,0.3567,0.6433
5,3.5,right-hand,0.6046,0.3954
5,3.5,right-hand,0.4534,0.5466
5,3.5,left-hand,0.4652,0.5348
5,3.5,left-hand,0.756,0.244
5,3.5,left-hand,0.2723,0.7277
5,3.5,right-hand,0.615,0.385
5,3.5,left-hand,0.9304,0.0696
5,3.5,right-hand,0.9903,0.0097
5,3.5,right-hand,0.3727,0.6273
5,3.5,left-hand,0.5455,0.4545
5,3.5,right-hand,0.3877,0.6123
5,3.5,right-hand,0.26,0.74
5,3.5,left-hand,0.7041,0.2959
5,3.5,right-hand,0.7828,0.2172
5,3.5,right-hand,0.3486,0.6514
5,3.5,left-hand,0.4679,0.5321
5,3.5,left-hand,0.7592,0.2408
5,3.5,right-hand,0.3872,0.6128
5,3.5,right-hand,0.3931,0.6069
5,3.5,left-hand,0.8174,0.1826
5,3.5,left-hand,0.4027,0.5973
5,3.5,right-hand,0.189,0.811
5,3.5,right-hand,0.2915,0.7085
5,3.5,right-hand,0.4823,0.5177
5,3.5,right-hand,0.3646,0.6354
5,3.5,right-hand,0.5549,0.4451
5,3.5,right-hand,0.2876,0.7124
5,3.5,right-hand,0.268,0.732
5,3.5,left-hand,0.8105,0.1895
5,3.5,left-hand,0.3007,0.6993
5,3.5,left-hand,0.6644,0.3356
5,3.5,left-hand,0.8586,0.1414
5,3.5,left-hand,0.5954,0.4046
5,3.5,right-hand,0.3063,0.6937
5,3.5,left-hand,0.8549,0.1451
5,3.5,right-hand,0.4179,0.5821
5,3.5,right-hand,0.3144,0.6856
5,3.5,left-hand,0.4388,0.5612
5,3.5,left-hand,0.4242,0.5758
5,3.5,left-hand,0.775,0.225
5,3.5,left-hand,0.7572,0.2428
5,3.5,right-hand,0.412,0.588
5,3.5,right-hand,0.2324,0.7676
5,3.5,right-hand,0.3615,0.6385
5,3.5,right-hand,0.4056,0.5944
5,3.5,right-hand,0.2324,0.7676
5,3.5,left-hand,0.1411,0.8589
5,3.5,left-hand,0.4836,0.5164
5,3.5,left-hand,0.7067,0.2933
5,3.5,left-hand,0.3854,0.6146
5,3.5,right-hand,0.4117,0.5883
5,3.5,left-hand,0.3861,0.6139
5,3.5,right-hand,0.4316,0.5684
5,3.5,right-hand,0.3124,0.6876
5,3.5,left-hand,0.3612,0.6388
5,3.5,right-hand,0.3728,0.6272
5,3.5,left-hand,0.5137,0.4863
5,3.5,left-hand,0.8241,0.1759
5,3.5,right-hand,0.5329,0.4671
5,3.5,left-hand,0.4984,0.5016
5,3.5,right-hand,0.0117,0.9883
5,3.5,left-hand,0.3411,0.6589
5,3.5,left-hand,0.2983,0.7017
5,3.5,right-hand,0.297,0.703
5,3.5,left-hand,0.496,0.504
5,3.5,left-hand,0.474,0.526
5,3.5,left-hand,0.4174,0.5826
5,3.5,right-hand,0.248,0.752
5,3.5,right-hand,0.5415,0.4585
5,3.5,right-hand,0.2353,0.7647
5,3.5,right-hand,0.2829,0.7171
5,3.5,right-hand,0.3329,0.6671
5,3.5,right-hand,0.3752,0.6248
5,3.5,left-hand,0.5404,0.4596
5,3.5,left-hand,0.3318,0.6682
5,3.5,right-hand,0.462,0.538
5,3.5,right-hand,0.5145,0.4855
5,3.5,left-hand,0.598,0.402
5,3.5,left-hand,0.5452,0.4548
5,3.5,right-hand,0.2662,0.7338
5,3.5,left-hand,0.6218,0.3782
5,3.5,left-hand,0.7688,0.2312
5,3.5,left-hand,0.7363,0.2637
5,3.5,left-hand,0.7386,0.2614
5,3.5,right-hand,0.5632,0.4368
5,3.5,right-hand,0.3376,0.6624
5,3.5,right-hand,0.647,0.353
5,3.5,right-hand,0.5379,0.4621
5,3.5,left-hand,0.8028,0.1972
5,3.5,left-hand,0.7749,0.2251
5,3.5,left-hand,0.8242,0.1758
5,3.5,left-hand,0.877,0.123
5,3.5,right-hand,0.4194,0.5806
5,3.5,left-hand,0.7367,0.2633
5,3.5,right-hand,0.3922,0.6078
5,3.5,left-hand,0.7458,0.2542
5,3.5,right-hand,0.4766,0.5234
5,3.5,right-hand,0.3514,0.6486
5,3.5,left-hand,0.6046,0.3954
5,3.5,right-hand,0.5032,0.4968
5,3.5,right-hand,0.4224,0.5776
5,3.5,left-hand,0.9877,0.0123
5,3.5,left-hand,0.5921,0.4079
5,3.5,right-hand,0.5966,0.4034
5,3.5,left-hand,0.7752,0.2248
5,3.5,right-hand,0.617,0.383
5,3.5,left-hand,0.7018,0.2982
5,3.5,right-hand,0.6873,0.3127
5,3.5,left-hand,0.6164,0.3836
