fold,tmin,true_label,left-hand,right-hand
1,2.5,right-hand,0.9932,0.0068
1,2.5,left-hand,0.9928,0.0072
1,2.5,left-hand,0.9879,0.0121
1,2.5,right-hand,0.3401,0.6599
1,2.5,right-hand,0.7082,0.2918
1,2.5,left-hand,0.9596,0.0404
1,2.5,left-hand,0.986,0.014
1,2.5,right-hand,0.0094,0.9906
1,2.5,right-hand,0.3794,0.6206
1,2.5,left-hand,0.6171,0.3829
1,2.5,right-hand,0.3445,0.6555
1,2.5,right-hand,0.1784,0.8216
1,2.5,right-hand,0.0628,0.9372
1,2.5,left-hand,0.9978,0.0022
1,2.5,left-hand,0.9114,0.0886
1,2.5,left-hand,0.1792,0.8208
1,2.5,right-hand,0.1251,0.8749
1,2.5,left-hand,0.6931,0.3069
1,2.5,right-hand,0.863,0.137
1,2.5,left-hand,0.3765,0.6235
1,2.5,left-hand,0.85,0.15
1,2.5,right-hand,0.0447,0.9553
1,2.5,right-hand,0.1831,0.8169
1,2.5,right-hand,0.0953,0.9047
1,2.5,right-hand,0.0025,0.9975
1,2.5,right-hand,0.5318,0.4682
1,2.5,left-hand,0.9914,0.0086
1,2.5,left-hand,0.9315,0.0685
1,2.5,right-hand,0.265,0.735
1,2.5,right-hand,0.3196,0.6804
1,2.5,left-hand,0.9539,0.0461
1,2.5,left-hand,0.8937,0.1063
1,2.5,left-hand,0.987,0.013
1,2.5,left-hand,0.9835,0.0165
1,2.5,right-hand,0.2314,0.7686
1,2.5,left-hand,0.8582,0.1418
1,2.5,left-hand,0.9778,0.0222
1,2.5,right-hand,0.0002,0.9998
1,2.5,left-hand,0.9771,0.0229
1,2.5,right-hand,0.0039,0.9961
1,2.5,right-hand,0.0001,0.9999
1,2.5,right-hand,0.3466,0.6534
1,2.5,left-hand,0.9873,0.0127
1,2.5,right-hand,0.0001,0.9999
1,2.5,left-hand,0.9839,0.0161
1,2.5,right-hand,0.0007,0.9993
1,2.5,left-hand,0.6721,0.3279
1,2.5,right-hand,0.0186,0.9814
1,2.5,left-hand,0.9962,0.0038
1,2.5,right-hand,0.0007,0.9993
1,2.5,left-hand,0.9922,0.0078
1,2.5,right-hand,0.0,1.0
1,2.5,left-hand,0.9738,0.0262
1,2.5,left-hand,0.1208,0.8792
1,2.5,right-hand,0.0006,0.9994
1,2.5,right-hand,0.0094,0.9906
1,2.5,left-hand,0.9988,0.0012
1,2.5,left-hand,0.5704,0.4296
2,2.5,left-hand,0.5668,0.4332
2,2.5,right-hand,0.0782,0.9218
2,2.5,left-hand,0.9751,0.0249
2,2.5,left-hand,0.9725,0.0275
2,2.5,left-hand,0.5674,0.4326
2,2.5,right-hand,0.0421,0.9579
2,2.5,left-hand,0.9016,0.0984
2,2.5,left-hand,0.7247,0.2753
2,2.5,left-hand,0.929,0.071
2,2.5,right-hand,0.7623,0.2377
2,2.5,left-hand,0.841,0.159
2,2.5,right-hand,0.0037,0.9963
2,2.5,right-hand,0.1809,0.8191
2,2.5,left-hand,0.8408,0.1592
2,2.5,right-hand,0.1159,0.8841
2,2.5,right-hand,0.5004,0.4996
2,2.5,right-hand,0.0003,0.9997
2,2.5,left-hand,0.9606,0.0394
2,2.5,left-hand,0.6099,0.3901
2,2.5,right-hand,0.8286,0.1714
2,2.5,right-hand,0.0135,0.9865
2,2.5,left-hand,0.8771,0.1229
2,2.5,left-hand,0.7631,0.2369
2,2.5,right-hand,0.0214,0.9786
2,2.5,right-hand,0.3187,0.6813
2,2.5,left-hand,0.9868,0.0132
2,2.5,right-hand,0.7503,0.2497
2,2.5,left-hand,0.9822,0.0178
2,2.5,right-hand,0.0223,0.9777
2,2.5,left-hand,0.9854,0.0146
2,2.5,right-hand,0.0011,0.9989
2,2.5,right-hand,0.0773,0.9227
2,2.5,left-hand,0.9264,0.0736
2,2.5,right-hand,0.1237,0.8763
2,2.5,left-hand,0.8636,0.1364
2,2.5,left-hand,0.9509,0.0491
2,2.5,right-hand,0.0068,0.9932
2,2.5,left-hand,0.6497,0.3503
2,2.5,left-hand,0.9471,0.0529
2,2.5,right-hand,0.0031,0.9969
2,2.5,right-hand,0.0348,0.9652
2,2.5,right-hand,0.003,0.997
2,2.5,right-hand,0.0574,0.9426
2,2.5,left-hand,0.7557,0.2443
2,2.5,right-hand,0.3442,0.6558
2,2.5,left-hand,0.9158,0.0842
2,2.5,right-hand,0.1537,0.8463
2,2.5,right-hand,0.0408,0.9592
2,2.5,left-hand,0.979,0.021
2,2.5,right-hand,0.0007,0.9993
2,2.5,left-hand,0.8784,0.1216
2,2.5,right-hand,0.0566,0.9434
2,2.5,right-hand,0.0953,0.9047
2,2.5,left-hand,0.9712,0.0288
2,2.5,left-hand,0.9258,0.0742
2,2.5,right-hand,0.0863,0.9137
2,2.5,left-hand,0.9723,0.0277
2,2.5,left-hand,0.8999,0.1001
3,2.5,right-hand,0.997,0.003
3,2.5,left-hand,0.9756,0.0244
3,2.5,right-hand,0.0092,0.9908
3,2.5,right-hand,0.2485,0.7515
3,2.5,right-hand,0.3411,0.6589
3,2.5,left-hand,0.9732,0.0268
3,2.5,left-hand,0.9706,0.0294
3,2.5,left-hand,0.995,0.005
3,2.5,right-hand,0.6712,0.3288
3,2.5,left-hand,0.9896,0.0104
3,2.5,right-hand,0.1457,0.8543
3,2.5,right-hand,0.8995,0.1005
3,2.5,left-hand,0.9984,0.0016
3,2.5,left-hand,0.951,0.049
3,2.5,left-hand,0.9638,0.0362
3,2.5,right-hand,0.0072,0.9928
3,2.5,left-hand,0.9715,0.0285
3,2.5,right-hand,0.0266,0.9734
3,2.5,right-hand,0.0008,0.9992
3,2.5,left-hand,0.925,0.075
3,2.5,right-hand,0.9153,0.0847
3,2.5,left-hand,0.999,0.001
3,2.5,right-hand,0.0382,0.9618
3,2.5,left-hand,0.6792,0.3208
3,2.5,right-hand,0.0023,0.9977
3,2.5,left-hand,0.9968,0.0032
3,2.5,right-hand,0.8947,0.1053
3,2.5,left-hand,0.9889,0.0111
3,2.5,right-hand,0.6969,0.3031
3,2.5,right-hand,0.9056,0.0944
3,2.5,left-hand,0.8634,0.1366
3,2.5,right-hand,0.0257,0.9743
3,2.5,left-hand,0.9397,0.0603
3,2.5,right-hand,0.0083,0.9917
3,2.5,left-hand,0.9861,0.0139
3,2.5,right-hand,0.0015,0.9985
3,2.5,right-hand,0.0307,0.9693
3,2.5,left-hand,0.989,0.011
3,2.5,right-hand,0.0815,0.9185
3,2.5,left-hand,0.9731,0.0269
3,2.5,left-hand,0.9935,0.0065
3,2.5,left-hand,0.9665,0.0335
3,2.5,right-hand,0.0457,0.9543
3,2.5,right-hand,0.5314,0.4686
3,2.5,left-hand,0.99,0.01
3,2.5,left-hand,0.9974,0.0026
3,2.5,right-hand,0.9062,0.0938
3,2.5,right-hand,0.3437,0.6563
3,2.5,left-hand,0.8932,0.1068
3,2.5,left-hand,0.9991,0.0009
3,2.5,right-hand,0.972,0.028
3,2.5,left-hand,0.9992,0.0008
3,2.5,right-hand,0.5437,0.4563
3,2.5,left-hand,0.9444,0.0556
3,2.5,left-hand,0.9714,0.0286
3,2.5,right-hand,0.1376,0.8624
3,2.5,left-hand,0.9879,0.0121
3,2.5,right-hand,0.043,0.957
4,2.5,right-hand,0.078,0.922
4,2.5,left-hand,0.9162,0.0838
4,2.5,left-hand,0.8963,0.1037
4,2.5,right-hand,0.0705,0.9295
4,2.5,right-hand,0.1639,0.8361
4,2.5,left-hand,0.8826,0.1174
4,2.5,left-hand,0.9593,0.0407
4,2.5,right-hand,0.4611,0.5389
4,2.5,right-hand,0.9834,0.0166
4,2.5,left-hand,0.9856,0.0144
4,2.5,left-hand,0.996,0.004
4,2.5,right-hand,0.0017,0.9983
4,2.5,right-hand,0.0015,0.9985
4,2.5,right-hand,0.0133,0.9867
4,2.5,right-hand,0.0005,0.9995
4,2.5,left-hand,0.9587,0.0413
4,2.5,left-hand,0.9857,0.0143
4,2.5,right-hand,0.6523,0.3477
4,2.5,right-hand,0.8604,0.1396
4,2.5,left-hand,0.9901,0.0099
4,2.5,left-hand,0.9362,0.0638
4,2.5,right-hand,0.0003,0.9997
4,2.5,left-hand,0.9005,0.0995
4,2.5,left-hand,0.9654,0.0346
4,2.5,right-hand,0.0,1.0
4,2.5,left-hand,0.8277,0.1723
4,2.5,left-hand,0.9306,0.0694
4,2.5,left-hand,0.8637,0.1363
4,2.5,right-hand,0.0069,0.9931
4,2.5,left-hand,0.9978,0.0022
4,2.5,right-hand,0.0626,0.9374
4,2.5,left-hand,0.9015,0.0985
4,2.5,right-hand,0.1165,0.8835
4,2.5,left-hand,0.8202,0.1798
4,2.5,left-hand,0.782,0.218
4,2.5,right-hand,0.0028,0.9972
4,2.5,left-hand,0.9579,0.0421
4,2.5,left-hand,0.9932,0.0068
4,2.5,left-hand,0.9756,0.0244
4,2.5,right-hand,0.1398,0.8602
4,2.5,left-hand,0.4915,0.5085
4,2.5,right-hand,0.1544,0.8456
4,2.5,right-hand,0.0748,0.9252
4,2.5,left-hand,0.6521,0.3479
4,2.5,right-hand,0.0016,0.9984
4,2.5,right-hand,0.0067,0.9933
4,2.5,left-hand,0.9983,0.0017
4,2.5,right-hand,0.0001,0.9999
4,2.5,right-hand,0.0313,0.9687
4,2.5,right-hand,0.4836,0.5164
4,2.5,left-hand,0.9741,0.0259
4,2.5,right-hand,0.0161,0.9839
4,2.5,right-hand,0.0746,0.9254
4,2.5,right-hand,0.0001,0.9999
4,2.5,left-hand,0.9967,0.0033
4,2.5,left-hand,0.8293,0.1707
4,2.5,right-hand,0.0217,0.9783
5,2.5,right-hand,0.9059,0.0941
5,2.5,left-hand,0.9904,0.0096
5,2.5,left-hand,0.9933,0.0067
5,2.5,left-hand,0.9992,0.0008
5,2.5,right-hand,0.7565,0.2435
5,2.5,right-hand,0.4881,0.5119
5,2.5,right-hand,0.0717,0.9283
5,2.5,right-hand,0.0172,0.9828
5,2.5,left-hand,0.8764,0.1236
5,2.5,right-hand,0.0126,0.9874
5,2.5,left-hand,0.982,0.018
5,2.5,left-hand,0.9737,0.0263
5,2.5,left-hand,0.9543,0.0457
5,2.5,left-hand,0.9957,0.0043
5,2.5,right-hand,0.0005,0.9995
5,2.5,right-hand,0.1259,0.8741
5,2.5,left-hand,0.8164,0.1836
5,2.5,left-hand,0.6066,0.3934
5,2.5,left-hand,0.7999,0.2001
5,2.5,left-hand,0.9951,0.0049
5,2.5,right-hand,0.0859,0.9141
5,2.5,right-hand,0.9691,0.0309
5,2.5,left-hand,0.957,0.043
5,2.5,left-hand,0.9594,0.0406
5,2.5,right-hand,0.0372,0.9628
5,2.5,right-hand,0.0326,0.9674
5,2.5,right-hand,0.0,1.0
5,2.5,right-hand,0.0049,0.9951
5,2.5,left-hand,0.6856,0.3144
5,2.5,left-hand,0.9925,0.0075
5,2.5,right-hand,0.002,0.998
5,2.5,right-hand,0.8914,0.1086
5,2.5,left-hand,0.996,0.004
5,2.5,right-hand,0.0091,0.9909
5,2.5,left-hand,0.994,0.006
5,2.5,right-hand,0.0048,0.9952
5,2.5,left-hand,0.9643,0.0357
5,2.5,right-hand,0.0002,0.9998
5,2.5,right-hand,0.991,0.009
5,2.5,left-hand,0.9601,0.0399
5,2.5,left-hand,0.9831,0.0169
5,2.5,right-hand,0.0005,0.9995
5,2.5,left-hand,0.9777,0.0223
5,2.5,left-hand,0.8854,0.1146
5,2.5,right-hand,0.237,0.763
5,2.5,left-hand,0.9792,0.0208
5,2.5,right-hand,0.0004,0.9996
5,2.5,right-hand,0.0588,0.9412
5,2.5,left-hand,0.0381,0.9619
5,2.5,right-hand,0.0001,0.9999
5,2.5,left-hand,0.9434,0.0566
5,2.5,right-hand,0.2036,0.7964
5,2.5,right-hand,0.0002,0.9998
5,2.5,right-hand,0.0002,0.9998
5,2.5,left-hand,0.9534,0.0466
5,2.5,left-hand,0.6472,0.3528
5,2.5,left-hand,0.0129,0.9871
