fold,tmin,true_label,left-hand,right-hand
1,3.5,left-hand,0.5515,0.4485
1,3.5,right-hand,0.3262,0.6738
1,3.5,left-hand,0.4787,0.5213
1,3.5,left-hand,0.5593,0.4407
1,3.5,left-hand,0.4671,0.5329
1,3.5,right-hand,0.6131,0.3869
1,3.5,right-hand,0.7114,0.2886
1,3.5,right-hand,0.673,0.327
1,3.5,right-hand,0.1327,0.8673
1,3.5,left-hand,0.4068,0.5932
1,3.5,left-hand,0.7132,0.2868
1,3.5,right-hand,0.8939,0.1061
1,3.5,right-hand,0.8442,0.1558
1,3.5,left-hand,0.4462,0.5538
1,3.5,right-hand,0.0866,0.9134
1,3.5,right-hand,0.2723,0.7277
1,3.5,left-hand,0.297,0.703
1,3.5,left-hand,0.7171,0.2829
1,3.5,left-hand,0.8778,0.1222
1,3.5,left-hand,0.4587,0.5413
1,3.5,left-hand,0.7549,0.2451
1,3.5,right-hand,0.3164,0.6836
1,3.5,left-hand,0.5719,0.4281
1,3.5,right-hand,0.4366,0.5634
1,3.5,right-hand,0.7266,0.2734
1,3.5,left-hand,0.8105,0.1895
1,3.5,right-hand,0.7692,0.2308
1,3.5,left-hand,0.7269,0.2731
1,3.5,left-hand,0.2754,0.7246
1,3.5,right-hand,0.477,0.523
1,3.5,right-hand,0.2678,0.7322
1,3.5,right-hand,0.7459,0.2541
1,3.5,right-hand,0.7749,0.2251
1,3.5,right-hand,0.6668,0.3332
1,3.5,left-hand,0.3482,0.6518
1,3.5,left-hand,0.7344,0.2656
1,3.5,left-hand,0.4669,0.5331
1,3.5,left-hand,0.3178,0.6822
1,3.5,right-hand,0.1187,0.8813
1,3.5,right-hand,0.8939,0.1061
1,3.5,right-hand,0.6841,0.3159
1,3.5,right-hand,0.294,0.706
1,3.5,left-hand,0.4464,0.5536
1,3.5,left-hand,0.5735,0.4265
1,3.5,right-hand,0.5152,0.4848
1,3.5,right-hand,0.8956,0.1044
1,3.5,left-hand,0.5242,0.4758
1,3.5,left-hand,0.2596,0.7404
1,3.5,left-hand,0.8203,0.1797
1,3.5,left-hand,0.5699,0.4301
1,3.5,right-hand,0.0413,0.9587
1,3.5,right-hand,0.5294,0.4706
1,3.5,right-hand,0.5676,0.4324
1,3.5,left-hand,0.9263,0.0737
1,3.5,right-hand,0.3778,0.6222
1,3.5,right-hand,0.1405,0.8595
1,3.5,left-hand,0.7336,0.2664
1,3.5,left-hand,0.8075,0.1925
1,3.5,right-hand,0.8996,0.1004
1,3.5,right-hand,0.1627,0.8373
1,3.5,left-hand,0.7406,0.2594
1,3.5,left-hand,0.2492,0.7508
1,3.5,left-hand,0.8566,0.1434
1,3.5,left-hand,0.5413,0.4587
1,3.5,right-hand,0.3157,0.6843
1,3.5,right-hand,0.9118,0.0882
1,3.5,left-hand,0.8427,0.1573
1,3.5,right-hand,0.1648,0.8352
1,3.5,right-hand,0.3195,0.6805
1,3.5,left-hand,0.3424,0.6576
1,3.5,right-hand,0.69,0.31
1,3.5,right-hand,0.7713,0.2287
1,3.5,left-hand,0.1887,0.8113
1,3.5,right-hand,0.0803,0.9197
1,3.5,right-hand,0.9169,0.0831
1,3.5,right-hand,0.0998,0.9002
1,3.5,right-hand,0.074,0.926
1,3.5,right-hand,0.1358,0.8642
1,3.5,right-hand,0.1054,0.8946
1,3.5,left-hand,0.0857,0.9143
1,3.5,left-hand,0.2522,0.7478
1,3.5,right-hand,0.257,0.743
1,3.5,left-hand,0.3342,0.6658
1,3.5,left-hand,0.1317,0.8683
1,3.5,left-hand,0.8121,0.1879
1,3.5,right-hand,0.1245,0.8755
1,3.5,left-hand,0.0745,0.9255
1,3.5,left-hand,0.5167,0.4833
1,3.5,left-hand,0.6563,0.3437
1,3.5,right-hand,0.1226,0.8774
1,3.5,right-hand,0.2241,0.7759
1,3.5,left-hand,0.8999,0.1001
1,3.5,right-hand,0.1007,0.8993
1,3.5,right-hand,0.1198,0.8802
1,3.5,right-hand,0.2608,0.7392
1,3.5,left-hand,0.6804,0.3196
1,3.5,right-hand,0.7449,0.2551
1,3.5,right-hand,0.486,0.514
1,3.5,right-hand,0.1353,0.8647
1,3.5,left-hand,0.3762,0.6238
1,3.5,left-hand,0.8299,0.1701
1,3.5,left-hand,0.2772,0.7228
1,3.5,right-hand,0.1415,0.8585
1,3.5,right-hand,0.8269,0.1731
1,3.5,right-hand,0.7455,0.2545
1,3.5,left-hand,0.5967,0.4033
1,3.5,left-hand,0.3357,0.6643
1,3.5,right-hand,0.0561,0.9439
1,3.5,left-hand,0.8688,0.1312
1,3.5,right-hand,0.1018,0.8982
1,3.5,left-hand,0.8884,0.1116
1,3.5,right-hand,0.868,0.132
1,3.5,left-hand,0.7624,0.2376
1,3.5,left-hand,0.7071,0.2929
1,3.5,left-hand,0.5902,0.4098
1,3.5,left-hand,0.9341,0.0659
1,3.5,left-hand,0.8558,0.1442
1,3.5,right-hand,0.7489,0.2511
1,3.5,right-hand,0.4721,0.5279
1,3.5,left-hand,0.9806,0.0194
1,3.5,right-hand,0.3105,0.6895
1,3.5,left-hand,0.2506,0.7494
1,3.5,left-hand,0.7514,0.2486
1,3.5,left-hand,0.7592,0.2408
1,3.5,left-hand,0.2053,0.7947
1,3.5,left-hand,0.7764,0.2236
1,3.5,left-hand,0.8252,0.1748
1,3.5,left-hand,0.7926,0.2074
1,3.5,left-hand,0.7128,0.2872
1,3.5,right-hand,0.2776,0.7224
1,3.5,right-hand,0.4385,0.5615
1,3.5,right-hand,0.7737,0.2263
1,3.5,right-hand,0.8667,0.1333
1,3.5,left-hand,0.748,0.252
1,3.5,right-hand,0.2589,0.7411
1,3.5,left-hand,0.9211,0.0789
1,3.5,left-hand,0.8245,0.1755
1,3.5,right-hand,0.3353,0.6647
1,3.5,right-hand,0.6435,0.3565
1,3.5,right-hand,0.7098,0.2902
1,3.5,left-hand,0.5996,0.4004
1,3.5,right-hand,0.4075,0.5925
1,3.5,left-hand,0.8715,0.1285
1,3.5,right-hand,0.6569,0.3431
2,3.5,right-hand,0.2199,0.7801
2,3.5,right-hand,0.4799,0.5201
2,3.5,left-hand,0.8217,0.1783
2,3.5,left-hand,0.4822,0.5178
2,3.5,right-hand,0.1876,0.8124
2,3.5,left-hand,0.7637,0.2363
2,3.5,left-hand,0.1057,0.8943
2,3.5,right-hand,0.3266,0.6734
2,3.5,left-hand,0.4445,0.5555
2,3.5,left-hand,0.0395,0.9605
2,3.5,right-hand,0.8572,0.1428
2,3.5,right-hand,0.7952,0.2048
2,3.5,right-hand,0.7207,0.2793
2,3.5,left-hand,0.5599,0.4401
2,3.5,right-hand,0.1116,0.8884
2,3.5,right-hand,0.0616,0.9384
2,3.5,left-hand,0.6605,0.3395
2,3.5,right-hand,0.3957,0.6043
2,3.5,left-hand,0.8704,0.1296
2,3.5,left-hand,0.4795,0.5205
2,3.5,left-hand,0.2865,0.7135
2,3.5,right-hand,0.469,0.531
2,3.5,left-hand,0.6704,0.3296
2,3.5,right-hand,0.425,0.575
2,3.5,left-hand,0.4432,0.5568
2,3.5,left-hand,0.7542,0.2458
2,3.5,right-hand,0.1263,0.8737
2,3.5,left-hand,0.5641,0.4359
2,3.5,left-hand,0.2093,0.7907
2,3.5,left-hand,0.8737,0.1263
2,3.5,left-hand,0.5609,0.4391
2,3.5,right-hand,0.7205,0.2795
2,3.5,right-hand,0.5222,0.4778
2,3.5,right-hand,0.6376,0.3624
2,3.5,left-hand,0.7217,0.2783
2,3.5,left-hand,0.7712,0.2288
2,3.5,right-hand,0.6885,0.3115
2,3.5,right-hand,0.8536,0.1464
2,3.5,left-hand,0.8967,0.1033
2,3.5,right-hand,0.7063,0.2937
2,3.5,left-hand,0.5404,0.4596
2,3.5,left-hand,0.9605,0.0395
2,3.5,left-hand,0.3059,0.6941
2,3.5,right-hand,0.6939,0.3061
2,3.5,right-hand,0.7227,0.2773
2,3.5,left-hand,0.5136,0.4864
2,3.5,left-hand,0.2406,0.7594
2,3.5,right-hand,0.5749,0.4251
2,3.5,left-hand,0.4209,0.5791
2,3.5,right-hand,0.4446,0.5554
2,3.5,left-hand,0.3953,0.6047
2,3.5,left-hand,0.5022,0.4978
2,3.5,right-hand,0.1945,0.8055
2,3.5,left-hand,0.7928,0.2072
2,3.5,left-hand,0.6716,0.3284
2,3.5,right-hand,0.6658,0.3342
2,3.5,left-hand,0.5726,0.4274
2,3.5,left-hand,0.2844,0.7156
2,3.5,left-hand,0.2817,0.7183
2,3.5,right-hand,0.1092,0.8908
2,3.5,left-hand,0.062,0.938
2,3.5,left-hand,0.8763,0.1237
2,3.5,right-hand,0.0901,0.9099
2,3.5,left-hand,0.5301,0.4699
2,3.5,right-hand,0.8396,0.1604
2,3.5,left-hand,0.91,0.09
2,3.5,right-hand,0.5785,0.4215
2,3.5,right-hand,0.7668,0.2332
2,3.5,right-hand,0.1389,0.8611
2,3.5,left-hand,0.944,0.056
2,3.5,right-hand,0.0315,0.9685
2,3.5,left-hand,0.7513,0.2487
2,3.5,left-hand,0.5759,0.4241
2,3.5,right-hand,0.1848,0.8152
2,3.5,left-hand,0.9706,0.0294
2,3.5,right-hand,0.1598,0.8402
2,3.5,left-hand,0.561,0.439
2,3.5,left-hand,0.3038,0.6962
2,3.5,left-hand,0.5797,0.4203
2,3.5,right-hand,0.1491,0.8509
2,3.5,left-hand,0.8704,0.1296
2,3.5,left-hand,0.316,0.684
2,3.5,left-hand,0.378,0.622
2,3.5,right-hand,0.2172,0.7828
2,3.5,right-hand,0.8194,0.1806
2,3.5,right-hand,0.2872,0.7128
2,3.5,right-hand,0.4032,0.5968
2,3.5,right-hand,0.1819,0.8181
2,3.5,left-hand,0.3967,0.6033
2,3.5,right-hand,0.2236,0.7764
2,3.5,right-hand,0.201,0.799
2,3.5,right-hand,0.0496,0.9504
2,3.5,right-hand,0.2962,0.7038
2,3.5,left-hand,0.3572,0.6428
2,3.5,left-hand,0.8984,0.1016
2,3.5,right-hand,0.1952,0.8048
2,3.5,right-hand,0.1106,0.8894
2,3.5,left-hand,0.9285,0.0715
2,3.5,right-hand,0.1574,0.8426
2,3.5,left-hand,0.7535,0.2465
2,3.5,left-hand,0.3421,0.6579
2,3.5,left-hand,0.7463,0.2537
2,3.5,left-hand,0.1578,0.8422
2,3.5,right-hand,0.1967,0.8033
2,3.5,left-hand,0.5801,0.4199
2,3.5,right-hand,0.1214,0.8786
2,3.5,left-hand,0.2971,0.7029
2,3.5,right-hand,0.3972,0.6028
2,3.5,left-hand,0.9529,0.0471
2,3.5,left-hand,0.8089,0.1911
2,3.5,left-hand,0.3873,0.6127
2,3.5,right-hand,0.5821,0.4179
2,3.5,right-hand,0.2816,0.7184
2,3.5,right-hand,0.0465,0.9535
2,3.5,right-hand,0.9483,0.0517
2,3.5,right-hand,0.3023,0.6977
2,3.5,right-hand,0.5782,0.4218
2,3.5,right-hand,0.414,0.586
2,3.5,left-hand,0.6049,0.3951
2,3.5,right-hand,0.9279,0.0721
2,3.5,left-hand,0.0378,0.9622
2,3.5,right-hand,0.3236,0.6764
2,3.5,left-hand,0.4102,0.5898
2,3.5,right-hand,0.6089,0.3911
2,3.5,right-hand,0.8904,0.1096
2,3.5,right-hand,0.0611,0.9389
2,3.5,left-hand,0.2963,0.7037
2,3.5,right-hand,0.7727,0.2273
2,3.5,right-hand,0.2399,0.7601
2,3.5,left-hand,0.4805,0.5195
2,3.5,right-hand,0.9709,0.0291
2,3.5,right-hand,0.5607,0.4393
2,3.5,right-hand,0.2642,0.7358
2,3.5,right-hand,0.2322,0.7678
2,3.5,right-hand,0.7557,0.2443
2,3.5,left-hand,0.8726,0.1274
2,3.5,left-hand,0.4587,0.5413
2,3.5,left-hand,0.9447,0.0553
2,3.5,left-hand,0.6683,0.3317
2,3.5,right-hand,0.6934,0.3066
2,3.5,right-hand,0.568,0.432
2,3.5,right-hand,0.1479,0.8521
2,3.5,left-hand,0.8229,0.1771
2,3.5,left-hand,0.9699,0.0301
3,3.5,right-hand,0.0536,0.9464
3,3.5,right-hand,0.0901,0.9099
3,3.5,right-hand,0.2776,0.7224
3,3.5,left-hand,0.2479,0.7521
3,3.5,left-hand,0.3089,0.6911
3,3.5,right-hand,0.533,0.467
3,3.5,left-hand,0.6512,0.3488
3,3.5,right-hand,0.4517,0.5483
3,3.5,right-hand,0.4597,0.5403
3,3.5,right-hand,0.5362,0.4638
3,3.5,right-hand,0.1474,0.8526
3,3.5,right-hand,0.8781,0.1219
3,3.5,left-hand,0.8386,0.1614
3,3.5,left-hand,0.9036,0.0964
3,3.5,left-hand,0.4159,0.5841
3,3.5,right-hand,0.2801,0.7199
3,3.5,right-hand,0.7052,0.2948
3,3.5,right-hand,0.5532,0.4468
3,3.5,left-hand,0.3165,0.6835
3,3.5,right-hand,0.2741,0.7259
3,3.5,left-hand,0.4716,0.5284
3,3.5,right-hand,0.2787,0.7213
3,3.5,left-hand,0.8413,0.1587
3,3.5,right-hand,0.5641,0.4359
3,3.5,right-hand,0.2789,0.7211
3,3.5,left-hand,0.5223,0.4777
3,3.5,left-hand,0.6669,0.3331
3,3.5,left-hand,0.5858,0.4142
3,3.5,right-hand,0.6741,0.3259
3,3.5,left-hand,0.2336,0.7664
3,3.5,left-hand,0.8456,0.1544
3,3.5,right-hand,0.7284,0.2716
3,3.5,left-hand,0.7392,0.2608
3,3.5,left-hand,0.536,0.464
3,3.5,right-hand,0.9378,0.0622
3,3.5,left-hand,0.4827,0.5173
3,3.5,right-hand,0.3761,0.6239
3,3.5,right-hand,0.2446,0.7554
3,3.5,left-hand,0.7754,0.2246
3,3.5,left-hand,0.6966,0.3034
3,3.5,right-hand,0.5902,0.4098
3,3.5,left-hand,0.4472,0.5528
3,3.5,left-hand,0.5178,0.4822
3,3.5,left-hand,0.4193,0.5807
3,3.5,left-hand,0.9216,0.0784
3,3.5,right-hand,0.2559,0.7441
3,3.5,left-hand,0.3725,0.6275
3,3.5,right-hand,0.8905,0.1095
3,3.5,right-hand,0.0474,0.9526
3,3.5,left-hand,0.5833,0.4167
3,3.5,right-hand,0.7893,0.2107
3,3.5,right-hand,0.0851,0.9149
3,3.5,right-hand,0.2446,0.7554
3,3.5,right-hand,0.9039,0.0961
3,3.5,left-hand,0.3921,0.6079
3,3.5,left-hand,0.9676,0.0324
3,3.5,right-hand,0.1974,0.8026
3,3.5,left-hand,0.8529,0.1471
3,3.5,left-hand,0.8701,0.1299
3,3.5,left-hand,0.4212,0.5788
3,3.5,right-hand,0.0963,0.9037
3,3.5,right-hand,0.1875,0.8125
3,3.5,right-hand,0.1609,0.8391
3,3.5,left-hand,0.8427,0.1573
3,3.5,left-hand,0.6825,0.3175
3,3.5,right-hand,0.0726,0.9274
3,3.5,right-hand,0.0416,0.9584
3,3.5,left-hand,0.8026,0.1974
3,3.5,left-hand,0.5968,0.4032
3,3.5,right-hand,0.1711,0.8289
3,3.5,left-hand,0.3253,0.6747
3,3.5,left-hand,0.5267,0.4733
3,3.5,left-hand,0.1592,0.8408
3,3.5,left-hand,0.9178,0.0822
3,3.5,right-hand,0.2834,0.7166
3,3.5,right-hand,0.9355,0.0645
3,3.5,left-hand,0.8284,0.1716
3,3.5,right-hand,0.2261,0.7739
3,3.5,left-hand,0.3738,0.6262
3,3.5,right-hand,0.0586,0.9414
3,3.5,left-hand,0.8111,0.1889
3,3.5,right-hand,0.1155,0.8845
3,3.5,right-hand,0.5197,0.4803
3,3.5,right-hand,0.1675,0.8325
3,3.5,right-hand,0.5485,0.4515
3,3.5,left-hand,0.8646,0.1354
3,3.5,right-hand,0.4027,0.5973
3,3.5,right-hand,0.2329,0.7671
3,3.5,right-hand,0.0209,0.9791
3,3.5,left-hand,0.3309,0.6691
3,3.5,left-hand,0.5302,0.4698
3,3.5,left-hand,0.4469,0.5531
3,3.5,left-hand,0.2272,0.7728
3,3.5,left-hand,0.2348,0.7652
3,3.5,left-hand,0.5488,0.4512
3,3.5,right-hand,0.7655,0.2345
3,3.5,left-hand,0.9099,0.0901
3,3.5,right-hand,0.4873,0.5127
3,3.5,right-hand,0.3287,0.6713
3,3.5,right-hand,0.5614,0.4386
3,3.5,right-hand,0.1354,0.8646
3,3.5,right-hand,0.2905,0.7095
3,3.5,right-hand,0.1948,0.8052
3,3.5,right-hand,0.574,0.426
3,3.5,left-hand,0.7268,0.2732
3,3.5,left-hand,0.2325,0.7675
3,3.5,left-hand,0.1244,0.8756
3,3.5,left-hand,0.8441,0.1559
3,3.5,left-hand,0.8846,0.1154
3,3.5,right-hand,0.1079,0.8921
3,3.5,left-hand,0.1237,0.8763
3,3.5,right-hand,0.2617,0.7383
3,3.5,right-hand,0.4868,0.5132
3,3.5,right-hand,0.8818,0.1182
3,3.5,left-hand,0.9286,0.0714
3,3.5,left-hand,0.9707,0.0293
3,3.5,right-hand,0.0509,0.9491
3,3.5,left-hand,0.6921,0.3079
3,3.5,left-hand,0.7384,0.2616
3,3.5,left-hand,0.3385,0.6615
3,3.5,left-hand,0.6993,0.3007
3,3.5,right-hand,0.3098,0.6902
3,3.5,right-hand,0.2318,0.7682
3,3.5,right-hand,0.3136,0.6864
3,3.5,left-hand,0.565,0.435
3,3.5,left-hand,0.7196,0.2804
3,3.5,left-hand,0.7397,0.2603
3,3.5,right-hand,0.1605,0.8395
3,3.5,left-hand,0.9391,0.0609
3,3.5,left-hand,0.973,0.027
3,3.5,right-hand,0.3875,0.6125
3,3.5,right-hand,0.0565,0.9435
3,3.5,left-hand,0.473,0.527
3,3.5,right-hand,0.8518,0.1482
3,3.5,left-hand,0.4901,0.5099
3,3.5,right-hand,0.3782,0.6218
3,3.5,left-hand,0.7128,0.2872
3,3.5,right-hand,0.795,0.205
3,3.5,left-hand,0.8085,0.1915
3,3.5,right-hand,0.0954,0.9046
3,3.5,right-hand,0.7684,0.2316
3,3.5,left-hand,0.691,0.309
3,3.5,right-hand,0.1291,0.8709
3,3.5,left-hand,0.9224,0.0776
4,3.5,left-hand,0.9412,0.0588
4,3.5,right-hand,0.1499,0.8501
4,3.5,left-hand,0.72,0.28
4,3.5,right-hand,0.6812,0.3188
4,3.5,left-hand,0.6713,0.3287
4,3.5,right-hand,0.1159,0.8841
4,3.5,left-hand,0.411,0.589
4,3.5,right-hand,0.3388,0.6612
4,3.5,left-hand,0.5082,0.4918
4,3.5,left-hand,0.6747,0.3253
4,3.5,left-hand,0.3441,0.6559
4,3.5,right-hand,0.8916,0.1084
4,3.5,right-hand,0.6235,0.3765
4,3.5,right-hand,0.6642,0.3358
4,3.5,left-hand,0.7487,0.2513
4,3.5,right-hand,0.2483,0.7517
4,3.5,left-hand,0.8933,0.1067
4,3.5,left-hand,0.8349,0.1651
4,3.5,left-hand,0.055,0.945
4,3.5,right-hand,0.2486,0.7514
4,3.5,left-hand,0.2762,0.7238
4,3.5,right-hand,0.6983,0.3017
4,3.5,right-hand,0.1912,0.8088
4,3.5,right-hand,0.5055,0.4945
4,3.5,right-hand,0.113,0.887
4,3.5,left-hand,0.2238,0.7762
4,3.5,right-hand,0.9391,0.0609
4,3.5,right-hand,0.4047,0.5953
4,3.5,right-hand,0.6213,0.3787
4,3.5,left-hand,0.3271,0.6729
4,3.5,right-hand,0.1891,0.8109
4,3.5,right-hand,0.8232,0.1768
4,3.5,left-hand,0.4056,0.5944
4,3.5,right-hand,0.5455,0.4545
4,3.5,left-hand,0.3268,0.6732
4,3.5,right-hand,0.8998,0.1002
4,3.5,left-hand,0.9665,0.0335
4,3.5,left-hand,0.8533,0.1467
4,3.5,left-hand,0.7662,0.2338
4,3.5,right-hand,0.2379,0.7621
4,3.5,right-hand,0.2895,0.7105
4,3.5,left-hand,0.4963,0.5037
4,3.5,right-hand,0.4954,0.5046
4,3.5,left-hand,0.1104,0.8896
4,3.5,right-hand,0.5999,0.4001
4,3.5,right-hand,0.8476,0.1524
4,3.5,left-hand,0.8666,0.1334
4,3.5,left-hand,0.7528,0.2472
4,3.5,right-hand,0.8419,0.1581
4,3.5,left-hand,0.8723,0.1277
4,3.5,right-hand,0.202,0.798
4,3.5,left-hand,0.5265,0.4735
4,3.5,right-hand,0.1886,0.8114
4,3.5,right-hand,0.8059,0.1941
4,3.5,left-hand,0.9384,0.0616
4,3.5,left-hand,0.6425,0.3575
4,3.5,left-hand,0.6318,0.3682
4,3.5,left-hand,0.8849,0.1151
4,3.5,right-hand,0.1459,0.8541
4,3.5,left-hand,0.8409,0.1591
4,3.5,right-hand,0.3875,0.6125
4,3.5,right-hand,0.8961,0.1039
4,3.5,right-hand,0.1952,0.8048
4,3.5,left-hand,0.6129,0.3871
4,3.5,left-hand,0.883,0.117
4,3.5,left-hand,0.4775,0.5225
4,3.5,right-hand,0.4357,0.5643
4,3.5,right-hand,0.3671,0.6329
4,3.5,right-hand,0.1816,0.8184
4,3.5,right-hand,0.6473,0.3527
4,3.5,left-hand,0.2061,0.7939
4,3.5,right-hand,0.0213,0.9787
4,3.5,right-hand,0.3939,0.6061
4,3.5,left-hand,0.757,0.243
4,3.5,right-hand,0.0983,0.9017
4,3.5,left-hand,0.8102,0.1898
4,3.5,left-hand,0.984,0.016
4,3.5,left-hand,0.0618,0.9382
4,3.5,left-hand,0.3974,0.6026
4,3.5,left-hand,0.0094,0.9906
4,3.5,right-hand,0.5875,0.4125
4,3.5,left-hand,0.3831,0.6169
4,3.5,right-hand,0.1351,0.8649
4,3.5,left-hand,0.137,0.863
4,3.5,left-hand,0.1322,0.8678
4,3.5,left-hand,0.6925,0.3075
4,3.5,right-hand,0.0957,0.9043
4,3.5,right-hand,0.042,0.958
4,3.5,left-hand,0.4816,0.5184
4,3.5,left-hand,0.2081,0.7919
4,3.5,right-hand,0.1735,0.8265
4,3.5,right-hand,0.543,0.457
4,3.5,left-hand,0.0328,0.9672
4,3.5,left-hand,0.1395,0.8605
4,3.5,right-hand,0.7018,0.2982
4,3.5,left-hand,0.1247,0.8753
4,3.5,right-hand,0.23,0.77
4,3.5,left-hand,0.7904,0.2096
4,3.5,left-hand,0.2913,0.7087
4,3.5,left-hand,0.8099,0.1901
4,3.5,right-hand,0.2292,0.7708
4,3.5,right-hand,0.0733,0.9267
4,3.5,right-hand,0.0305,0.9695
4,3.5,right-hand,0.0866,0.9134
4,3.5,right-hand,0.0134,0.9866
4,3.5,right-hand,0.42,0.58
4,3.5,right-hand,0.0901,0.9099
4,3.5,left-hand,0.8436,0.1564
4,3.5,right-hand,0.1858,0.8142
4,3.5,left-hand,0.5951,0.4049
4,3.5,right-hand,0.0517,0.9483
4,3.5,left-hand,0.7884,0.2116
4,3.5,right-hand,0.0642,0.9358
4,3.5,right-hand,0.412,0.588
4,3.5,left-hand,0.5558,0.4442
4,3.5,left-hand,0.87,0.13
4,3.5,right-hand,0.1752,0.8248
4,3.5,left-hand,0.846,0.154
4,3.5,right-hand,0.4949,0.5051
4,3.5,left-hand,0.7005,0.2995
4,3.5,right-hand,0.2609,0.7391
4,3.5,right-hand,0.0373,0.9627
4,3.5,left-hand,0.9724,0.0276
4,3.5,left-hand,0.5923,0.4077
4,3.5,right-hand,0.8404,0.1596
4,3.5,left-hand,0.8408,0.1592
4,3.5,left-hand,0.9255,0.0745
4,3.5,right-hand,0.3421,0.6579
4,3.5,left-hand,0.3646,0.6354
4,3.5,right-hand,0.0163,0.9837
4,3.5,left-hand,0.6084,0.3916
4,3.5,right-hand,0.3859,0.6141
4,3.5,left-hand,0.9144,0.0856
4,3.5,right-hand,0.4829,0.5171
4,3.5,left-hand,0.3764,0.6236
4,3.5,right-hand,0.3649,0.6351
4,3.5,left-hand,0.815,0.185
4,3.5,right-hand,0.2936,0.7064
4,3.5,left-hand,0.4714,0.5286
4,3.5,left-hand,0.678,0.322
4,3.5,left-hand,0.6897,0.3103
4,3.5,right-hand,0.8951,0.1049
4,3.5,right-hand,0.8716,0.1284
4,3.5,left-hand,0.9427,0.0573
5,3.5,left-hand,0.3129,0.6871
5,3.5,right-hand,0.7208,0.2792
5,3.5,right-hand,0.4156,0.5844
5,3.5,left-hand,0.2553,0.7447
5,3.5,left-hand,0.8487,0.1513
5,3.5,right-hand,0.6992,0.3008
5,3.5,left-hand,0.5281,0.4719
5,3.5,right-hand,0.4156,0.5844
5,3.5,left-hand,0.3245,0.6755
5,3.5,left-hand,0.6933,0.3067
5,3.5,left-hand,0.4828,0.5172
5,3.5,right-hand,0.3677,0.6323
5,3.5,left-hand,0.5484,0.4516
5,3.5,left-hand,0.5129,0.4871
5,3.5,right-hand,0.5602,0.4398
5,3.5,right-hand,0.4571,0.5429
5,3.5,left-hand,0.0721,0.9279
5,3.5,left-hand,0.6785,0.3215
5,3.5,right-hand,0.2033,0.7967
5,3.5,left-hand,0.313,0.687
5,3.5,right-hand,0.2672,0.7328
5,3.5,right-hand,0.2719,0.7281
5,3.5,right-hand,0.6021,0.3979
5,3.5,left-hand,0.917,0.083
5,3.5,right-hand,0.3629,0.6371
5,3.5,right-hand,0.0496,0.9504
5,3.5,right-hand,0.9488,0.0512
5,3.5,left-hand,0.6985,0.3015
5,3.5,left-hand,0.3662,0.6338
5,3.5,right-hand,0.7128,0.2872
5,3.5,right-hand,0.3665,0.6335
5,3.5,left-hand,0.7579,0.2421
5,3.5,left-hand,0.6385,0.3615
5,3.5,left-hand,0.612,0.388
5,3.5,right-hand,0.1929,0.8071
5,3.5,right-hand,0.5822,0.4178
5,3.5,right-hand,0.2884,0.7116
5,3.5,left-hand,0.3563,0.6437
5,3.5,left-hand,0.802,0.198
5,3.5,left-hand,0.2876,0.7124
5,3.5,right-hand,0.5242,0.4758
5,3.5,left-hand,0.9606,0.0394
5,3.5,right-hand,0.3232,0.6768
5,3.5,right-hand,0.5853,0.4147
5,3.5,left-hand,0.4451,0.5549
5,3.5,right-hand,0.7589,0.2411
5,3.5,right-hand,0.1811,0.8189
5,3.5,left-hand,0.552,0.448
5,3.5,right-hand,0.5605,0.4395
5,3.5,right-hand,0.329,0.671
5,3.5,left-hand,0.3378,0.6622
5,3.5,left-hand,0.5899,0.4101
5,3.5,right-hand,0.2354,0.7646
5,3.5,right-hand,0.2914,0.7086
5,3.5,left-hand,0.9721,0.0279
5,3.5,left-hand,0.6831,0.3169
5,3.5,right-hand,0.3943,0.6057
5,3.5,right-hand,0.0736,0.9264
5,3.5,right-hand,0.5776,0.4224
5,3.5,right-hand,0.4971,0.5029
5,3.5,right-hand,0.284,0.716
5,3.5,right-hand,0.0934,0.9066
5,3.5,right-hand,0.1016,0.8984
5,3.5,left-hand,0.9452,0.0548
5,3.5,left-hand,0.4442,0.5558
5,3.5,left-hand,0.8818,0.1182
5,3.5,left-hand,0.9704,0.0296
5,3.5,left-hand,0.9294,0.0706
5,3.5,right-hand,0.2507,0.7493
5,3.5,left-hand,0.9473,0.0527
5,3.5,right-hand,0.2968,0.7032
5,3.5,right-hand,0.1289,0.8711
5,3.5,left-hand,0.8226,0.1774
5,3.5,left-hand,0.0721,0.9279
5,3.5,left-hand,0.8356,0.1644
5,3.5,left-hand,0.9777,0.0223
5,3.5,right-hand,0.1098,0.8902
5,3.5,right-hand,0.1182,0.8818
5,3.5,right-hand,0.0872,0.9128
5,3.5,right-hand,0.4094,0.5906
5,3.5,right-hand,0.0499,0.9501
5,3.5,left-hand,0.2013,0.7987
5,3.5,left-hand,0.5683,0.4317
5,3.5,left-hand,0.8195,0.1805
5,3.5,left-hand,0.4676,0.5324
5,3.5,right-hand,0.0889,0.9111
5,3.5,left-hand,0.146,0.854
5,3.5,right-hand,0.0964,0.9036
5,3.5,right-hand,0.3092,0.6908
5,3.5,left-hand,0.2208,0.7792
5,3.5,right-hand,0.2374,0.7626
5,3.5,left-hand,0.5598,0.4402
5,3.5,left-hand,0.8795,0.1205
5,3.5,right-hand,0.886,0.114
5,3.5,left-hand,0.6018,0.3982
5,3.5,right-hand,0.2086,0.7914
5,3.5,left-hand,0.4527,0.5473
5,3.5,left-hand,0.4312,0.5688
5,3.5,right-hand,0.0534,0.9466
5,3.5,left-hand,0.5918,0.4082
5,3.5,left-hand,0.5182,0.4818
5,3.5,left-hand,0.4113,0.5887
5,3.5,right-hand,0.0448,0.9552
5,3.5,right-hand,0.7385,0.2615
5,3.5,right-hand,0.0655,0.9345
5,3.5,right-hand,0.0334,0.9666
5,3.5,right-hand,0.0761,0.9239
5,3.5,right-hand,0.1819,0.8181
5,3.5,left-hand,0.6698,0.3302
5,3.5,left-hand,0.5448,0.4552
5,3.5,right-hand,0.4166,0.5834
5,3.5,right-hand,0.2278,0.7722
5,3.5,left-hand,0.7018,0.2982
5,3.5,left-hand,0.2514,0.7486
5,3.5,right-hand,0.1587,0.8413
5,3.5,left-hand,0.7999,0.2001
5,3.5,left-hand,0.5788,0.4212
5,3.5,left-hand,0.6788,0.3212
5,3.5,left-hand,0.9296,0.0704
5,3.5,right-hand,0.9255,0.0745
5,3.5,right-hand,0.1385,0.8615
5,3.5,right-hand,0.2782,0.7218
5,3.5,right-hand,0.2013,0.7987
5,3.5,left-hand,0.7205,0.2795
5,3.5,left-hand,0.9204,0.0796
5,3.5,left-hand,0.702,0.298
5,3.5,left-hand,0.9547,0.0453
5,3.5,right-hand,0.3069,0.6931
5,3.5,left-hand,0.724,0.276
5,3.5,right-hand,0.2758,0.7242
5,3.5,left-hand,0.8723,0.1277
5,3.5,right-hand,0.1032,0.8968
5,3.5,right-hand,0.4196,0.5804
5,3.5,left-hand,0.8656,0.1344
5,3.5,right-hand,0.3475,0.6525
5,3.5,right-hand,0.2611,0.7389
5,3.5,left-hand,0.7889,0.2111
5,3.5,left-hand,0.7111,0.2889
5,3.5,right-hand,0.9354,0.0646
5,3.5,left-hand,0.7775,0.2225
5,3.5,right-hand,0.5793,0.4207
5,3.5,left-hand,0.919,0.081
5,3.5,right-hand,0.6493,0.3507
5,3.5,left-hand,0.6379,0.3621
