fold,tmin,true_label,left-hand,right-hand
1,3.5,left-hand,0.0004,0.9996
1,3.5,right-hand,0.498,0.502
1,3.5,left-hand,0.8101,0.1899
1,3.5,right-hand,0.3055,0.6945
1,3.5,right-hand,0.5032,0.4968
1,3.5,right-hand,0.2335,0.7665
1,3.5,left-hand,0.4841,0.5159
1,3.5,right-hand,0.7252,0.2748
1,3.5,right-hand,0.5074,0.4926
1,3.5,left-hand,0.4954,0.5046
1,3.5,right-hand,0.4698,0.5302
1,3.5,right-hand,0.5776,0.4224
1,3.5,left-hand,0.5563,0.4437
1,3.5,right-hand,0.4745,0.5255
1,3.5,left-hand,0.5598,0.4402
1,3.5,left-hand,0.5331,0.4669
1,3.5,left-hand,0.5881,0.4119
1,3.5,left-hand,0.5872,0.4128
1,3.5,right-hand,0.5651,0.4349
1,3.5,right-hand,0.5225,0.4775
1,3.5,left-hand,0.4725,0.5275
1,3.5,right-hand,0.6098,0.3902
1,3.5,left-hand,0.8267,0.1733
1,3.5,left-hand,0.5176,0.4824
1,3.5,right-hand,0.7671,0.2329
1,3.5,right-hand,0.5674,0.4326
1,3.5,right-hand,0.6805,0.3195
1,3.5,left-hand,0.4654,0.5346
1,3.5,left-hand,0.8274,0.1726
1,3.5,left-hand,0.7899,0.2101
1,3.5,right-hand,0.6938,0.3062
1,3.5,right-hand,0.5739,0.4261
1,3.5,right-hand,0.0274,0.9726
1,3.5,right-hand,0.59,0.41
1,3.5,left-hand,0.6741,0.3259
1,3.5,left-hand,0.4947,0.5053
1,3.5,right-hand,0.6963,0.3037
1,3.5,right-hand,0.7542,0.2458
1,3.5,left-hand,0.7829,0.2171
1,3.5,right-hand,0.5697,0.4303
1,3.5,left-hand,0.4513,0.5487
1,3.5,right-hand,0.5357,0.4643
1,3.5,left-hand,0.643,0.357
1,3.5,left-hand,0.5722,0.4278
1,3.5,right-hand,0.6469,0.3531
1,3.5,left-hand,0.7399,0.2601
1,3.5,left-hand,0.4995,0.5005
1,3.5,right-hand,0.5297,0.4703
1,3.5,right-hand,0.5429,0.4571
1,3.5,left-hand,1.0,0.0
1,3.5,right-hand,0.5918,0.4082
1,3.5,right-hand,0.2771,0.7229
1,3.5,left-hand,0.6083,0.3917
1,3.5,left-hand,0.5603,0.4397
1,3.5,left-hand,0.5762,0.4238
1,3.5,right-hand,0.4366,0.5634
1,3.5,right-hand,0.522,0.478
1,3.5,right-hand,0.5431,0.4569
1,3.5,left-hand,0.584,0.416
1,3.5,left-hand,0.4022,0.5978
1,3.5,left-hand,0.7089,0.2911
1,3.5,left-hand,0.6888,0.3112
1,3.5,left-hand,0.7528,0.2472
1,3.5,left-hand,0.5433,0.4567
1,3.5,left-hand,0.5534,0.4466
1,3.5,right-hand,0.6111,0.3889
1,3.5,left-hand,0.4775,0.5225
1,3.5,right-hand,0.8528,0.1472
1,3.5,left-hand,0.7161,0.2839
1,3.5,right-hand,0.5732,0.4268
1,3.5,left-hand,0.5342,0.4658
1,3.5,right-hand,0.4888,0.5112
1,3.5,left-hand,0.6626,0.3374
1,3.5,right-hand,0.7358,0.2642
1,3.5,left-hand,0.5852,0.4148
1,3.5,left-hand,0.7895,0.2105
1,3.5,left-hand,0.6698,0.3302
1,3.5,left-hand,0.5866,0.4134
1,3.5,right-hand,0.5723,0.4277
1,3.5,right-hand,0.6278,0.3722
1,3.5,right-hand,0.4467,0.5533
1,3.5,left-hand,0.8322,0.1678
1,3.5,left-hand,0.5222,0.4778
1,3.5,right-hand,0.5621,0.4379
1,3.5,left-hand,0.6032,0.3968
1,3.5,right-hand,0.5849,0.4151
1,3.5,right-hand,0.5109,0.4891
1,3.5,left-hand,0.03,0.97
1,3.5,left-hand,0.5902,0.4098
1,3.5,right-hand,0.4898,0.5102
1,3.5,right-hand,0.4436,0.5564
1,3.5,left-hand,0.4184,0.5816
1,3.5,left-hand,0.5848,0.4152
1,3.5,left-hand,0.4288,0.5712
1,3.5,left-hand,0.6173,0.3827
1,3.5,left-hand,0.4848,0.5152
1,3.5,right-hand,0.5235,0.4765
1,3.5,left-hand,0.5241,0.4759
1,3.5,right-hand,0.5729,0.4271
1,3.5,right-hand,0.5156,0.4844
1,3.5,right-hand,0.6776,0.3224
1,3.5,right-hand,0.5624,0.4376
1,3.5,right-hand,0.4689,0.5311
1,3.5,right-hand,0.4431,0.5569
1,3.5,right-hand,0.5524,0.4476
1,3.5,right-hand,0.6149,0.3851
1,3.5,right-hand,0.5945,0.4055
1,3.5,right-hand,0.7575,0.2425
1,3.5,left-hand,0.5123,0.4877
1,3.5,left-hand,0.5834,0.4166
1,3.5,right-hand,0.5961,0.4039
1,3.5,right-hand,0.7021,0.2979
1,3.5,right-hand,0.5641,0.4359
1,3.5,right-hand,0.5612,0.4388
1,3.5,right-hand,0.6781,0.3219
1,3.5,right-hand,0.6383,0.3617
1,3.5,left-hand,0.5105,0.4895
1,3.5,right-hand,0.5635,0.4365
1,3.5,left-hand,0.3097,0.6903
1,3.5,left-hand,0.4992,0.5008
1,3.5,left-hand,0.561,0.439
1,3.5,right-hand,0.6692,0.3308
1,3.5,right-hand,0.568,0.432
1,3.5,left-hand,0.5802,0.4198
1,3.5,right-hand,0.767,0.233
1,3.5,right-hand,0.8275,0.1725
1,3.5,right-hand,0.5883,0.4117
1,3.5,left-hand,0.532,0.468
1,3.5,left-hand,0.5251,0.4749
1,3.5,left-hand,0.5622,0.4378
1,3.5,left-hand,0.5591,0.4409
1,3.5,right-hand,0.6341,0.3659
1,3.5,left-hand,0.5552,0.4448
1,3.5,left-hand,0.55,0.45
1,3.5,left-hand,0.6655,0.3345
1,3.5,left-hand,0.5721,0.4279
2,3.5,right-hand,0.5942,0.4058
2,3.5,right-hand,0.631,0.369
2,3.5,left-hand,0.6054,0.3946
2,3.5,right-hand,0.66,0.34
2,3.5,right-hand,0.6662,0.3338
2,3.5,right-hand,0.519,0.481
2,3.5,right-hand,0.6556,0.3444
2,3.5,left-hand,0.603,0.397
2,3.5,left-hand,0.5627,0.4373
2,3.5,left-hand,0.5955,0.4045
2,3.5,left-hand,0.5811,0.4189
2,3.5,left-hand,0.6023,0.3977
2,3.5,right-hand,0.6705,0.3295
2,3.5,right-hand,0.543,0.457
2,3.5,right-hand,0.6073,0.3927
2,3.5,left-hand,0.595,0.405
2,3.5,right-hand,0.5832,0.4168
2,3.5,left-hand,0.6032,0.3968
2,3.5,left-hand,0.5188,0.4812
2,3.5,right-hand,0.5543,0.4457
2,3.5,left-hand,0.581,0.419
2,3.5,right-hand,0.6069,0.3931
2,3.5,right-hand,0.6523,0.3477
2,3.5,right-hand,0.5155,0.4845
2,3.5,left-hand,0.5574,0.4426
2,3.5,right-hand,0.5888,0.4112
2,3.5,right-hand,0.6395,0.3605
2,3.5,left-hand,0.5852,0.4148
2,3.5,left-hand,0.6687,0.3313
2,3.5,right-hand,0.6619,0.3381
2,3.5,right-hand,0.6857,0.3143
2,3.5,right-hand,0.5976,0.4024
2,3.5,left-hand,0.5725,0.4275
2,3.5,right-hand,0.5938,0.4062
2,3.5,left-hand,0.6969,0.3031
2,3.5,right-hand,0.736,0.264
2,3.5,right-hand,0.6859,0.3141
2,3.5,left-hand,0.9991,0.0009
2,3.5,left-hand,0.7103,0.2897
2,3.5,left-hand,0.6846,0.3154
2,3.5,left-hand,0.6936,0.3064
2,3.5,left-hand,0.6734,0.3266
2,3.5,left-hand,0.6521,0.3479
2,3.5,right-hand,0.6541,0.3459
2,3.5,left-hand,0.8519,0.1481
2,3.5,left-hand,0.6891,0.3109
2,3.5,right-hand,0.6497,0.3503
2,3.5,right-hand,0.6361,0.3639
2,3.5,left-hand,0.62,0.38
2,3.5,right-hand,0.5718,0.4282
2,3.5,left-hand,0.592,0.408
2,3.5,right-hand,0.6827,0.3173
2,3.5,left-hand,0.7563,0.2437
2,3.5,right-hand,0.6697,0.3303
2,3.5,right-hand,0.6373,0.3627
2,3.5,right-hand,0.6547,0.3453
2,3.5,left-hand,0.7907,0.2093
2,3.5,right-hand,0.5906,0.4094
2,3.5,right-hand,0.6493,0.3507
2,3.5,right-hand,0.5776,0.4224
2,3.5,left-hand,0.6714,0.3286
2,3.5,left-hand,0.606,0.394
2,3.5,right-hand,0.6881,0.3119
2,3.5,right-hand,0.5384,0.4616
2,3.5,left-hand,0.7835,0.2165
2,3.5,right-hand,0.6328,0.3672
2,3.5,left-hand,0.6508,0.3492
2,3.5,right-hand,0.7032,0.2968
2,3.5,left-hand,0.5628,0.4372
2,3.5,right-hand,0.6919,0.3081
2,3.5,right-hand,0.6027,0.3973
2,3.5,right-hand,0.5675,0.4325
2,3.5,right-hand,0.6688,0.3312
2,3.5,right-hand,0.563,0.437
2,3.5,left-hand,0.5814,0.4186
2,3.5,left-hand,0.6796,0.3204
2,3.5,left-hand,0.6817,0.3183
2,3.5,left-hand,0.5341,0.4659
2,3.5,left-hand,0.6036,0.3964
2,3.5,right-hand,0.4033,0.5967
2,3.5,right-hand,0.6559,0.3441
2,3.5,left-hand,0.6233,0.3767
2,3.5,right-hand,0.7383,0.2617
2,3.5,left-hand,0.5766,0.4234
2,3.5,left-hand,0.6611,0.3389
2,3.5,left-hand,0.6002,0.3998
2,3.5,left-hand,0.522,0.478
2,3.5,right-hand,0.5561,0.4439
2,3.5,left-hand,0.5698,0.4302
2,3.5,right-hand,0.6368,0.3632
2,3.5,right-hand,0.5922,0.4078
2,3.5,right-hand,0.6645,0.3355
2,3.5,right-hand,0.5896,0.4104
2,3.5,right-hand,0.6606,0.3394
2,3.5,left-hand,0.5957,0.4043
2,3.5,left-hand,0.6894,0.3106
2,3.5,left-hand,0.5727,0.4273
2,3.5,right-hand,0.5638,0.4362
2,3.5,right-hand,0.6249,0.3751
2,3.5,right-hand,0.617,0.383
2,3.5,left-hand,0.6393,0.3607
2,3.5,left-hand,0.5392,0.4608
2,3.5,left-hand,0.8103,0.1897
2,3.5,right-hand,0.582,0.418
2,3.5,right-hand,0.6628,0.3372
2,3.5,left-hand,0.6394,0.3606
2,3.5,left-hand,0.5103,0.4897
2,3.5,left-hand,0.6835,0.3165
2,3.5,left-hand,0.6679,0.3321
2,3.5,left-hand,0.5127,0.4873
2,3.5,left-hand,0.6699,0.3301
2,3.5,left-hand,0.6031,0.3969
2,3.5,left-hand,0.6452,0.3548
2,3.5,left-hand,0.664,0.336
2,3.5,left-hand,0.5935,0.4065
2,3.5,left-hand,0.7072,0.2928
2,3.5,right-hand,0.6578,0.3422
2,3.5,left-hand,0.6029,0.3971
2,3.5,left-hand,0.674,0.326
2,3.5,left-hand,0.5685,0.4315
2,3.5,right-hand,0.5277,0.4723
2,3.5,right-hand,0.6723,0.3277
2,3.5,right-hand,0.6783,0.3217
2,3.5,left-hand,0.5305,0.4695
2,3.5,left-hand,0.6677,0.3323
2,3.5,right-hand,0.5954,0.4046
2,3.5,left-hand,0.6606,0.3394
2,3.5,left-hand,0.575,0.425
2,3.5,right-hand,0.5416,0.4584
2,3.5,right-hand,0.6558,0.3442
2,3.5,right-hand,0.6692,0.3308
2,3.5,left-hand,0.5561,0.4439
2,3.5,right-hand,0.7021,0.2979
2,3.5,right-hand,0.6703,0.3297
2,3.5,right-hand,0.5641,0.4359
2,3.5,right-hand,0.4837,0.5163
3,3.5,left-hand,1.0,0.0
3,3.5,left-hand,0.5878,0.4122
3,3.5,left-hand,0.5344,0.4656
3,3.5,right-hand,0.5639,0.4361
3,3.5,left-hand,0.3681,0.6319
3,3.5,left-hand,0.7653,0.2347
3,3.5,right-hand,0.5687,0.4313
3,3.5,right-hand,0.2584,0.7416
3,3.5,left-hand,0.468,0.532
3,3.5,right-hand,0.5579,0.4421
3,3.5,right-hand,0.5366,0.4634
3,3.5,left-hand,0.7018,0.2982
3,3.5,right-hand,0.6223,0.3777
3,3.5,right-hand,0.5731,0.4269
3,3.5,left-hand,0.5948,0.4052
3,3.5,left-hand,0.445,0.555
3,3.5,left-hand,0.5302,0.4698
3,3.5,right-hand,0.5503,0.4497
3,3.5,left-hand,0.609,0.391
3,3.5,right-hand,0.5163,0.4837
3,3.5,right-hand,0.5131,0.4869
3,3.5,left-hand,0.5386,0.4614
3,3.5,right-hand,0.5995,0.4005
3,3.5,left-hand,0.5343,0.4657
3,3.5,left-hand,0.5415,0.4585
3,3.5,left-hand,0.6941,0.3059
3,3.5,right-hand,0.5485,0.4515
3,3.5,right-hand,0.5507,0.4493
3,3.5,right-hand,0.6293,0.3707
3,3.5,right-hand,0.5816,0.4184
3,3.5,left-hand,0.2113,0.7887
3,3.5,left-hand,0.5487,0.4513
3,3.5,right-hand,0.7921,0.2079
3,3.5,right-hand,0.5659,0.4341
3,3.5,left-hand,0.5307,0.4693
3,3.5,right-hand,0.5983,0.4017
3,3.5,left-hand,0.6497,0.3503
3,3.5,right-hand,0.8175,0.1825
3,3.5,right-hand,0.7068,0.2932
3,3.5,left-hand,0.5716,0.4284
3,3.5,left-hand,0.3888,0.6112
3,3.5,right-hand,0.7434,0.2566
3,3.5,right-hand,0.513,0.487
3,3.5,right-hand,0.4245,0.5755
3,3.5,left-hand,0.5898,0.4102
3,3.5,right-hand,0.6319,0.3681
3,3.5,left-hand,0.6094,0.3906
3,3.5,left-hand,0.5657,0.4343
3,3.5,right-hand,0.5758,0.4242
3,3.5,left-hand,0.5501,0.4499
3,3.5,right-hand,0.3254,0.6746
3,3.5,left-hand,0.7628,0.2372
3,3.5,right-hand,0.5441,0.4559
3,3.5,right-hand,0.4847,0.5153
3,3.5,right-hand,0.6798,0.3202
3,3.5,left-hand,0.589,0.411
3,3.5,left-hand,0.5321,0.4679
3,3.5,right-hand,0.5282,0.4718
3,3.5,right-hand,0.5484,0.4516
3,3.5,right-hand,0.5554,0.4446
3,3.5,left-hand,0.5917,0.4083
3,3.5,right-hand,0.5444,0.4556
3,3.5,right-hand,0.5601,0.4399
3,3.5,left-hand,0.5023,0.4977
3,3.5,left-hand,0.628,0.372
3,3.5,right-hand,0.7188,0.2812
3,3.5,left-hand,0.558,0.442
3,3.5,left-hand,0.6902,0.3098
3,3.5,right-hand,0.5144,0.4856
3,3.5,right-hand,0.585,0.415
3,3.5,right-hand,0.3607,0.6393
3,3.5,left-hand,0.568,0.432
3,3.5,right-hand,0.5568,0.4432
3,3.5,left-hand,0.7337,0.2663
3,3.5,left-hand,0.6005,0.3995
3,3.5,left-hand,0.4461,0.5539
3,3.5,right-hand,0.54,0.46
3,3.5,right-hand,0.6029,0.3971
3,3.5,left-hand,0.4207,0.5793
3,3.5,right-hand,0.6147,0.3853
3,3.5,left-hand,0.5532,0.4468
3,3.5,right-hand,0.5565,0.4435
3,3.5,right-hand,0.5717,0.4283
3,3.5,right-hand,0.5712,0.4288
3,3.5,left-hand,0.521,0.479
3,3.5,left-hand,0.6026,0.3974
3,3.5,left-hand,0.4106,0.5894
3,3.5,right-hand,0.5494,0.4506
3,3.5,left-hand,0.6285,0.3715
3,3.5,left-hand,0.5542,0.4458
3,3.5,left-hand,0.5087,0.4913
3,3.5,left-hand,0.5602,0.4398
3,3.5,right-hand,0.6223,0.3777
3,3.5,left-hand,0.4236,0.5764
3,3.5,right-hand,0.4856,0.5144
3,3.5,left-hand,0.571,0.429
3,3.5,right-hand,0.5355,0.4645
3,3.5,right-hand,0.4815,0.5185
3,3.5,right-hand,0.5473,0.4527
3,3.5,left-hand,0.5791,0.4209
3,3.5,left-hand,0.6992,0.3008
3,3.5,right-hand,0.4918,0.5082
3,3.5,right-hand,0.5445,0.4555
3,3.5,right-hand,0.5589,0.4411
3,3.5,left-hand,0.7668,0.2332
3,3.5,left-hand,0.4956,0.5044
3,3.5,right-hand,0.2837,0.7163
3,3.5,left-hand,0.533,0.467
3,3.5,left-hand,0.598,0.402
3,3.5,right-hand,0.6274,0.3726
3,3.5,right-hand,0.5563,0.4437
3,3.5,right-hand,0.5659,0.4341
3,3.5,left-hand,0.3839,0.6161
3,3.5,left-hand,0.6208,0.3792
3,3.5,left-hand,0.5337,0.4663
3,3.5,left-hand,0.6838,0.3162
3,3.5,left-hand,0.4936,0.5064
3,3.5,right-hand,0.5559,0.4441
3,3.5,right-hand,0.1302,0.8698
3,3.5,right-hand,0.5706,0.4294
3,3.5,right-hand,0.6439,0.3561
3,3.5,left-hand,0.5734,0.4266
3,3.5,right-hand,0.5223,0.4777
3,3.5,left-hand,0.2445,0.7555
3,3.5,right-hand,0.6242,0.3758
3,3.5,left-hand,0.5435,0.4565
3,3.5,left-hand,1.0,0.0
3,3.5,left-hand,0.5677,0.4323
3,3.5,right-hand,0.4119,0.5881
3,3.5,right-hand,0.5398,0.4602
3,3.5,right-hand,0.2779,0.7221
3,3.5,left-hand,0.6834,0.3166
3,3.5,left-hand,0.58,0.42
3,3.5,left-hand,0.5969,0.4031
3,3.5,right-hand,0.5763,0.4237
3,3.5,left-hand,0.5825,0.4175
4,3.5,left-hand,0.649,0.351
4,3.5,right-hand,0.4419,0.5581
4,3.5,left-hand,0.7003,0.2997
4,3.5,left-hand,0.6663,0.3337
4,3.5,right-hand,0.5501,0.4499
4,3.5,right-hand,0.6214,0.3786
4,3.5,right-hand,0.6615,0.3385
4,3.5,left-hand,0.6083,0.3917
4,3.5,left-hand,0.6311,0.3689
4,3.5,right-hand,0.6254,0.3746
4,3.5,left-hand,0.6631,0.3369
4,3.5,left-hand,0.6251,0.3749
4,3.5,left-hand,0.647,0.353
4,3.5,right-hand,0.6463,0.3537
4,3.5,left-hand,0.6529,0.3471
4,3.5,left-hand,0.7671,0.2329
4,3.5,left-hand,0.639,0.361
4,3.5,left-hand,0.7026,0.2974
4,3.5,left-hand,0.7957,0.2043
4,3.5,left-hand,0.7198,0.2802
4,3.5,right-hand,0.6369,0.3631
4,3.5,left-hand,0.6489,0.3511
4,3.5,left-hand,0.7162,0.2838
4,3.5,right-hand,0.6165,0.3835
4,3.5,left-hand,0.8326,0.1674
4,3.5,left-hand,0.6618,0.3382
4,3.5,left-hand,0.9813,0.0187
4,3.5,right-hand,0.7107,0.2893
4,3.5,right-hand,0.6164,0.3836
4,3.5,left-hand,0.6727,0.3273
4,3.5,right-hand,0.7036,0.2964
4,3.5,right-hand,0.6421,0.3579
4,3.5,right-hand,0.6407,0.3593
4,3.5,right-hand,0.58,0.42
4,3.5,right-hand,0.7677,0.2323
4,3.5,right-hand,0.6766,0.3234
4,3.5,left-hand,0.6183,0.3817
4,3.5,right-hand,0.6416,0.3584
4,3.5,left-hand,0.6192,0.3808
4,3.5,left-hand,0.645,0.355
4,3.5,left-hand,0.7013,0.2987
4,3.5,right-hand,0.6602,0.3398
4,3.5,left-hand,0.623,0.377
4,3.5,left-hand,0.6563,0.3437
4,3.5,right-hand,0.6905,0.3095
4,3.5,right-hand,0.6191,0.3809
4,3.5,left-hand,0.6501,0.3499
4,3.5,right-hand,0.4624,0.5376
4,3.5,right-hand,0.634,0.366
4,3.5,left-hand,0.6507,0.3493
4,3.5,left-hand,0.74,0.26
4,3.5,right-hand,0.6186,0.3814
4,3.5,left-hand,0.6141,0.3859
4,3.5,left-hand,0.6583,0.3417
4,3.5,left-hand,0.6422,0.3578
4,3.5,right-hand,0.6203,0.3797
4,3.5,left-hand,0.6898,0.3102
4,3.5,left-hand,0.6167,0.3833
4,3.5,left-hand,0.7378,0.2622
4,3.5,left-hand,0.7948,0.2052
4,3.5,right-hand,0.7167,0.2833
4,3.5,right-hand,0.6695,0.3305
4,3.5,right-hand,0.6369,0.3631
4,3.5,left-hand,0.6525,0.3475
4,3.5,left-hand,0.6382,0.3618
4,3.5,left-hand,0.6591,0.3409
4,3.5,right-hand,0.691,0.309
4,3.5,left-hand,0.7493,0.2507
4,3.5,right-hand,0.6345,0.3655
4,3.5,right-hand,0.6585,0.3415
4,3.5,left-hand,0.7267,0.2733
4,3.5,right-hand,0.6865,0.3135
4,3.5,left-hand,0.6693,0.3307
4,3.5,left-hand,0.6499,0.3501
4,3.5,right-hand,0.6305,0.3695
4,3.5,right-hand,0.6255,0.3745
4,3.5,right-hand,0.6686,0.3314
4,3.5,right-hand,0.6541,0.3459
4,3.5,right-hand,0.6417,0.3583
4,3.5,left-hand,0.7104,0.2896
4,3.5,right-hand,0.6614,0.3386
4,3.5,right-hand,0.6458,0.3542
4,3.5,left-hand,0.6779,0.3221
4,3.5,left-hand,0.9312,0.0688
4,3.5,right-hand,0.6214,0.3786
4,3.5,left-hand,0.7208,0.2792
4,3.5,right-hand,0.8348,0.1652
4,3.5,left-hand,0.6231,0.3769
4,3.5,right-hand,0.6828,0.3172
4,3.5,right-hand,0.6388,0.3612
4,3.5,right-hand,0.6686,0.3314
4,3.5,left-hand,0.6531,0.3469
4,3.5,left-hand,0.6111,0.3889
4,3.5,right-hand,0.6421,0.3579
4,3.5,right-hand,0.6061,0.3939
4,3.5,left-hand,0.6764,0.3236
4,3.5,right-hand,0.6296,0.3704
4,3.5,left-hand,0.5735,0.4265
4,3.5,left-hand,0.629,0.371
4,3.5,left-hand,0.653,0.347
4,3.5,right-hand,0.6289,0.3711
4,3.5,left-hand,0.6616,0.3384
4,3.5,left-hand,0.6315,0.3685
4,3.5,left-hand,0.6647,0.3353
4,3.5,left-hand,0.6488,0.3512
4,3.5,right-hand,0.7108,0.2892
4,3.5,right-hand,0.6744,0.3256
4,3.5,right-hand,0.6224,0.3776
4,3.5,left-hand,0.7446,0.2554
4,3.5,right-hand,0.6232,0.3768
4,3.5,right-hand,0.7218,0.2782
4,3.5,left-hand,0.6591,0.3409
4,3.5,right-hand,0.5259,0.4741
4,3.5,right-hand,0.8089,0.1911
4,3.5,right-hand,0.6367,0.3633
4,3.5,right-hand,0.6622,0.3378
4,3.5,left-hand,0.6813,0.3187
4,3.5,right-hand,0.5997,0.4003
4,3.5,right-hand,0.6417,0.3583
4,3.5,left-hand,0.587,0.413
4,3.5,right-hand,0.6389,0.3611
4,3.5,right-hand,0.6298,0.3702
4,3.5,left-hand,0.6767,0.3233
4,3.5,right-hand,0.634,0.366
4,3.5,right-hand,0.6005,0.3995
4,3.5,left-hand,0.6324,0.3676
4,3.5,right-hand,0.6554,0.3446
4,3.5,left-hand,0.6193,0.3807
4,3.5,right-hand,0.6464,0.3536
4,3.5,right-hand,0.4968,0.5032
4,3.5,left-hand,0.6425,0.3575
4,3.5,right-hand,0.6528,0.3472
4,3.5,left-hand,0.6483,0.3517
4,3.5,right-hand,0.6216,0.3784
4,3.5,left-hand,0.6474,0.3526
4,3.5,right-hand,0.6561,0.3439
5,3.5,right-hand,0.5997,0.4003
5,3.5,right-hand,0.5852,0.4148
5,3.5,left-hand,0.6254,0.3746
5,3.5,right-hand,0.6345,0.3655
5,3.5,left-hand,0.5853,0.4147
5,3.5,left-hand,0.951,0.049
5,3.5,right-hand,0.6328,0.3672
5,3.5,left-hand,0.6287,0.3713
5,3.5,left-hand,0.6001,0.3999
5,3.5,right-hand,0.5937,0.4063
5,3.5,left-hand,0.7026,0.2974
5,3.5,left-hand,0.6526,0.3474
5,3.5,left-hand,0.58,0.42
5,3.5,right-hand,0.7232,0.2768
5,3.5,left-hand,0.7694,0.2306
5,3.5,right-hand,0.8109,0.1891
5,3.5,left-hand,0.594,0.406
5,3.5,right-hand,0.6582,0.3418
5,3.5,right-hand,0.6837,0.3163
5,3.5,left-hand,0.7375,0.2625
5,3.5,left-hand,0.6617,0.3383
5,3.5,right-hand,0.673,0.327
5,3.5,right-hand,0.2081,0.7919
5,3.5,left-hand,0.5937,0.4063
5,3.5,right-hand,0.7162,0.2838
5,3.5,right-hand,0.6167,0.3833
5,3.5,left-hand,0.5985,0.4015
5,3.5,right-hand,0.6242,0.3758
5,3.5,right-hand,0.6019,0.3981
5,3.5,right-hand,0.6833,0.3167
5,3.5,right-hand,0.5664,0.4336
5,3.5,right-hand,0.5875,0.4125
5,3.5,left-hand,0.7028,0.2972
5,3.5,right-hand,0.7163,0.2837
5,3.5,right-hand,0.6972,0.3028
5,3.5,right-hand,0.6567,0.3433
5,3.5,left-hand,0.6294,0.3706
5,3.5,right-hand,0.6383,0.3617
5,3.5,left-hand,0.6908,0.3092
5,3.5,left-hand,0.7903,0.2097
5,3.5,right-hand,0.7377,0.2623
5,3.5,left-hand,0.5716,0.4284
5,3.5,left-hand,0.662,0.338
5,3.5,left-hand,0.5999,0.4001
5,3.5,right-hand,0.6299,0.3701
5,3.5,right-hand,0.5753,0.4247
5,3.5,left-hand,0.8116,0.1884
5,3.5,left-hand,0.6893,0.3107
5,3.5,left-hand,0.7376,0.2624
5,3.5,left-hand,0.6288,0.3712
5,3.5,left-hand,0.8095,0.1905
5,3.5,right-hand,0.7897,0.2103
5,3.5,right-hand,0.4225,0.5775
5,3.5,right-hand,0.6408,0.3592
5,3.5,left-hand,0.5834,0.4166
5,3.5,left-hand,0.7207,0.2793
5,3.5,right-hand,0.9695,0.0305
5,3.5,left-hand,0.5839,0.4161
5,3.5,left-hand,0.7523,0.2477
5,3.5,left-hand,0.2187,0.7813
5,3.5,right-hand,0.7681,0.2319
5,3.5,left-hand,0.7354,0.2646
5,3.5,right-hand,0.6169,0.3831
5,3.5,left-hand,0.771,0.229
5,3.5,right-hand,0.8131,0.1869
5,3.5,right-hand,0.6536,0.3464
5,3.5,left-hand,0.6218,0.3782
5,3.5,right-hand,0.7333,0.2667
5,3.5,left-hand,0.6116,0.3884
5,3.5,right-hand,0.6081,0.3919
5,3.5,right-hand,0.6061,0.3939
5,3.5,right-hand,0.6164,0.3836
5,3.5,left-hand,0.6126,0.3874
5,3.5,left-hand,0.6648,0.3352
5,3.5,right-hand,0.6416,0.3584
5,3.5,left-hand,0.6024,0.3976
5,3.5,right-hand,0.6135,0.3865
5,3.5,left-hand,0.782,0.218
5,3.5,right-hand,0.6639,0.3361
5,3.5,right-hand,0.5986,0.4014
5,3.5,right-hand,0.6303,0.3697
5,3.5,left-hand,0.6304,0.3696
5,3.5,left-hand,0.6063,0.3937
5,3.5,left-hand,0.6426,0.3574
5,3.5,right-hand,0.5972,0.4028
5,3.5,right-hand,0.6639,0.3361
5,3.5,right-hand,0.7502,0.2498
5,3.5,right-hand,0.7824,0.2176
5,3.5,right-hand,0.6387,0.3613
5,3.5,left-hand,0.7978,0.2022
5,3.5,left-hand,0.7126,0.2874
5,3.5,left-hand,0.6119,0.3881
5,3.5,left-hand,0.5652,0.4348
5,3.5,right-hand,0.5765,0.4235
5,3.5,left-hand,0.8079,0.1921
5,3.5,left-hand,0.61,0.39
5,3.5,left-hand,0.5887,0.4113
5,3.5,right-hand,0.6077,0.3923
5,3.5,right-hand,0.665,0.335
5,3.5,right-hand,0.589,0.411
5,3.5,right-hand,0.7895,0.2105
5,3.5,left-hand,0.8697,0.1303
5,3.5,left-hand,0.6816,0.3184
5,3.5,left-hand,0.6184,0.3816
5,3.5,right-hand,0.7275,0.2725
5,3.5,left-hand,0.7425,0.2575
5,3.5,right-hand,0.8145,0.1855
5,3.5,right-hand,0.6467,0.3533
5,3.5,right-hand,0.5915,0.4085
5,3.5,right-hand,0.6545,0.3455
5,3.5,right-hand,0.7998,0.2002
5,3.5,left-hand,0.6063,0.3937
5,3.5,left-hand,0.6453,0.3547
5,3.5,left-hand,0.6015,0.3985
5,3.5,left-hand,0.6604,0.3396
5,3.5,left-hand,0.5941,0.4059
5,3.5,right-hand,0.6525,0.3475
5,3.5,right-hand,0.7835,0.2165
5,3.5,left-hand,0.7382,0.2618
5,3.5,right-hand,0.787,0.213
5,3.5,right-hand,0.6533,0.3467
5,3.5,left-hand,0.7595,0.2405
5,3.5,left-hand,0.582,0.418
5,3.5,left-hand,0.6054,0.3946
5,3.5,right-hand,0.8454,0.1546
5,3.5,right-hand,0.6088,0.3912
5,3.5,right-hand,0.6103,0.3897
5,3.5,left-hand,0.7601,0.2399
5,3.5,left-hand,0.616,0.384
5,3.5,right-hand,0.6261,0.3739
5,3.5,right-hand,0.6256,0.3744
5,3.5,left-hand,0.6322,0.3678
5,3.5,right-hand,0.8195,0.1805
5,3.5,left-hand,0.6686,0.3314
5,3.5,left-hand,0.6964,0.3036
5,3.5,left-hand,0.4295,0.5705
