fold,tmin,true_label,left-hand,right-hand
1,3.5,right-hand,0.4356,0.5644
1,3.5,left-hand,0.3981,0.6019
1,3.5,right-hand,0.7887,0.2113
1,3.5,right-hand,0.5097,0.4903
1,3.5,right-hand,0.469,0.531
1,3.5,left-hand,0.4884,0.5116
1,3.5,left-hand,0.4869,0.5131
1,3.5,left-hand,0.4624,0.5376
1,3.5,left-hand,0.5098,0.4902
1,3.5,right-hand,0.3831,0.6169
1,3.5,left-hand,0.3858,0.6142
1,3.5,right-hand,0.4065,0.5935
1,3.5,left-hand,0.394,0.606
1,3.5,left-hand,0.5005,0.4995
1,3.5,right-hand,0.4853,0.5147
1,3.5,right-hand,0.4694,0.5306
1,3.5,right-hand,0.5042,0.4958
1,3.5,left-hand,0.4756,0.5244
1,3.5,right-hand,0.4052,0.5948
1,3.5,right-hand,0.4549,0.5451
1,3.5,left-hand,0.4922,0.5078
1,3.5,right-hand,0.4694,0.5306
1,3.5,right-hand,0.4962,0.5038
1,3.5,left-hand,0.4013,0.5987
1,3.5,left-hand,0.49,0.51
1,3.5,left-hand,0.4998,0.5002
1,3.5,right-hand,0.4985,0.5015
1,3.5,right-hand,0.5374,0.4626
1,3.5,right-hand,0.5395,0.4605
1,3.5,left-hand,0.5345,0.4655
1,3.5,left-hand,0.4425,0.5575
1,3.5,left-hand,0.4964,0.5036
1,3.5,left-hand,0.4767,0.5233
1,3.5,left-hand,0.4836,0.5164
1,3.5,right-hand,0.4859,0.5141
1,3.5,right-hand,0.4334,0.5666
1,3.5,right-hand,0.4553,0.5447
1,3.5,left-hand,0.4321,0.5679
1,3.5,right-hand,0.3802,0.6198
1,3.5,left-hand,0.4301,0.5699
1,3.5,left-hand,0.4617,0.5383
1,3.5,left-hand,0.4304,0.5696
1,3.5,right-hand,0.5292,0.4708
1,3.5,right-hand,0.4809,0.5191
1,3.5,left-hand,0.5557,0.4443
1,3.5,left-hand,0.4879,0.5121
1,3.5,right-hand,0.54,0.46
1,3.5,right-hand,0.5499,0.4501
1,3.5,right-hand,0.4723,0.5277
1,3.5,right-hand,0.4961,0.5039
1,3.5,left-hand,0.4779,0.5221
1,3.5,right-hand,0.472,0.528
1,3.5,left-hand,0.4947,0.5053
1,3.5,left-hand,0.5199,0.4801
1,3.5,right-hand,0.4946,0.5054
1,3.5,left-hand,0.5079,0.4921
1,3.5,left-hand,0.4877,0.5123
1,3.5,right-hand,0.4875,0.5125
1,3.5,left-hand,0.5238,0.4762
1,3.5,left-hand,0.3974,0.6026
1,3.5,right-hand,0.4938,0.5062
1,3.5,left-hand,0.4406,0.5594
1,3.5,right-hand,0.4852,0.5148
1,3.5,right-hand,0.5213,0.4787
1,3.5,right-hand,0.4917,0.5083
1,3.5,left-hand,0.4728,0.5272
1,3.5,right-hand,0.4894,0.5106
1,3.5,left-hand,0.4918,0.5082
1,3.5,left-hand,0.5032,0.4968
1,3.5,left-hand,0.5082,0.4918
1,3.5,left-hand,0.451,0.549
1,3.5,right-hand,0.4951,0.5049
1,3.5,left-hand,0.4995,0.5005
1,3.5,right-hand,0.4975,0.5025
1,3.5,left-hand,0.5095,0.4905
1,3.5,left-hand,0.5137,0.4863
1,3.5,left-hand,0.4535,0.5465
1,3.5,left-hand,0.5235,0.4765
1,3.5,right-hand,0.3835,0.6165
1,3.5,left-hand,0.4941,0.5059
1,3.5,left-hand,0.4971,0.5029
1,3.5,right-hand,0.5345,0.4655
1,3.5,right-hand,0.4693,0.5307
1,3.5,right-hand,0.4368,0.5632
1,3.5,left-hand,0.3628,0.6372
1,3.5,right-hand,0.4592,0.5408
1,3.5,right-hand,0.4618,0.5382
1,3.5,right-hand,0.4921,0.5079
1,3.5,right-hand,0.4693,0.5307
1,3.5,left-hand,0.4546,0.5454
1,3.5,left-hand,0.4456,0.5544
1,3.5,right-hand,0.5182,0.4818
1,3.5,left-hand,0.5149,0.4851
1,3.5,left-hand,0.4462,0.5538
1,3.5,left-hand,0.488,0.512
1,3.5,right-hand,0.5028,0.4972
1,3.5,left-hand,0.5068,0.4932
1,3.5,left-hand,0.4368,0.5632
1,3.5,left-hand,0.5418,0.4582
1,3.5,right-hand,0.4912,0.5088
1,3.5,left-hand,0.482,0.518
1,3.5,right-hand,0.4606,0.5394
1,3.5,right-hand,0.5194,0.4806
1,3.5,left-hand,0.4745,0.5255
1,3.5,left-hand,0.491,0.509
1,3.5,right-hand,0.4786,0.5214
1,3.5,right-hand,0.5488,0.4512
1,3.5,right-hand,0.4926,0.5074
1,3.5,left-hand,0.5382,0.4618
1,3.5,right-hand,0.4753,0.5247
1,3.5,left-hand,0.4872,0.5128
1,3.5,right-hand,0.5083,0.4917
1,3.5,left-hand,0.4934,0.5066
1,3.5,right-hand,0.5242,0.4758
1,3.5,right-hand,0.4782,0.5218
1,3.5,right-hand,0.4854,0.5146
1,3.5,right-hand,0.5081,0.4919
1,3.5,left-hand,0.5517,0.4483
1,3.5,left-hand,0.4148,0.5852
1,3.5,right-hand,0.4248,0.5752
1,3.5,left-hand,0.5156,0.4844
1,3.5,right-hand,0.5171,0.4829
1,3.5,right-hand,0.5046,0.4954
1,3.5,right-hand,0.5465,0.4535
1,3.5,right-hand,0.4375,0.5625
1,3.5,right-hand,0.4788,0.5212
1,3.5,right-hand,0.4514,0.5486
1,3.5,left-hand,0.52,0.48
1,3.5,right-hand,0.5033,0.4967
1,3.5,right-hand,0.5209,0.4791
1,3.5,left-hand,0.4849,0.5151
1,3.5,left-hand,0.4489,0.5511
1,3.5,left-hand,0.5276,0.4724
1,3.5,right-hand,0.5133,0.4867
1,3.5,right-hand,0.4712,0.5288
1,3.5,left-hand,0.4903,0.5097
1,3.5,right-hand,0.5613,0.4387
1,3.5,left-hand,0.4785,0.5215
1,3.5,left-hand,0.4949,0.5051
1,3.5,left-hand,0.4898,0.5102
1,3.5,right-hand,0.4731,0.5269
1,3.5,right-hand,0.4947,0.5053
1,3.5,left-hand,0.4397,0.5603
1,3.5,left-hand,0.4256,0.5744
2,3.5,left-hand,0.3901,0.6099
2,3.5,left-hand,0.4855,0.5145
2,3.5,right-hand,0.4883,0.5117
2,3.5,left-hand,0.31,0.69
2,3.5,right-hand,0.4368,0.5632
2,3.5,right-hand,0.4219,0.5781
2,3.5,right-hand,0.4975,0.5025
2,3.5,right-hand,0.3832,0.6168
2,3.5,left-hand,0.4612,0.5388
2,3.5,right-hand,0.3709,0.6291
2,3.5,left-hand,0.2983,0.7017
2,3.5,left-hand,0.3921,0.6079
2,3.5,left-hand,0.3107,0.6893
2,3.5,right-hand,0.4227,0.5773
2,3.5,left-hand,0.4155,0.5845
2,3.5,right-hand,0.5335,0.4665
2,3.5,right-hand,0.5035,0.4965
2,3.5,left-hand,0.4492,0.5508
2,3.5,right-hand,0.4166,0.5834
2,3.5,left-hand,0.6379,0.3621
2,3.5,right-hand,0.5094,0.4906
2,3.5,left-hand,0.494,0.506
2,3.5,right-hand,0.3864,0.6136
2,3.5,left-hand,0.3575,0.6425
2,3.5,right-hand,0.5667,0.4333
2,3.5,right-hand,0.5192,0.4808
2,3.5,left-hand,0.5306,0.4694
2,3.5,right-hand,0.0107,0.9893
2,3.5,right-hand,0.4812,0.5188
2,3.5,right-hand,0.5553,0.4447
2,3.5,right-hand,0.4876,0.5124
2,3.5,left-hand,0.48,0.52
2,3.5,left-hand,0.5609,0.4391
2,3.5,right-hand,0.4109,0.5891
2,3.5,left-hand,0.4837,0.5163
2,3.5,right-hand,0.4455,0.5545
2,3.5,left-hand,0.374,0.626
2,3.5,left-hand,0.4241,0.5759
2,3.5,right-hand,0.9019,0.0981
2,3.5,left-hand,0.41,0.59
2,3.5,right-hand,0.4658,0.5342
2,3.5,right-hand,0.4663,0.5337
2,3.5,right-hand,0.4853,0.5147
2,3.5,left-hand,0.6256,0.3744
2,3.5,left-hand,0.4968,0.5032
2,3.5,right-hand,0.4632,0.5368
2,3.5,left-hand,0.5165,0.4835
2,3.5,right-hand,0.5146,0.4854
2,3.5,right-hand,0.2808,0.7192
2,3.5,left-hand,0.5131,0.4869
2,3.5,right-hand,0.6116,0.3884
2,3.5,right-hand,0.5494,0.4506
2,3.5,left-hand,0.5388,0.4612
2,3.5,right-hand,0.4897,0.5103
2,3.5,right-hand,0.5464,0.4536
2,3.5,left-hand,0.5229,0.4771
2,3.5,right-hand,0.4186,0.5814
2,3.5,right-hand,0.4621,0.5379
2,3.5,right-hand,0.5638,0.4362
2,3.5,right-hand,0.4461,0.5539
2,3.5,left-hand,0.5054,0.4946
2,3.5,left-hand,0.4181,0.5819
2,3.5,right-hand,0.4832,0.5168
2,3.5,left-hand,0.6062,0.3938
2,3.5,right-hand,0.5338,0.4662
2,3.5,right-hand,0.4986,0.5014
2,3.5,left-hand,0.515,0.485
2,3.5,left-hand,0.4752,0.5248
2,3.5,left-hand,0.4697,0.5303
2,3.5,right-hand,0.4594,0.5406
2,3.5,left-hand,0.4448,0.5552
2,3.5,right-hand,0.4877,0.5123
2,3.5,right-hand,0.5127,0.4873
2,3.5,left-hand,0.4586,0.5414
2,3.5,right-hand,0.4652,0.5348
2,3.5,left-hand,0.5634,0.4366
2,3.5,right-hand,0.5165,0.4835
2,3.5,right-hand,0.4811,0.5189
2,3.5,right-hand,0.5104,0.4896
2,3.5,left-hand,0.5688,0.4312
2,3.5,left-hand,0.5051,0.4949
2,3.5,right-hand,0.5398,0.4602
2,3.5,left-hand,0.5314,0.4686
2,3.5,right-hand,0.5543,0.4457
2,3.5,right-hand,0.5131,0.4869
2,3.5,left-hand,0.5055,0.4945
2,3.5,left-hand,0.4733,0.5267
2,3.5,left-hand,0.4463,0.5537
2,3.5,right-hand,0.5773,0.4227
2,3.5,left-hand,0.481,0.519
2,3.5,left-hand,0.4898,0.5102
2,3.5,left-hand,0.4449,0.5551
2,3.5,left-hand,0.4545,0.5455
2,3.5,right-hand,0.4711,0.5289
2,3.5,left-hand,0.5904,0.4096
2,3.5,right-hand,0.5183,0.4817
2,3.5,left-hand,0.4968,0.5032
2,3.5,left-hand,0.494,0.506
2,3.5,right-hand,0.4891,0.5109
2,3.5,right-hand,0.5132,0.4868
2,3.5,right-hand,0.4531,0.5469
2,3.5,right-hand,0.4346,0.5654
2,3.5,right-hand,0.4782,0.5218
2,3.5,left-hand,0.403,0.597
2,3.5,left-hand,0.2788,0.7212
2,3.5,right-hand,0.4566,0.5434
2,3.5,right-hand,0.495,0.505
2,3.5,left-hand,0.5118,0.4882
2,3.5,right-hand,0.5862,0.4138
2,3.5,right-hand,0.5996,0.4004
2,3.5,right-hand,0.5016,0.4984
2,3.5,left-hand,0.6113,0.3887
2,3.5,left-hand,0.4871,0.5129
2,3.5,left-hand,0.529,0.471
2,3.5,left-hand,0.4998,0.5002
2,3.5,left-hand,0.4645,0.5355
2,3.5,left-hand,0.4628,0.5372
2,3.5,left-hand,0.5037,0.4963
2,3.5,right-hand,0.5048,0.4952
2,3.5,left-hand,0.5589,0.4411
2,3.5,right-hand,0.524,0.476
2,3.5,left-hand,0.5137,0.4863
2,3.5,left-hand,0.537,0.463
2,3.5,left-hand,0.4828,0.5172
2,3.5,right-hand,0.4841,0.5159
2,3.5,left-hand,0.5222,0.4778
2,3.5,left-hand,0.4787,0.5213
2,3.5,right-hand,0.4314,0.5686
2,3.5,left-hand,0.4786,0.5214
2,3.5,left-hand,0.4936,0.5064
2,3.5,right-hand,0.4549,0.5451
2,3.5,left-hand,0.474,0.526
2,3.5,left-hand,0.3342,0.6658
2,3.5,left-hand,0.4458,0.5542
2,3.5,left-hand,0.4215,0.5785
2,3.5,right-hand,0.5074,0.4926
2,3.5,right-hand,0.5118,0.4882
2,3.5,right-hand,0.5338,0.4662
2,3.5,left-hand,0.4918,0.5082
2,3.5,right-hand,0.505,0.495
2,3.5,right-hand,0.5833,0.4167
2,3.5,left-hand,0.4632,0.5368
2,3.5,left-hand,0.4844,0.5156
2,3.5,right-hand,0.5319,0.4681
3,3.5,left-hand,0.4858,0.5142
3,3.5,left-hand,0.5039,0.4961
3,3.5,right-hand,0.5131,0.4869
3,3.5,right-hand,0.484,0.516
3,3.5,left-hand,0.5102,0.4898
3,3.5,left-hand,0.4293,0.5707
3,3.5,left-hand,0.469,0.531
3,3.5,right-hand,0.5239,0.4761
3,3.5,left-hand,0.4468,0.5532
3,3.5,left-hand,0.4812,0.5188
3,3.5,right-hand,0.5018,0.4982
3,3.5,left-hand,0.5,0.5
3,3.5,left-hand,0.5049,0.4951
3,3.5,right-hand,0.5522,0.4478
3,3.5,right-hand,0.5404,0.4596
3,3.5,left-hand,0.5086,0.4914
3,3.5,left-hand,0.5164,0.4836
3,3.5,left-hand,0.5039,0.4961
3,3.5,left-hand,0.5015,0.4985
3,3.5,right-hand,0.4685,0.5315
3,3.5,right-hand,0.5213,0.4787
3,3.5,left-hand,0.5704,0.4296
3,3.5,right-hand,0.5613,0.4387
3,3.5,left-hand,0.4663,0.5337
3,3.5,left-hand,0.5177,0.4823
3,3.5,right-hand,0.5466,0.4534
3,3.5,right-hand,0.4891,0.5109
3,3.5,right-hand,0.5059,0.4941
3,3.5,left-hand,0.5025,0.4975
3,3.5,right-hand,0.4859,0.5141
3,3.5,right-hand,0.4788,0.5212
3,3.5,left-hand,0.4964,0.5036
3,3.5,right-hand,0.5109,0.4891
3,3.5,right-hand,0.4488,0.5512
3,3.5,left-hand,0.5199,0.4801
3,3.5,right-hand,0.437,0.563
3,3.5,left-hand,0.5738,0.4262
3,3.5,right-hand,0.5436,0.4564
3,3.5,right-hand,0.7815,0.2185
3,3.5,left-hand,0.4237,0.5763
3,3.5,right-hand,0.7187,0.2813
3,3.5,left-hand,0.6786,0.3214
3,3.5,right-hand,0.741,0.259
3,3.5,right-hand,0.552,0.448
3,3.5,left-hand,0.5848,0.4152
3,3.5,right-hand,0.527,0.473
3,3.5,right-hand,0.5708,0.4292
3,3.5,left-hand,0.5959,0.4041
3,3.5,left-hand,0.5476,0.4524
3,3.5,right-hand,0.5936,0.4064
3,3.5,left-hand,0.5105,0.4895
3,3.5,left-hand,0.5289,0.4711
3,3.5,left-hand,0.5405,0.4595
3,3.5,right-hand,0.5363,0.4637
3,3.5,left-hand,0.5359,0.4641
3,3.5,right-hand,0.5206,0.4794
3,3.5,left-hand,0.5455,0.4545
3,3.5,right-hand,0.5038,0.4962
3,3.5,right-hand,0.5039,0.4961
3,3.5,right-hand,0.4762,0.5238
3,3.5,left-hand,0.5299,0.4701
3,3.5,left-hand,0.4977,0.5023
3,3.5,left-hand,0.5267,0.4733
3,3.5,right-hand,0.4814,0.5186
3,3.5,right-hand,0.5259,0.4741
3,3.5,left-hand,0.5179,0.4821
3,3.5,left-hand,0.5491,0.4509
3,3.5,right-hand,0.5453,0.4547
3,3.5,left-hand,0.5372,0.4628
3,3.5,right-hand,0.5639,0.4361
3,3.5,right-hand,0.5474,0.4526
3,3.5,right-hand,0.5393,0.4607
3,3.5,right-hand,0.5487,0.4513
3,3.5,right-hand,0.5746,0.4254
3,3.5,left-hand,0.4971,0.5029
3,3.5,right-hand,0.518,0.482
3,3.5,left-hand,0.5407,0.4593
3,3.5,right-hand,0.5574,0.4426
3,3.5,left-hand,0.5499,0.4501
3,3.5,left-hand,0.5603,0.4397
3,3.5,right-hand,0.5415,0.4585
3,3.5,left-hand,0.5074,0.4926
3,3.5,left-hand,0.5203,0.4797
3,3.5,left-hand,0.4181,0.5819
3,3.5,left-hand,0.5808,0.4192
3,3.5,left-hand,0.5114,0.4886
3,3.5,right-hand,0.5775,0.4225
3,3.5,left-hand,0.5218,0.4782
3,3.5,left-hand,0.5235,0.4765
3,3.5,right-hand,0.4955,0.5045
3,3.5,right-hand,0.495,0.505
3,3.5,right-hand,0.4783,0.5217
3,3.5,right-hand,0.474,0.526
3,3.5,right-hand,0.5444,0.4556
3,3.5,right-hand,0.5142,0.4858
3,3.5,left-hand,0.5291,0.4709
3,3.5,right-hand,0.5107,0.4893
3,3.5,left-hand,0.5817,0.4183
3,3.5,left-hand,0.5023,0.4977
3,3.5,left-hand,0.5648,0.4352
3,3.5,left-hand,0.5695,0.4305
3,3.5,left-hand,0.5094,0.4906
3,3.5,left-hand,0.4206,0.5794
3,3.5,left-hand,0.4721,0.5279
3,3.5,right-hand,0.9999,0.0001
3,3.5,right-hand,0.5166,0.4834
3,3.5,right-hand,0.5708,0.4292
3,3.5,right-hand,0.9933,0.0067
3,3.5,right-hand,0.5477,0.4523
3,3.5,left-hand,0.4648,0.5352
3,3.5,right-hand,0.5059,0.4941
3,3.5,left-hand,0.42,0.58
3,3.5,left-hand,0.5,0.5
3,3.5,right-hand,0.5517,0.4483
3,3.5,left-hand,0.4864,0.5136
3,3.5,right-hand,0.5139,0.4861
3,3.5,left-hand,0.4702,0.5298
3,3.5,right-hand,1.0,0.0
3,3.5,right-hand,0.4727,0.5273
3,3.5,right-hand,0.5618,0.4382
3,3.5,right-hand,0.4947,0.5053
3,3.5,left-hand,0.5266,0.4734
3,3.5,left-hand,0.5532,0.4468
3,3.5,left-hand,0.5589,0.4411
3,3.5,right-hand,0.5369,0.4631
3,3.5,left-hand,0.4893,0.5107
3,3.5,right-hand,0.4175,0.5825
3,3.5,right-hand,0.4809,0.5191
3,3.5,right-hand,0.3957,0.6043
3,3.5,right-hand,0.4387,0.5613
3,3.5,left-hand,0.5533,0.4467
3,3.5,right-hand,0.5255,0.4745
3,3.5,left-hand,0.4961,0.5039
3,3.5,right-hand,0.514,0.486
3,3.5,left-hand,0.5063,0.4937
3,3.5,left-hand,0.5265,0.4735
3,3.5,left-hand,0.5588,0.4412
3,3.5,left-hand,0.559,0.441
3,3.5,right-hand,0.4283,0.5717
3,3.5,right-hand,0.5342,0.4658
3,3.5,left-hand,0.5692,0.4308
3,3.5,right-hand,0.475,0.525
3,3.5,right-hand,0.4754,0.5246
3,3.5,left-hand,0.5502,0.4498
4,3.5,right-hand,0.4384,0.5616
4,3.5,left-hand,0.4371,0.5629
4,3.5,right-hand,0.4497,0.5503
4,3.5,left-hand,0.4808,0.5192
4,3.5,left-hand,0.4079,0.5921
4,3.5,right-hand,0.4912,0.5088
4,3.5,right-hand,0.5231,0.4769
4,3.5,left-hand,0.4682,0.5318
4,3.5,right-hand,0.4592,0.5408
4,3.5,right-hand,0.4898,0.5102
4,3.5,right-hand,0.4326,0.5674
4,3.5,left-hand,0.425,0.575
4,3.5,left-hand,0.4047,0.5953
4,3.5,right-hand,0.5062,0.4938
4,3.5,left-hand,0.4645,0.5355
4,3.5,left-hand,0.455,0.545
4,3.5,right-hand,0.4575,0.5425
4,3.5,right-hand,0.5193,0.4807
4,3.5,right-hand,0.5143,0.4857
4,3.5,left-hand,0.4414,0.5586
4,3.5,right-hand,0.4427,0.5573
4,3.5,left-hand,0.4719,0.5281
4,3.5,left-hand,0.4561,0.5439
4,3.5,left-hand,0.4691,0.5309
4,3.5,left-hand,0.4683,0.5317
4,3.5,right-hand,0.4015,0.5985
4,3.5,left-hand,0.3409,0.6591
4,3.5,left-hand,0.3147,0.6853
4,3.5,left-hand,0.4391,0.5609
4,3.5,left-hand,0.4192,0.5808
4,3.5,left-hand,0.3575,0.6425
4,3.5,right-hand,0.4161,0.5839
4,3.5,left-hand,0.3612,0.6388
4,3.5,right-hand,0.392,0.608
4,3.5,right-hand,0.2793,0.7207
4,3.5,left-hand,0.3677,0.6323
4,3.5,right-hand,0.4341,0.5659
4,3.5,left-hand,0.4149,0.5851
4,3.5,right-hand,0.4403,0.5597
4,3.5,right-hand,0.4772,0.5228
4,3.5,left-hand,0.5671,0.4329
4,3.5,left-hand,0.425,0.575
4,3.5,right-hand,0.4471,0.5529
4,3.5,left-hand,0.3601,0.6399
4,3.5,left-hand,0.538,0.462
4,3.5,right-hand,0.3306,0.6694
4,3.5,right-hand,0.473,0.527
4,3.5,right-hand,0.5089,0.4911
4,3.5,right-hand,0.5609,0.4391
4,3.5,left-hand,0.4428,0.5572
4,3.5,right-hand,0.4343,0.5657
4,3.5,left-hand,0.4343,0.5657
4,3.5,left-hand,0.3973,0.6027
4,3.5,right-hand,0.3425,0.6575
4,3.5,left-hand,0.4391,0.5609
4,3.5,right-hand,0.4873,0.5127
4,3.5,right-hand,0.3903,0.6097
4,3.5,right-hand,0.3815,0.6185
4,3.5,left-hand,0.448,0.552
4,3.5,right-hand,0.4936,0.5064
4,3.5,left-hand,0.5028,0.4972
4,3.5,left-hand,0.503,0.497
4,3.5,left-hand,0.5236,0.4764
4,3.5,right-hand,0.2492,0.7508
4,3.5,right-hand,0.45,0.55
4,3.5,left-hand,0.4377,0.5623
4,3.5,right-hand,0.4152,0.5848
4,3.5,left-hand,0.5382,0.4618
4,3.5,left-hand,0.4202,0.5798
4,3.5,left-hand,0.446,0.554
4,3.5,right-hand,0.4811,0.5189
4,3.5,left-hand,0.4048,0.5952
4,3.5,left-hand,0.4816,0.5184
4,3.5,right-hand,0.3812,0.6188
4,3.5,right-hand,0.4282,0.5718
4,3.5,right-hand,0.4707,0.5293
4,3.5,left-hand,0.4564,0.5436
4,3.5,right-hand,0.4812,0.5188
4,3.5,right-hand,0.4627,0.5373
4,3.5,right-hand,0.5121,0.4879
4,3.5,left-hand,0.4711,0.5289
4,3.5,right-hand,0.496,0.504
4,3.5,left-hand,0.4216,0.5784
4,3.5,right-hand,0.3503,0.6497
4,3.5,left-hand,0.4109,0.5891
4,3.5,right-hand,0.4863,0.5137
4,3.5,right-hand,0.383,0.617
4,3.5,left-hand,0.4279,0.5721
4,3.5,right-hand,0.4451,0.5549
4,3.5,right-hand,0.4614,0.5386
4,3.5,left-hand,0.4011,0.5989
4,3.5,left-hand,0.394,0.606
4,3.5,right-hand,0.4101,0.5899
4,3.5,right-hand,0.4772,0.5228
4,3.5,left-hand,0.3991,0.6009
4,3.5,right-hand,0.4649,0.5351
4,3.5,left-hand,0.4588,0.5412
4,3.5,right-hand,0.4608,0.5392
4,3.5,right-hand,0.4006,0.5994
4,3.5,left-hand,0.4083,0.5917
4,3.5,right-hand,0.5328,0.4672
4,3.5,left-hand,0.3657,0.6343
4,3.5,left-hand,0.3591,0.6409
4,3.5,left-hand,0.463,0.537
4,3.5,left-hand,0.0,1.0
4,3.5,left-hand,0.5091,0.4909
4,3.5,right-hand,0.4641,0.5359
4,3.5,right-hand,0.4146,0.5854
4,3.5,right-hand,0.4414,0.5586
4,3.5,left-hand,0.4377,0.5623
4,3.5,left-hand,0.4413,0.5587
4,3.5,left-hand,0.436,0.564
4,3.5,left-hand,0.4181,0.5819
4,3.5,left-hand,0.412,0.588
4,3.5,right-hand,0.4613,0.5387
4,3.5,right-hand,0.4668,0.5332
4,3.5,right-hand,0.5266,0.4734
4,3.5,left-hand,0.4764,0.5236
4,3.5,left-hand,0.1726,0.8274
4,3.5,left-hand,0.4018,0.5982
4,3.5,left-hand,0.5098,0.4902
4,3.5,right-hand,0.5018,0.4982
4,3.5,right-hand,0.483,0.517
4,3.5,right-hand,0.416,0.584
4,3.5,left-hand,0.4904,0.5096
4,3.5,right-hand,0.4606,0.5394
4,3.5,left-hand,0.4307,0.5693
4,3.5,left-hand,0.4648,0.5352
4,3.5,right-hand,0.4115,0.5885
4,3.5,left-hand,0.4392,0.5608
4,3.5,right-hand,0.5095,0.4905
4,3.5,right-hand,0.4818,0.5182
4,3.5,right-hand,0.5199,0.4801
4,3.5,left-hand,0.4662,0.5338
4,3.5,right-hand,0.5031,0.4969
4,3.5,left-hand,0.5313,0.4687
4,3.5,right-hand,0.4487,0.5513
4,3.5,right-hand,0.4719,0.5281
4,3.5,left-hand,0.4302,0.5698
4,3.5,right-hand,0.4329,0.5671
4,3.5,right-hand,0.5235,0.4765
4,3.5,left-hand,0.4936,0.5064
4,3.5,right-hand,0.4936,0.5064
4,3.5,left-hand,0.4953,0.5047
5,3.5,right-hand,0.5128,0.4872
5,3.5,left-hand,0.4699,0.5301
5,3.5,left-hand,0.5155,0.4845
5,3.5,right-hand,0.4116,0.5884
5,3.5,right-hand,0.4984,0.5016
5,3.5,right-hand,0.494,0.506
5,3.5,left-hand,0.4867,0.5133
5,3.5,left-hand,0.4506,0.5494
5,3.5,right-hand,0.3899,0.6101
5,3.5,left-hand,0.5704,0.4296
5,3.5,right-hand,0.4972,0.5028
5,3.5,right-hand,0.5266,0.4734
5,3.5,right-hand,0.5756,0.4244
5,3.5,left-hand,0.388,0.612
5,3.5,left-hand,0.516,0.484
5,3.5,right-hand,0.5143,0.4857
5,3.5,right-hand,0.5393,0.4607
5,3.5,right-hand,0.4311,0.5689
5,3.5,left-hand,0.4834,0.5166
5,3.5,left-hand,0.459,0.541
5,3.5,right-hand,0.4887,0.5113
5,3.5,left-hand,0.2444,0.7556
5,3.5,left-hand,0.3856,0.6144
5,3.5,left-hand,0.527,0.473
5,3.5,right-hand,0.5286,0.4714
5,3.5,left-hand,0.4501,0.5499
5,3.5,left-hand,0.4714,0.5286
5,3.5,right-hand,0.4715,0.5285
5,3.5,left-hand,0.4764,0.5236
5,3.5,right-hand,0.599,0.401
5,3.5,right-hand,0.4467,0.5533
5,3.5,right-hand,0.4772,0.5228
5,3.5,left-hand,0.4428,0.5572
5,3.5,right-hand,0.4278,0.5722
5,3.5,left-hand,0.4013,0.5987
5,3.5,left-hand,0.3863,0.6137
5,3.5,right-hand,0.4275,0.5725
5,3.5,right-hand,0.0,1.0
5,3.5,left-hand,0.4789,0.5211
5,3.5,right-hand,0.5189,0.4811
5,3.5,left-hand,0.4812,0.5188
5,3.5,right-hand,0.6479,0.3521
5,3.5,left-hand,0.5087,0.4913
5,3.5,left-hand,0.0677,0.9323
5,3.5,right-hand,0.5938,0.4062
5,3.5,left-hand,0.5038,0.4962
5,3.5,left-hand,0.4643,0.5357
5,3.5,right-hand,0.5434,0.4566
5,3.5,left-hand,0.4328,0.5672
5,3.5,left-hand,0.4623,0.5377
5,3.5,left-hand,0.4263,0.5737
5,3.5,right-hand,0.505,0.495
5,3.5,right-hand,0.5163,0.4837
5,3.5,left-hand,0.4987,0.5013
5,3.5,right-hand,0.43,0.57
5,3.5,right-hand,0.5805,0.4195
5,3.5,left-hand,0.5248,0.4752
5,3.5,left-hand,0.4856,0.5144
5,3.5,left-hand,0.491,0.509
5,3.5,left-hand,0.5084,0.4916
5,3.5,left-hand,0.4965,0.5035
5,3.5,left-hand,0.4542,0.5458
5,3.5,left-hand,0.4935,0.5065
5,3.5,right-hand,0.5189,0.4811
5,3.5,right-hand,0.5473,0.4527
5,3.5,left-hand,0.4329,0.5671
5,3.5,right-hand,0.5289,0.4711
5,3.5,right-hand,0.5238,0.4762
5,3.5,right-hand,0.4365,0.5635
5,3.5,right-hand,0.5,0.5
5,3.5,left-hand,0.412,0.588
5,3.5,left-hand,0.4876,0.5124
5,3.5,right-hand,0.4722,0.5278
5,3.5,right-hand,0.4804,0.5196
5,3.5,right-hand,0.5039,0.4961
5,3.5,right-hand,0.43,0.57
5,3.5,left-hand,0.4958,0.5042
5,3.5,left-hand,0.4977,0.5023
5,3.5,left-hand,0.5216,0.4784
5,3.5,left-hand,0.53,0.47
5,3.5,left-hand,0.4956,0.5044
5,3.5,right-hand,0.4188,0.5812
5,3.5,left-hand,0.466,0.534
5,3.5,right-hand,0.5051,0.4949
5,3.5,right-hand,0.4166,0.5834
5,3.5,left-hand,0.4894,0.5106
5,3.5,right-hand,0.4457,0.5543
5,3.5,left-hand,0.4673,0.5327
5,3.5,right-hand,0.5238,0.4762
5,3.5,right-hand,0.4286,0.5714
5,3.5,left-hand,0.4402,0.5598
5,3.5,right-hand,0.494,0.506
5,3.5,right-hand,0.5155,0.4845
5,3.5,left-hand,0.5009,0.4991
5,3.5,right-hand,0.4818,0.5182
5,3.5,left-hand,0.4785,0.5215
5,3.5,right-hand,0.4998,0.5002
5,3.5,left-hand,0.5183,0.4817
5,3.5,right-hand,0.4487,0.5513
5,3.5,right-hand,0.5591,0.4409
5,3.5,right-hand,0.465,0.535
5,3.5,right-hand,0.4651,0.5349
5,3.5,left-hand,0.0,1.0
5,3.5,left-hand,0.4954,0.5046
5,3.5,left-hand,0.4243,0.5757
5,3.5,left-hand,0.5571,0.4429
5,3.5,left-hand,0.4952,0.5048
5,3.5,left-hand,0.4914,0.5086
5,3.5,right-hand,0.4643,0.5357
5,3.5,right-hand,0.5131,0.4869
5,3.5,left-hand,0.4891,0.5109
5,3.5,left-hand,0.5038,0.4962
5,3.5,right-hand,0.5008,0.4992
5,3.5,right-hand,0.4574,0.5426
5,3.5,left-hand,0.5366,0.4634
5,3.5,right-hand,0.5312,0.4688
5,3.5,right-hand,0.4607,0.5393
5,3.5,right-hand,0.4444,0.5556
5,3.5,right-hand,0.4507,0.5493
5,3.5,left-hand,0.4883,0.5117
5,3.5,left-hand,0.4972,0.5028
5,3.5,left-hand,0.5298,0.4702
5,3.5,left-hand,0.451,0.549
5,3.5,right-hand,0.4761,0.5239
5,3.5,right-hand,0.528,0.472
5,3.5,left-hand,0.5025,0.4975
5,3.5,right-hand,0.5225,0.4775
5,3.5,right-hand,0.425,0.575
5,3.5,right-hand,0.4252,0.5748
5,3.5,left-hand,0.4927,0.5073
5,3.5,right-hand,0.4952,0.5048
5,3.5,left-hand,0.539,0.461
5,3.5,left-hand,0.4755,0.5245
5,3.5,right-hand,0.504,0.496
5,3.5,left-hand,0.447,0.553
5,3.5,left-hand,0.4348,0.5652
5,3.5,right-hand,0.4959,0.5041
5,3.5,right-hand,0.4674,0.5326
5,3.5,left-hand,0.5211,0.4789
5,3.5,right-hand,0.5844,0.4156
5,3.5,left-hand,0.5085,0.4915
5,3.5,right-hand,0.6205,0.3795
5,3.5,left-hand,0.4155,0.5845
5,3.5,right-hand,0.0354,0.9646
