fold,tmin,true_label,left-hand,right-hand
1,2.5,left-hand,0.6558,0.3442
1,2.5,right-hand,0.6662,0.3338
1,2.5,left-hand,0.8165,0.1835
1,2.5,right-hand,0.4136,0.5864
1,2.5,left-hand,0.7034,0.2966
1,2.5,right-hand,0.5718,0.4282
1,2.5,left-hand,0.8748,0.1252
1,2.5,right-hand,0.5078,0.4922
1,2.5,left-hand,0.211,0.789
1,2.5,left-hand,0.7136,0.2864
1,2.5,left-hand,0.8396,0.1604
1,2.5,right-hand,0.3823,0.6177
1,2.5,left-hand,0.6318,0.3682
1,2.5,right-hand,0.2966,0.7034
1,2.5,right-hand,0.4141,0.5859
1,2.5,left-hand,0.6533,0.3467
1,2.5,left-hand,0.5139,0.4861
1,2.5,right-hand,0.7505,0.2495
1,2.5,right-hand,0.4879,0.5121
1,2.5,right-hand,0.4618,0.5382
1,2.5,right-hand,0.2664,0.7336
1,2.5,left-hand,0.3736,0.6264
1,2.5,left-hand,0.6633,0.3367
1,2.5,left-hand,0.4998,0.5002
1,2.5,left-hand,0.1916,0.8084
1,2.5,left-hand,0.3425,0.6575
1,2.5,right-hand,0.3879,0.6121
1,2.5,right-hand,0.1262,0.8738
1,2.5,left-hand,0.6808,0.3192
1,2.5,left-hand,0.3339,0.6661
1,2.5,right-hand,0.4643,0.5357
1,2.5,right-hand,0.5014,0.4986
1,2.5,right-hand,0.4414,0.5586
1,2.5,right-hand,0.6371,0.3629
1,2.5,left-hand,0.2981,0.7019
1,2.5,right-hand,0.5536,0.4464
1,2.5,left-hand,0.7794,0.2206
1,2.5,right-hand,0.5975,0.4025
1,2.5,left-hand,0.6505,0.3495
1,2.5,left-hand,0.4367,0.5633
1,2.5,right-hand,0.4361,0.5639
1,2.5,left-hand,0.4276,0.5724
1,2.5,left-hand,0.6781,0.3219
1,2.5,right-hand,0.7564,0.2436
1,2.5,left-hand,0.3431,0.6569
1,2.5,left-hand,0.5276,0.4724
1,2.5,right-hand,0.3877,0.6123
1,2.5,right-hand,0.8614,0.1386
1,2.5,right-hand,0.4825,0.5175
1,2.5,left-hand,0.7163,0.2837
1,2.5,right-hand,0.5923,0.4077
1,2.5,right-hand,0.5792,0.4208
1,2.5,left-hand,0.2502,0.7498
1,2.5,right-hand,0.3467,0.6533
1,2.5,right-hand,0.757,0.243
1,2.5,right-hand,0.4451,0.5549
1,2.5,left-hand,0.7555,0.2445
1,2.5,left-hand,0.7609,0.2391
2,2.5,right-hand,0.1119,0.8881
2,2.5,left-hand,0.4362,0.5638
2,2.5,right-hand,0.0135,0.9865
2,2.5,left-hand,0.9664,0.0336
2,2.5,right-hand,0.6658,0.3342
2,2.5,right-hand,0.1199,0.8801
2,2.5,right-hand,0.7272,0.2728
2,2.5,right-hand,0.8289,0.1711
2,2.5,right-hand,0.7523,0.2477
2,2.5,left-hand,0.9292,0.0708
2,2.5,left-hand,0.4448,0.5552
2,2.5,right-hand,0.9609,0.0391
2,2.5,left-hand,0.3201,0.6799
2,2.5,left-hand,0.1533,0.8467
2,2.5,right-hand,0.5936,0.4064
2,2.5,left-hand,0.6585,0.3415
2,2.5,left-hand,0.6002,0.3998
2,2.5,right-hand,0.5752,0.4248
2,2.5,left-hand,0.3423,0.6577
2,2.5,right-hand,0.5466,0.4534
2,2.5,right-hand,0.3273,0.6727
2,2.5,left-hand,0.5539,0.4461
2,2.5,right-hand,0.0372,0.9628
2,2.5,left-hand,0.3735,0.6265
2,2.5,left-hand,0.9597,0.0403
2,2.5,right-hand,0.652,0.348
2,2.5,right-hand,0.7291,0.2709
2,2.5,left-hand,0.6678,0.3322
2,2.5,left-hand,0.8395,0.1605
2,2.5,right-hand,0.5467,0.4533
2,2.5,right-hand,0.2907,0.7093
2,2.5,left-hand,0.663,0.337
2,2.5,left-hand,0.6148,0.3852
2,2.5,left-hand,0.854,0.146
2,2.5,left-hand,0.7464,0.2536
2,2.5,right-hand,0.2335,0.7665
2,2.5,right-hand,0.8116,0.1884
2,2.5,right-hand,0.7149,0.2851
2,2.5,right-hand,0.3349,0.6651
2,2.5,left-hand,0.6711,0.3289
2,2.5,left-hand,0.5608,0.4392
2,2.5,left-hand,0.4504,0.5496
2,2.5,left-hand,0.5891,0.4109
2,2.5,left-hand,0.3374,0.6626
2,2.5,right-hand,0.602,0.398
2,2.5,right-hand,0.6432,0.3568
2,2.5,left-hand,0.2057,0.7943
2,2.5,right-hand,0.487,0.513
2,2.5,left-hand,0.1373,0.8627
2,2.5,right-hand,0.2733,0.7267
2,2.5,left-hand,0.6026,0.3974
2,2.5,left-hand,0.5702,0.4298
2,2.5,left-hand,0.3624,0.6376
2,2.5,right-hand,0.3151,0.6849
2,2.5,left-hand,0.9739,0.0261
2,2.5,right-hand,0.6524,0.3476
2,2.5,right-hand,0.2241,0.7759
2,2.5,right-hand,0.6618,0.3382
3,2.5,right-hand,0.6069,0.3931
3,2.5,left-hand,0.0607,0.9393
3,2.5,left-hand,0.2175,0.7825
3,2.5,left-hand,0.2385,0.7615
3,2.5,left-hand,0.4508,0.5492
3,2.5,right-hand,0.0309,0.9691
3,2.5,right-hand,0.5956,0.4044
3,2.5,left-hand,0.4806,0.5194
3,2.5,right-hand,0.1911,0.8089
3,2.5,left-hand,0.392,0.608
3,2.5,left-hand,0.9333,0.0667
3,2.5,right-hand,0.889,0.111
3,2.5,right-hand,0.4816,0.5184
3,2.5,right-hand,0.4056,0.5944
3,2.5,right-hand,0.3589,0.6411
3,2.5,left-hand,0.733,0.267
3,2.5,left-hand,0.34,0.66
3,2.5,right-hand,0.3676,0.6324
3,2.5,left-hand,0.8058,0.1942
3,2.5,right-hand,0.6081,0.3919
3,2.5,left-hand,0.4657,0.5343
3,2.5,right-hand,0.3621,0.6379
3,2.5,right-hand,0.1709,0.8291
3,2.5,left-hand,0.7893,0.2107
3,2.5,left-hand,0.4324,0.5676
3,2.5,right-hand,0.6162,0.3838
3,2.5,left-hand,0.4963,0.5037
3,2.5,right-hand,0.122,0.878
3,2.5,right-hand,0.5595,0.4405
3,2.5,left-hand,0.4962,0.5038
3,2.5,left-hand,0.9202,0.0798
3,2.5,left-hand,0.3651,0.6349
3,2.5,right-hand,0.4347,0.5653
3,2.5,left-hand,0.2382,0.7618
3,2.5,left-hand,0.9352,0.0648
3,2.5,right-hand,0.6848,0.3152
3,2.5,left-hand,0.7024,0.2976
3,2.5,right-hand,0.4501,0.5499
3,2.5,left-hand,0.4136,0.5864
3,2.5,right-hand,0.2548,0.7452
3,2.5,right-hand,0.5159,0.4841
3,2.5,right-hand,0.5813,0.4187
3,2.5,left-hand,0.6943,0.3057
3,2.5,right-hand,0.663,0.337
3,2.5,left-hand,0.5911,0.4089
3,2.5,right-hand,0.3942,0.6058
3,2.5,left-hand,0.6218,0.3782
3,2.5,right-hand,0.29,0.71
3,2.5,left-hand,0.7416,0.2584
3,2.5,left-hand,0.3656,0.6344
3,2.5,right-hand,0.216,0.784
3,2.5,left-hand,0.8108,0.1892
3,2.5,right-hand,0.3631,0.6369
3,2.5,right-hand,0.14,0.86
3,2.5,right-hand,0.612,0.388
3,2.5,right-hand,0.2795,0.7205
3,2.5,left-hand,0.5754,0.4246
3,2.5,left-hand,0.683,0.317
4,2.5,left-hand,0.4205,0.5795
4,2.5,right-hand,0.5914,0.4086
4,2.5,right-hand,0.6145,0.3855
4,2.5,left-hand,0.5587,0.4413
4,2.5,left-hand,0.2737,0.7263
4,2.5,right-hand,0.2091,0.7909
4,2.5,left-hand,0.4014,0.5986
4,2.5,right-hand,0.3219,0.6781
4,2.5,left-hand,0.2374,0.7626
4,2.5,right-hand,0.4117,0.5883
4,2.5,left-hand,0.6409,0.3591
4,2.5,right-hand,0.789,0.211
4,2.5,left-hand,0.6085,0.3915
4,2.5,left-hand,0.6759,0.3241
4,2.5,left-hand,0.5896,0.4104
4,2.5,right-hand,0.5516,0.4484
4,2.5,right-hand,0.3806,0.6194
4,2.5,left-hand,0.6563,0.3437
4,2.5,left-hand,0.4852,0.5148
4,2.5,right-hand,0.4896,0.5104
4,2.5,left-hand,0.7512,0.2488
4,2.5,right-hand,0.2757,0.7243
4,2.5,right-hand,0.4158,0.5842
4,2.5,right-hand,0.3205,0.6795
4,2.5,right-hand,0.385,0.615
4,2.5,left-hand,0.293,0.707
4,2.5,right-hand,0.2762,0.7238
4,2.5,left-hand,0.5196,0.4804
4,2.5,right-hand,0.4723,0.5277
4,2.5,left-hand,0.6577,0.3423
4,2.5,left-hand,0.6601,0.3399
4,2.5,right-hand,0.3122,0.6878
4,2.5,right-hand,0.716,0.284
4,2.5,right-hand,0.596,0.404
4,2.5,left-hand,0.2874,0.7126
4,2.5,left-hand,0.3035,0.6965
4,2.5,right-hand,0.338,0.662
4,2.5,left-hand,0.5637,0.4363
4,2.5,right-hand,0.5596,0.4404
4,2.5,right-hand,0.5402,0.4598
4,2.5,right-hand,0.5022,0.4978
4,2.5,right-hand,0.4422,0.5578
4,2.5,left-hand,0.0916,0.9084
4,2.5,left-hand,0.3895,0.6105
4,2.5,right-hand,0.4706,0.5294
4,2.5,left-hand,0.3386,0.6614
4,2.5,right-hand,0.4123,0.5877
4,2.5,left-hand,0.8441,0.1559
4,2.5,left-hand,0.6463,0.3537
4,2.5,left-hand,0.5742,0.4258
4,2.5,left-hand,0.6043,0.3957
4,2.5,right-hand,0.4581,0.5419
4,2.5,right-hand,0.6188,0.3812
4,2.5,right-hand,0.4764,0.5236
4,2.5,left-hand,0.4937,0.5063
4,2.5,left-hand,0.8023,0.1977
4,2.5,left-hand,0.5352,0.4648
5,2.5,left-hand,0.1725,0.8275
5,2.5,right-hand,0.1865,0.8135
5,2.5,right-hand,0.3609,0.6391
5,2.5,right-hand,0.6496,0.3504
5,2.5,left-hand,0.7557,0.2443
5,2.5,left-hand,0.1271,0.8729
5,2.5,left-hand,0.1028,0.8972
5,2.5,left-hand,0.2494,0.7506
5,2.5,left-hand,0.781,0.219
5,2.5,right-hand,0.4623,0.5377
5,2.5,right-hand,0.4887,0.5113
5,2.5,right-hand,0.2951,0.7049
5,2.5,left-hand,0.777,0.223
5,2.5,right-hand,0.4805,0.5195
5,2.5,left-hand,0.5585,0.4415
5,2.5,right-hand,0.5294,0.4706
5,2.5,right-hand,0.5253,0.4747
5,2.5,right-hand,0.4925,0.5075
5,2.5,right-hand,0.2621,0.7379
5,2.5,right-hand,0.4535,0.5465
5,2.5,left-hand,0.5415,0.4585
5,2.5,right-hand,0.4086,0.5914
5,2.5,right-hand,0.6402,0.3598
5,2.5,left-hand,0.5888,0.4112
5,2.5,left-hand,0.5608,0.4392
5,2.5,left-hand,0.4964,0.5036
5,2.5,left-hand,0.6441,0.3559
5,2.5,left-hand,0.4595,0.5405
5,2.5,right-hand,0.0956,0.9044
5,2.5,left-hand,0.6419,0.3581
5,2.5,right-hand,0.4409,0.5591
5,2.5,right-hand,0.406,0.594
5,2.5,left-hand,0.4657,0.5343
5,2.5,left-hand,0.4844,0.5156
5,2.5,left-hand,0.8399,0.1601
5,2.5,right-hand,0.424,0.576
5,2.5,left-hand,0.5566,0.4434
5,2.5,right-hand,0.653,0.347
5,2.5,right-hand,0.436,0.564
5,2.5,left-hand,0.5595,0.4405
5,2.5,right-hand,0.4782,0.5218
5,2.5,right-hand,0.4904,0.5096
5,2.5,left-hand,0.5359,0.4641
5,2.5,right-hand,0.587,0.413
5,2.5,right-hand,0.1466,0.8534
5,2.5,left-hand,0.6519,0.3481
5,2.5,left-hand,0.6146,0.3854
5,2.5,left-hand,0.1322,0.8678
5,2.5,left-hand,0.5174,0.4826
5,2.5,right-hand,0.7834,0.2166
5,2.5,right-hand,0.5188,0.4812
5,2.5,left-hand,0.6499,0.3501
5,2.5,right-hand,0.5606,0.4394
5,2.5,right-hand,0.3202,0.6798
5,2.5,left-hand,0.6646,0.3354
5,2.5,left-hand,0.2473,0.7527
5,2.5,right-hand,0.2027,0.7973
