fold,tmin,true_label,left-hand,right-hand
1,3.5,left-hand,0.499,0.501
1,3.5,right-hand,0.418,0.582
1,3.5,left-hand,0.4418,0.5582
1,3.5,left-hand,0.504,0.496
1,3.5,left-hand,0.4498,0.5502
1,3.5,right-hand,0.4585,0.5415
1,3.5,right-hand,0.4778,0.5222
1,3.5,right-hand,0.43,0.57
1,3.5,right-hand,0.4745,0.5255
1,3.5,left-hand,0.6705,0.3295
1,3.5,left-hand,0.3997,0.6003
1,3.5,right-hand,1.0,0.0
1,3.5,right-hand,0.6343,0.3657
1,3.5,right-hand,0.4522,0.5478
1,3.5,left-hand,0.5854,0.4146
1,3.5,left-hand,0.4619,0.5381
1,3.5,right-hand,0.4019,0.5981
1,3.5,left-hand,0.7135,0.2865
1,3.5,left-hand,0.4368,0.5632
1,3.5,right-hand,0.7424,0.2576
1,3.5,left-hand,0.6616,0.3384
1,3.5,left-hand,0.4403,0.5597
1,3.5,left-hand,0.5226,0.4774
1,3.5,right-hand,0.4881,0.5119
1,3.5,right-hand,0.6708,0.3292
1,3.5,left-hand,0.409,0.591
1,3.5,right-hand,0.6148,0.3852
1,3.5,left-hand,0.4257,0.5743
1,3.5,left-hand,0.4746,0.5254
1,3.5,right-hand,0.373,0.627
1,3.5,right-hand,0.4252,0.5748
1,3.5,right-hand,0.4747,0.5253
1,3.5,right-hand,0.4052,0.5948
1,3.5,right-hand,0.5759,0.4241
1,3.5,left-hand,0.4365,0.5635
1,3.5,left-hand,0.5766,0.4234
1,3.5,left-hand,0.4432,0.5568
1,3.5,left-hand,0.4229,0.5771
1,3.5,right-hand,0.5663,0.4337
1,3.5,right-hand,0.5286,0.4714
1,3.5,right-hand,0.4211,0.5789
1,3.5,right-hand,0.4701,0.5299
1,3.5,left-hand,0.4305,0.5695
1,3.5,left-hand,0.45,0.55
1,3.5,right-hand,0.4075,0.5925
1,3.5,right-hand,0.4181,0.5819
1,3.5,left-hand,0.4266,0.5734
1,3.5,left-hand,0.5101,0.4899
1,3.5,left-hand,0.5609,0.4391
1,3.5,left-hand,0.4151,0.5849
1,3.5,right-hand,0.427,0.573
1,3.5,left-hand,0.4798,0.5202
1,3.5,left-hand,0.4424,0.5576
1,3.5,right-hand,0.4801,0.5199
1,3.5,right-hand,0.4174,0.5826
1,3.5,right-hand,0.4163,0.5837
1,3.5,right-hand,0.7281,0.2719
1,3.5,left-hand,0.4947,0.5053
1,3.5,right-hand,0.4575,0.5425
1,3.5,left-hand,0.4597,0.5403
1,3.5,right-hand,0.4817,0.5183
1,3.5,right-hand,0.5573,0.4427
1,3.5,left-hand,0.4659,0.5341
1,3.5,left-hand,0.5923,0.4077
1,3.5,left-hand,0.4318,0.5682
1,3.5,right-hand,0.4238,0.5762
1,3.5,left-hand,0.4108,0.5892
1,3.5,right-hand,0.4685,0.5315
1,3.5,right-hand,0.4777,0.5223
1,3.5,right-hand,0.4331,0.5669
1,3.5,right-hand,0.4497,0.5503
1,3.5,left-hand,0.5239,0.4761
1,3.5,left-hand,0.5732,0.4268
1,3.5,right-hand,0.4565,0.5435
1,3.5,right-hand,0.4883,0.5117
1,3.5,right-hand,0.5521,0.4479
1,3.5,right-hand,0.479,0.521
1,3.5,left-hand,0.52,0.48
1,3.5,right-hand,0.4206,0.5794
1,3.5,right-hand,0.5097,0.4903
1,3.5,right-hand,0.417,0.583
1,3.5,left-hand,0.512,0.488
1,3.5,left-hand,0.7381,0.2619
1,3.5,left-hand,0.5582,0.4418
1,3.5,left-hand,0.6455,0.3545
1,3.5,left-hand,0.5618,0.4382
1,3.5,left-hand,0.5055,0.4945
1,3.5,right-hand,0.7082,0.2918
1,3.5,left-hand,0.7451,0.2549
1,3.5,right-hand,0.4811,0.5189
1,3.5,right-hand,0.46,0.54
1,3.5,left-hand,0.695,0.305
1,3.5,right-hand,0.6075,0.3925
1,3.5,right-hand,0.4184,0.5816
1,3.5,right-hand,0.4665,0.5335
1,3.5,left-hand,0.6273,0.3727
1,3.5,right-hand,0.4049,0.5951
1,3.5,right-hand,0.4367,0.5633
1,3.5,right-hand,0.6025,0.3975
1,3.5,left-hand,0.6364,0.3636
1,3.5,right-hand,0.6564,0.3436
1,3.5,left-hand,0.5229,0.4771
1,3.5,left-hand,0.4256,0.5744
1,3.5,right-hand,0.5336,0.4664
1,3.5,right-hand,0.4891,0.5109
1,3.5,left-hand,0.4111,0.5889
1,3.5,right-hand,0.44,0.56
1,3.5,left-hand,0.4984,0.5016
1,3.5,left-hand,0.7215,0.2785
1,3.5,right-hand,0.4067,0.5933
1,3.5,left-hand,0.4176,0.5824
1,3.5,left-hand,0.4666,0.5334
1,3.5,right-hand,0.4069,0.5931
1,3.5,left-hand,0.5817,0.4183
1,3.5,left-hand,0.5219,0.4781
1,3.5,left-hand,0.5145,0.4855
1,3.5,left-hand,0.4096,0.5904
1,3.5,right-hand,0.4465,0.5535
1,3.5,left-hand,0.5159,0.4841
1,3.5,right-hand,0.4097,0.5903
1,3.5,right-hand,0.7056,0.2944
1,3.5,left-hand,0.6416,0.3584
1,3.5,left-hand,0.4458,0.5542
1,3.5,left-hand,0.6204,0.3796
1,3.5,left-hand,0.6891,0.3109
1,3.5,left-hand,0.5767,0.4233
1,3.5,left-hand,0.7359,0.2641
1,3.5,right-hand,0.4069,0.5931
1,3.5,right-hand,0.65,0.35
1,3.5,left-hand,0.4987,0.5013
1,3.5,right-hand,0.5921,0.4079
1,3.5,right-hand,0.5809,0.4191
1,3.5,left-hand,0.7439,0.2561
1,3.5,right-hand,0.6705,0.3295
1,3.5,left-hand,0.7309,0.2691
1,3.5,left-hand,0.4864,0.5136
1,3.5,left-hand,0.5823,0.4177
1,3.5,right-hand,0.4516,0.5484
1,3.5,right-hand,0.4301,0.5699
1,3.5,right-hand,0.6275,0.3725
1,3.5,left-hand,0.7056,0.2944
1,3.5,right-hand,0.4778,0.5222
1,3.5,right-hand,0.4403,0.5597
1,3.5,left-hand,0.398,0.602
2,3.5,right-hand,0.4168,0.5832
2,3.5,right-hand,0.4783,0.5217
2,3.5,left-hand,0.3521,0.6479
2,3.5,right-hand,0.5327,0.4673
2,3.5,left-hand,0.4096,0.5904
2,3.5,right-hand,0.35,0.65
2,3.5,left-hand,0.5224,0.4776
2,3.5,left-hand,0.511,0.489
2,3.5,left-hand,0.4067,0.5933
2,3.5,left-hand,0.3735,0.6265
2,3.5,right-hand,0.617,0.383
2,3.5,right-hand,0.3925,0.6075
2,3.5,right-hand,0.454,0.546
2,3.5,left-hand,0.5769,0.4231
2,3.5,right-hand,0.5216,0.4784
2,3.5,left-hand,0.5357,0.4643
2,3.5,right-hand,0.6452,0.3548
2,3.5,left-hand,0.3759,0.6241
2,3.5,left-hand,0.3954,0.6046
2,3.5,right-hand,0.6608,0.3392
2,3.5,left-hand,0.5663,0.4337
2,3.5,right-hand,0.4775,0.5225
2,3.5,right-hand,0.6045,0.3955
2,3.5,left-hand,0.6894,0.3106
2,3.5,left-hand,0.4433,0.5567
2,3.5,left-hand,0.4974,0.5026
2,3.5,right-hand,0.3952,0.6048
2,3.5,left-hand,0.4113,0.5887
2,3.5,left-hand,0.5281,0.4719
2,3.5,left-hand,0.7786,0.2214
2,3.5,left-hand,0.4964,0.5036
2,3.5,right-hand,0.7044,0.2956
2,3.5,right-hand,0.5077,0.4923
2,3.5,right-hand,0.6035,0.3965
2,3.5,left-hand,0.3986,0.6014
2,3.5,left-hand,0.6808,0.3192
2,3.5,right-hand,0.5361,0.4639
2,3.5,right-hand,0.7875,0.2125
2,3.5,left-hand,0.5508,0.4492
2,3.5,right-hand,0.5922,0.4078
2,3.5,left-hand,0.4142,0.5858
2,3.5,left-hand,0.4066,0.5934
2,3.5,left-hand,0.3974,0.6026
2,3.5,right-hand,0.4799,0.5201
2,3.5,right-hand,0.4219,0.5781
2,3.5,left-hand,0.5174,0.4826
2,3.5,left-hand,0.4502,0.5498
2,3.5,right-hand,0.5636,0.4364
2,3.5,left-hand,0.5765,0.4235
2,3.5,right-hand,0.3875,0.6125
2,3.5,left-hand,0.3998,0.6002
2,3.5,left-hand,0.7249,0.2751
2,3.5,right-hand,0.3432,0.6568
2,3.5,left-hand,0.7868,0.2132
2,3.5,left-hand,0.3709,0.6291
2,3.5,right-hand,0.4413,0.5587
2,3.5,left-hand,0.3526,0.6474
2,3.5,left-hand,0.4651,0.5349
2,3.5,left-hand,0.704,0.296
2,3.5,right-hand,0.3535,0.6465
2,3.5,left-hand,0.534,0.466
2,3.5,right-hand,0.3959,0.6041
2,3.5,left-hand,0.801,0.199
2,3.5,right-hand,0.4409,0.5591
2,3.5,left-hand,0.3628,0.6372
2,3.5,left-hand,0.4779,0.5221
2,3.5,right-hand,0.4169,0.5831
2,3.5,right-hand,0.6139,0.3861
2,3.5,right-hand,0.4251,0.5749
2,3.5,left-hand,0.6185,0.3815
2,3.5,left-hand,0.5001,0.4999
2,3.5,left-hand,0.745,0.255
2,3.5,right-hand,0.4324,0.5676
2,3.5,left-hand,0.5685,0.4315
2,3.5,right-hand,0.3888,0.6112
2,3.5,right-hand,0.4314,0.5686
2,3.5,left-hand,0.5291,0.4709
2,3.5,right-hand,0.4036,0.5964
2,3.5,left-hand,0.4752,0.5248
2,3.5,left-hand,0.6212,0.3788
2,3.5,left-hand,0.703,0.297
2,3.5,left-hand,0.8099,0.1901
2,3.5,right-hand,0.6134,0.3866
2,3.5,left-hand,0.7102,0.2898
2,3.5,right-hand,0.5778,0.4222
2,3.5,right-hand,0.5996,0.4004
2,3.5,right-hand,0.5867,0.4133
2,3.5,right-hand,0.6027,0.3973
2,3.5,left-hand,0.3858,0.6142
2,3.5,right-hand,0.7812,0.2188
2,3.5,right-hand,0.4885,0.5115
2,3.5,right-hand,0.8342,0.1658
2,3.5,left-hand,0.6767,0.3233
2,3.5,right-hand,0.4008,0.5992
2,3.5,left-hand,0.7357,0.2643
2,3.5,right-hand,0.6946,0.3054
2,3.5,right-hand,0.378,0.622
2,3.5,left-hand,0.6978,0.3022
2,3.5,right-hand,0.6209,0.3791
2,3.5,left-hand,0.7219,0.2781
2,3.5,left-hand,0.4723,0.5277
2,3.5,left-hand,0.534,0.466
2,3.5,left-hand,0.4154,0.5846
2,3.5,right-hand,0.4951,0.5049
2,3.5,right-hand,0.4706,0.5294
2,3.5,left-hand,0.5488,0.4512
2,3.5,left-hand,0.4358,0.5642
2,3.5,right-hand,0.3731,0.6269
2,3.5,left-hand,0.5953,0.4047
2,3.5,left-hand,0.4495,0.5505
2,3.5,left-hand,0.666,0.334
2,3.5,right-hand,0.5511,0.4489
2,3.5,right-hand,0.6096,0.3904
2,3.5,right-hand,0.8455,0.1545
2,3.5,right-hand,0.4186,0.5814
2,3.5,right-hand,0.71,0.29
2,3.5,right-hand,0.4363,0.5637
2,3.5,right-hand,0.5023,0.4977
2,3.5,right-hand,0.842,0.158
2,3.5,left-hand,0.6605,0.3395
2,3.5,right-hand,0.4111,0.5889
2,3.5,right-hand,0.5285,0.4715
2,3.5,left-hand,0.6277,0.3723
2,3.5,right-hand,0.6682,0.3318
2,3.5,left-hand,0.7445,0.2555
2,3.5,right-hand,0.6136,0.3864
2,3.5,right-hand,0.3886,0.6114
2,3.5,left-hand,0.5097,0.4903
2,3.5,right-hand,0.3585,0.6415
2,3.5,right-hand,0.7309,0.2691
2,3.5,left-hand,0.4266,0.5734
2,3.5,right-hand,0.4293,0.5707
2,3.5,right-hand,0.8717,0.1283
2,3.5,right-hand,0.6457,0.3543
2,3.5,right-hand,0.3892,0.6108
2,3.5,left-hand,0.4151,0.5849
2,3.5,right-hand,0.5228,0.4772
2,3.5,right-hand,0.7646,0.2354
2,3.5,right-hand,0.7456,0.2544
2,3.5,left-hand,0.8059,0.1941
2,3.5,left-hand,0.5787,0.4213
2,3.5,left-hand,0.6096,0.3904
2,3.5,left-hand,0.5861,0.4139
2,3.5,left-hand,0.8269,0.1731
3,3.5,right-hand,0.3436,0.6564
3,3.5,right-hand,0.2841,0.7159
3,3.5,right-hand,0.5844,0.4156
3,3.5,left-hand,0.2276,0.7724
3,3.5,left-hand,0.7258,0.2742
3,3.5,right-hand,0.3331,0.6669
3,3.5,left-hand,0.7254,0.2746
3,3.5,right-hand,0.6903,0.3097
3,3.5,right-hand,0.6804,0.3196
3,3.5,right-hand,0.47,0.53
3,3.5,right-hand,0.168,0.832
3,3.5,left-hand,0.271,0.729
3,3.5,right-hand,0.3762,0.6238
3,3.5,left-hand,0.0429,0.9571
3,3.5,right-hand,0.7076,0.2924
3,3.5,left-hand,0.7207,0.2793
3,3.5,right-hand,0.422,0.578
3,3.5,right-hand,0.3099,0.6901
3,3.5,left-hand,0.4761,0.5239
3,3.5,right-hand,0.6996,0.3004
3,3.5,left-hand,0.2081,0.7919
3,3.5,right-hand,0.7105,0.2895
3,3.5,left-hand,0.6668,0.3332
3,3.5,right-hand,0.3073,0.6927
3,3.5,right-hand,0.3453,0.6547
3,3.5,left-hand,0.2399,0.7601
3,3.5,left-hand,0.0002,0.9998
3,3.5,left-hand,0.7281,0.2719
3,3.5,right-hand,0.3607,0.6393
3,3.5,left-hand,0.3593,0.6407
3,3.5,left-hand,0.2671,0.7329
3,3.5,right-hand,0.4138,0.5862
3,3.5,left-hand,0.2344,0.7656
3,3.5,left-hand,0.2112,0.7888
3,3.5,right-hand,0.3232,0.6768
3,3.5,left-hand,0.482,0.518
3,3.5,right-hand,0.2461,0.7539
3,3.5,right-hand,0.2714,0.7286
3,3.5,left-hand,0.2595,0.7405
3,3.5,left-hand,0.2642,0.7358
3,3.5,right-hand,0.5135,0.4865
3,3.5,left-hand,0.3707,0.6293
3,3.5,left-hand,0.3335,0.6665
3,3.5,left-hand,0.2481,0.7519
3,3.5,left-hand,0.1902,0.8098
3,3.5,right-hand,0.7205,0.2795
3,3.5,left-hand,0.2343,0.7657
3,3.5,right-hand,0.634,0.366
3,3.5,right-hand,0.7227,0.2773
3,3.5,left-hand,0.5265,0.4735
3,3.5,right-hand,0.6,0.4
3,3.5,right-hand,0.5278,0.4722
3,3.5,right-hand,0.414,0.586
3,3.5,left-hand,0.4101,0.5899
3,3.5,right-hand,0.3261,0.6739
3,3.5,left-hand,0.3452,0.6548
3,3.5,right-hand,0.3541,0.6459
3,3.5,left-hand,0.3304,0.6696
3,3.5,left-hand,0.2486,0.7514
3,3.5,left-hand,0.3471,0.6529
3,3.5,right-hand,0.4635,0.5365
3,3.5,right-hand,0.6079,0.3921
3,3.5,right-hand,0.2651,0.7349
3,3.5,left-hand,0.2574,0.7426
3,3.5,left-hand,0.4044,0.5956
3,3.5,right-hand,0.477,0.523
3,3.5,right-hand,0.3056,0.6944
3,3.5,right-hand,0.2396,0.7604
3,3.5,left-hand,0.3272,0.6728
3,3.5,left-hand,0.2864,0.7136
3,3.5,left-hand,0.2701,0.7299
3,3.5,left-hand,0.7424,0.2576
3,3.5,left-hand,0.3402,0.6598
3,3.5,left-hand,0.2776,0.7224
3,3.5,right-hand,0.5047,0.4953
3,3.5,left-hand,0.7091,0.2909
3,3.5,left-hand,0.587,0.413
3,3.5,right-hand,0.2042,0.7958
3,3.5,right-hand,0.318,0.682
3,3.5,right-hand,0.4728,0.5272
3,3.5,left-hand,0.3196,0.6804
3,3.5,right-hand,0.4765,0.5235
3,3.5,right-hand,0.3178,0.6822
3,3.5,right-hand,0.641,0.359
3,3.5,right-hand,0.6452,0.3548
3,3.5,right-hand,0.5563,0.4437
3,3.5,left-hand,0.7107,0.2893
3,3.5,right-hand,0.2593,0.7407
3,3.5,left-hand,0.7178,0.2822
3,3.5,right-hand,0.5033,0.4967
3,3.5,left-hand,0.6311,0.3689
3,3.5,left-hand,0.4534,0.5466
3,3.5,left-hand,0.3478,0.6522
3,3.5,right-hand,0.6868,0.3132
3,3.5,left-hand,0.3615,0.6385
3,3.5,left-hand,0.4435,0.5565
3,3.5,left-hand,0.3248,0.6752
3,3.5,right-hand,0.3406,0.6594
3,3.5,right-hand,0.3138,0.6862
3,3.5,right-hand,0.65,0.35
3,3.5,right-hand,0.2601,0.7399
3,3.5,right-hand,0.7302,0.2698
3,3.5,right-hand,0.6714,0.3286
3,3.5,right-hand,0.2944,0.7056
3,3.5,left-hand,0.6363,0.3637
3,3.5,left-hand,0.1959,0.8041
3,3.5,left-hand,0.2466,0.7534
3,3.5,left-hand,0.726,0.274
3,3.5,left-hand,0.6107,0.3893
3,3.5,right-hand,0.3337,0.6663
3,3.5,left-hand,0.2869,0.7131
3,3.5,right-hand,0.2662,0.7338
3,3.5,right-hand,0.459,0.541
3,3.5,left-hand,0.2818,0.7182
3,3.5,left-hand,0.3085,0.6915
3,3.5,right-hand,0.4929,0.5071
3,3.5,right-hand,0.4716,0.5284
3,3.5,left-hand,0.4103,0.5897
3,3.5,left-hand,0.5184,0.4816
3,3.5,left-hand,0.5094,0.4906
3,3.5,left-hand,0.5388,0.4612
3,3.5,right-hand,0.3377,0.6623
3,3.5,right-hand,0.7233,0.2767
3,3.5,right-hand,0.6516,0.3484
3,3.5,left-hand,0.2526,0.7474
3,3.5,right-hand,0.3086,0.6914
3,3.5,left-hand,0.5346,0.4654
3,3.5,left-hand,0.3487,0.6513
3,3.5,left-hand,0.5958,0.4042
3,3.5,left-hand,0.2913,0.7087
3,3.5,left-hand,0.5017,0.4983
3,3.5,right-hand,0.4952,0.5048
3,3.5,right-hand,0.4118,0.5882
3,3.5,left-hand,0.4187,0.5813
3,3.5,right-hand,0.411,0.589
3,3.5,right-hand,0.3881,0.6119
3,3.5,left-hand,0.2926,0.7074
3,3.5,right-hand,0.6264,0.3736
3,3.5,right-hand,0.7154,0.2846
3,3.5,right-hand,0.699,0.301
3,3.5,left-hand,0.6618,0.3382
3,3.5,left-hand,0.7297,0.2703
3,3.5,right-hand,0.4358,0.5642
3,3.5,left-hand,0.7314,0.2686
4,3.5,left-hand,0.3847,0.6153
4,3.5,right-hand,0.4629,0.5371
4,3.5,left-hand,0.477,0.523
4,3.5,left-hand,0.4446,0.5554
4,3.5,right-hand,1.0,0.0
4,3.5,left-hand,0.4273,0.5727
4,3.5,right-hand,0.3977,0.6023
4,3.5,right-hand,0.4468,0.5532
4,3.5,left-hand,0.4343,0.5657
4,3.5,left-hand,0.4761,0.5239
4,3.5,left-hand,0.4187,0.5813
4,3.5,right-hand,0.4173,0.5827
4,3.5,right-hand,0.3844,0.6156
4,3.5,right-hand,0.7196,0.2804
4,3.5,left-hand,0.5026,0.4974
4,3.5,right-hand,1.0,0.0
4,3.5,left-hand,0.6496,0.3504
4,3.5,left-hand,0.5772,0.4228
4,3.5,left-hand,0.4613,0.5387
4,3.5,right-hand,0.4119,0.5881
4,3.5,left-hand,0.7925,0.2075
4,3.5,right-hand,0.4343,0.5657
4,3.5,right-hand,0.4754,0.5246
4,3.5,right-hand,0.5271,0.4729
4,3.5,right-hand,0.7158,0.2842
4,3.5,left-hand,0.5186,0.4814
4,3.5,right-hand,0.4984,0.5016
4,3.5,right-hand,0.4657,0.5343
4,3.5,right-hand,0.4404,0.5596
4,3.5,left-hand,0.7219,0.2781
4,3.5,right-hand,0.5337,0.4663
4,3.5,right-hand,0.3659,0.6341
4,3.5,left-hand,0.5242,0.4758
4,3.5,right-hand,0.4063,0.5937
4,3.5,left-hand,0.4868,0.5132
4,3.5,right-hand,0.6885,0.3115
4,3.5,left-hand,0.4691,0.5309
4,3.5,left-hand,0.6516,0.3484
4,3.5,left-hand,0.3796,0.6204
4,3.5,right-hand,0.4318,0.5682
4,3.5,right-hand,0.4126,0.5874
4,3.5,left-hand,0.5115,0.4885
4,3.5,right-hand,0.3536,0.6464
4,3.5,left-hand,0.6285,0.3715
4,3.5,right-hand,0.4334,0.5666
4,3.5,right-hand,0.5153,0.4847
4,3.5,left-hand,0.4791,0.5209
4,3.5,left-hand,0.75,0.25
4,3.5,left-hand,0.5155,0.4845
4,3.5,left-hand,0.6813,0.3187
4,3.5,right-hand,0.7667,0.2333
4,3.5,right-hand,0.6702,0.3298
4,3.5,right-hand,0.3699,0.6301
4,3.5,left-hand,0.4077,0.5923
4,3.5,left-hand,0.3752,0.6248
4,3.5,right-hand,0.3862,0.6138
4,3.5,left-hand,0.3551,0.6449
4,3.5,left-hand,0.3808,0.6192
4,3.5,right-hand,0.4419,0.5581
4,3.5,right-hand,0.6217,0.3783
4,3.5,left-hand,0.403,0.597
4,3.5,right-hand,0.45,0.55
4,3.5,right-hand,0.3602,0.6398
4,3.5,left-hand,0.6654,0.3346
4,3.5,left-hand,0.3954,0.6046
4,3.5,left-hand,0.4379,0.5621
4,3.5,right-hand,0.5187,0.4813
4,3.5,right-hand,0.3903,0.6097
4,3.5,right-hand,0.6434,0.3566
4,3.5,right-hand,0.4245,0.5755
4,3.5,left-hand,0.3944,0.6056
4,3.5,left-hand,0.4012,0.5988
4,3.5,left-hand,0.4044,0.5956
4,3.5,right-hand,0.4391,0.5609
4,3.5,right-hand,0.4629,0.5371
4,3.5,left-hand,0.5411,0.4589
4,3.5,right-hand,0.4617,0.5383
4,3.5,left-hand,0.3898,0.6102
4,3.5,left-hand,0.6394,0.3606
4,3.5,left-hand,0.6296,0.3704
4,3.5,left-hand,0.4679,0.5321
4,3.5,right-hand,0.5334,0.4666
4,3.5,right-hand,0.4803,0.5197
4,3.5,left-hand,0.4669,0.5331
4,3.5,right-hand,0.3831,0.6169
4,3.5,left-hand,0.3769,0.6231
4,3.5,right-hand,0.5248,0.4752
4,3.5,left-hand,0.4905,0.5095
4,3.5,left-hand,0.556,0.444
4,3.5,left-hand,0.5856,0.4144
4,3.5,right-hand,0.5239,0.4761
4,3.5,right-hand,0.7938,0.2062
4,3.5,left-hand,0.5965,0.4035
4,3.5,left-hand,0.3981,0.6019
4,3.5,right-hand,0.6536,0.3464
4,3.5,left-hand,0.5195,0.4805
4,3.5,right-hand,0.4267,0.5733
4,3.5,left-hand,0.6631,0.3369
4,3.5,left-hand,0.4196,0.5804
4,3.5,right-hand,0.7795,0.2205
4,3.5,right-hand,0.4284,0.5716
4,3.5,left-hand,0.4314,0.5686
4,3.5,right-hand,0.5053,0.4947
4,3.5,right-hand,0.3865,0.6135
4,3.5,right-hand,0.5308,0.4692
4,3.5,right-hand,0.5402,0.4598
4,3.5,right-hand,0.371,0.629
4,3.5,left-hand,0.6073,0.3927
4,3.5,right-hand,0.4377,0.5623
4,3.5,left-hand,0.39,0.61
4,3.5,left-hand,0.4183,0.5817
4,3.5,right-hand,0.433,0.567
4,3.5,right-hand,0.387,0.613
4,3.5,right-hand,0.452,0.548
4,3.5,left-hand,0.638,0.362
4,3.5,left-hand,0.5183,0.4817
4,3.5,left-hand,0.5027,0.4973
4,3.5,right-hand,0.7607,0.2393
4,3.5,right-hand,0.4444,0.5556
4,3.5,left-hand,0.3549,0.6451
4,3.5,right-hand,0.4215,0.5785
4,3.5,right-hand,0.4157,0.5843
4,3.5,left-hand,0.5402,0.4598
4,3.5,left-hand,0.7156,0.2844
4,3.5,left-hand,0.6362,0.3638
4,3.5,right-hand,0.3993,0.6007
4,3.5,right-hand,0.6124,0.3876
4,3.5,left-hand,0.6641,0.3359
4,3.5,right-hand,0.4975,0.5025
4,3.5,right-hand,0.4952,0.5048
4,3.5,left-hand,0.6813,0.3187
4,3.5,left-hand,0.4854,0.5146
4,3.5,right-hand,0.6549,0.3451
4,3.5,left-hand,0.3483,0.6517
4,3.5,right-hand,0.4692,0.5308
4,3.5,left-hand,0.4581,0.5419
4,3.5,left-hand,0.6489,0.3511
4,3.5,right-hand,0.5942,0.4058
4,3.5,left-hand,0.4318,0.5682
4,3.5,left-hand,0.4179,0.5821
4,3.5,left-hand,0.6612,0.3388
4,3.5,right-hand,0.7616,0.2384
4,3.5,right-hand,0.4646,0.5354
4,3.5,left-hand,0.6893,0.3107
5,3.5,left-hand,0.4084,0.5916
5,3.5,right-hand,0.4112,0.5888
5,3.5,right-hand,0.3827,0.6173
5,3.5,right-hand,0.3809,0.6191
5,3.5,left-hand,0.4103,0.5897
5,3.5,left-hand,0.4231,0.5769
5,3.5,left-hand,0.6652,0.3348
5,3.5,right-hand,0.4077,0.5923
5,3.5,left-hand,0.4241,0.5759
5,3.5,right-hand,0.7222,0.2778
5,3.5,left-hand,0.5289,0.4711
5,3.5,left-hand,0.4185,0.5815
5,3.5,left-hand,0.4768,0.5232
5,3.5,right-hand,0.4075,0.5925
5,3.5,right-hand,0.5305,0.4695
5,3.5,left-hand,0.6047,0.3953
5,3.5,left-hand,0.6516,0.3484
5,3.5,left-hand,0.7063,0.2937
5,3.5,right-hand,0.5984,0.4016
5,3.5,left-hand,0.4116,0.5884
5,3.5,right-hand,0.5942,0.4058
5,3.5,right-hand,0.4068,0.5932
5,3.5,right-hand,0.6143,0.3857
5,3.5,right-hand,0.4407,0.5593
5,3.5,left-hand,0.4712,0.5288
5,3.5,right-hand,0.4057,0.5943
5,3.5,right-hand,0.4753,0.5247
5,3.5,left-hand,0.4581,0.5419
5,3.5,left-hand,0.5564,0.4436
5,3.5,right-hand,0.3988,0.6012
5,3.5,right-hand,0.4069,0.5931
5,3.5,left-hand,0.6438,0.3562
5,3.5,left-hand,0.4639,0.5361
5,3.5,left-hand,0.4173,0.5827
5,3.5,right-hand,0.3844,0.6156
5,3.5,right-hand,0.3843,0.6157
5,3.5,right-hand,0.4229,0.5771
5,3.5,left-hand,0.4121,0.5879
5,3.5,left-hand,0.6313,0.3687
5,3.5,left-hand,0.6152,0.3848
5,3.5,right-hand,0.4149,0.5851
5,3.5,left-hand,0.3929,0.6071
5,3.5,right-hand,0.3918,0.6082
5,3.5,right-hand,0.4537,0.5463
5,3.5,left-hand,0.3852,0.6148
5,3.5,right-hand,0.4615,0.5385
5,3.5,right-hand,0.4335,0.5665
5,3.5,left-hand,0.4977,0.5023
5,3.5,right-hand,0.4043,0.5957
5,3.5,right-hand,0.4424,0.5576
5,3.5,left-hand,0.4939,0.5061
5,3.5,left-hand,0.4002,0.5998
5,3.5,right-hand,0.4617,0.5383
5,3.5,right-hand,0.5067,0.4933
5,3.5,left-hand,0.663,0.337
5,3.5,left-hand,0.6411,0.3589
5,3.5,right-hand,0.4142,0.5858
5,3.5,right-hand,0.3812,0.6188
5,3.5,right-hand,0.3851,0.6149
5,3.5,right-hand,0.6339,0.3661
5,3.5,right-hand,0.4297,0.5703
5,3.5,right-hand,0.4662,0.5338
5,3.5,left-hand,0.4093,0.5907
5,3.5,right-hand,0.3846,0.6154
5,3.5,left-hand,0.4975,0.5025
5,3.5,right-hand,0.7293,0.2707
5,3.5,left-hand,0.5112,0.4888
5,3.5,left-hand,0.5455,0.4545
5,3.5,left-hand,0.4389,0.5611
5,3.5,left-hand,0.387,0.613
5,3.5,right-hand,0.4038,0.5962
5,3.5,right-hand,0.5388,0.4612
5,3.5,left-hand,0.3898,0.6102
5,3.5,left-hand,0.3945,0.6055
5,3.5,left-hand,0.3922,0.6078
5,3.5,left-hand,0.3819,0.6181
5,3.5,right-hand,0.4113,0.5887
5,3.5,right-hand,0.4113,0.5887
5,3.5,right-hand,0.4411,0.5589
5,3.5,right-hand,0.3804,0.6196
5,3.5,right-hand,0.673,0.327
5,3.5,left-hand,0.6038,0.3962
5,3.5,left-hand,0.6282,0.3718
5,3.5,right-hand,0.5271,0.4729
5,3.5,left-hand,0.5739,0.4261
5,3.5,left-hand,0.6166,0.3834
5,3.5,left-hand,0.6461,0.3539
5,3.5,right-hand,0.3851,0.6149
5,3.5,right-hand,0.4044,0.5956
5,3.5,left-hand,0.5194,0.4806
5,3.5,right-hand,0.4595,0.5405
5,3.5,left-hand,0.524,0.476
5,3.5,left-hand,0.4359,0.5641
5,3.5,right-hand,0.4138,0.5862
5,3.5,left-hand,0.6569,0.3431
5,3.5,right-hand,0.407,0.593
5,3.5,right-hand,0.555,0.445
5,3.5,left-hand,0.4041,0.5959
5,3.5,left-hand,0.4877,0.5123
5,3.5,left-hand,0.3915,0.6085
5,3.5,right-hand,0.5539,0.4461
5,3.5,left-hand,0.5403,0.4597
5,3.5,left-hand,0.6268,0.3732
5,3.5,right-hand,0.4358,0.5642
5,3.5,right-hand,0.4437,0.5563
5,3.5,right-hand,0.6115,0.3885
5,3.5,right-hand,0.4372,0.5628
5,3.5,right-hand,0.578,0.422
5,3.5,left-hand,0.5659,0.4341
5,3.5,left-hand,0.4144,0.5856
5,3.5,right-hand,0.5332,0.4668
5,3.5,right-hand,0.3764,0.6236
5,3.5,left-hand,0.6267,0.3733
5,3.5,left-hand,0.4269,0.5731
5,3.5,right-hand,0.4947,0.5053
5,3.5,left-hand,0.453,0.547
5,3.5,left-hand,0.6338,0.3662
5,3.5,left-hand,0.4558,0.5442
5,3.5,left-hand,0.5239,0.4761
5,3.5,right-hand,0.5014,0.4986
5,3.5,right-hand,0.6257,0.3743
5,3.5,right-hand,0.5495,0.4505
5,3.5,right-hand,0.4322,0.5678
5,3.5,left-hand,0.7205,0.2795
5,3.5,left-hand,0.4759,0.5241
5,3.5,right-hand,0.453,0.547
5,3.5,right-hand,0.4286,0.5714
5,3.5,left-hand,0.4946,0.5054
5,3.5,left-hand,0.5697,0.4303
5,3.5,left-hand,0.4258,0.5742
5,3.5,right-hand,0.6242,0.3758
5,3.5,left-hand,0.5887,0.4113
5,3.5,left-hand,0.6052,0.3948
5,3.5,right-hand,0.5833,0.4167
5,3.5,right-hand,0.4034,0.5966
5,3.5,right-hand,0.5849,0.4151
5,3.5,left-hand,0.5086,0.4914
5,3.5,left-hand,0.6009,0.3991
5,3.5,right-hand,0.3796,0.6204
5,3.5,right-hand,0.4149,0.5851
5,3.5,left-hand,0.5237,0.4763
5,3.5,left-hand,0.6839,0.3161
5,3.5,right-hand,0.6074,0.3926
5,3.5,left-hand,0.6017,0.3983
