fold,tmin,true_label,left-hand,right-hand
1,3.5,right-hand,0.2651,0.7349
1,3.5,right-hand,0.1897,0.8103
1,3.5,left-hand,0.0805,0.9195
1,3.5,right-hand,0.1628,0.8372
1,3.5,right-hand,0.0399,0.9601
1,3.5,left-hand,0.5389,0.4611
1,3.5,right-hand,0.5928,0.4072
1,3.5,right-hand,0.8053,0.1947
1,3.5,left-hand,0.2207,0.7793
1,3.5,right-hand,0.6792,0.3208
1,3.5,right-hand,0.2468,0.7532
1,3.5,right-hand,0.9371,0.0629
1,3.5,left-hand,0.1369,0.8631
1,3.5,right-hand,0.307,0.693
1,3.5,right-hand,0.6586,0.3414
1,3.5,right-hand,0.2955,0.7045
1,3.5,left-hand,0.4525,0.5475
1,3.5,right-hand,0.2864,0.7136
1,3.5,left-hand,0.0766,0.9234
1,3.5,right-hand,0.6174,0.3826
1,3.5,left-hand,0.4801,0.5199
1,3.5,left-hand,0.096,0.904
1,3.5,right-hand,0.4372,0.5628
1,3.5,left-hand,0.4581,0.5419
1,3.5,left-hand,0.3765,0.6235
1,3.5,right-hand,0.3615,0.6385
1,3.5,left-hand,0.4555,0.5445
1,3.5,right-hand,0.2889,0.7111
1,3.5,left-hand,0.6326,0.3674
1,3.5,right-hand,0.1568,0.8432
1,3.5,right-hand,0.6191,0.3809
1,3.5,right-hand,0.6798,0.3202
1,3.5,left-hand,0.54,0.46
1,3.5,right-hand,0.0255,0.9745
1,3.5,left-hand,0.6605,0.3395
1,3.5,left-hand,0.356,0.644
1,3.5,left-hand,0.4877,0.5123
1,3.5,left-hand,0.7026,0.2974
1,3.5,left-hand,0.6828,0.3172
1,3.5,right-hand,0.5138,0.4862
1,3.5,left-hand,0.2095,0.7905
1,3.5,right-hand,0.1732,0.8268
1,3.5,right-hand,0.1545,0.8455
1,3.5,right-hand,0.3111,0.6889
1,3.5,left-hand,0.6286,0.3714
1,3.5,left-hand,0.9343,0.0657
1,3.5,right-hand,0.191,0.809
1,3.5,left-hand,0.8679,0.1321
1,3.5,left-hand,0.9475,0.0525
1,3.5,right-hand,0.1329,0.8671
1,3.5,left-hand,0.8641,0.1359
1,3.5,left-hand,0.6062,0.3938
1,3.5,left-hand,0.3475,0.6525
1,3.5,right-hand,0.7864,0.2136
1,3.5,left-hand,0.2482,0.7518
1,3.5,left-hand,0.6788,0.3212
1,3.5,right-hand,0.3931,0.6069
1,3.5,left-hand,0.6079,0.3921
1,3.5,right-hand,0.9316,0.0684
1,3.5,left-hand,0.9715,0.0285
1,3.5,left-hand,0.2847,0.7153
1,3.5,right-hand,0.0427,0.9573
1,3.5,right-hand,0.2111,0.7889
1,3.5,right-hand,0.3064,0.6936
1,3.5,left-hand,0.1067,0.8933
1,3.5,left-hand,0.9905,0.0095
1,3.5,left-hand,0.7461,0.2539
1,3.5,right-hand,0.2495,0.7505
1,3.5,left-hand,0.9901,0.0099
1,3.5,left-hand,0.3558,0.6442
1,3.5,left-hand,0.1993,0.8007
1,3.5,right-hand,0.0443,0.9557
1,3.5,right-hand,0.0492,0.9508
1,3.5,right-hand,0.2957,0.7043
1,3.5,right-hand,0.7384,0.2616
1,3.5,left-hand,0.9711,0.0289
1,3.5,left-hand,0.6055,0.3945
1,3.5,left-hand,0.8609,0.1391
1,3.5,left-hand,0.7612,0.2388
1,3.5,right-hand,0.0222,0.9778
1,3.5,right-hand,0.0376,0.9624
1,3.5,left-hand,0.8435,0.1565
1,3.5,left-hand,0.9787,0.0213
1,3.5,left-hand,0.9959,0.0041
1,3.5,left-hand,0.764,0.236
1,3.5,left-hand,0.0434,0.9566
1,3.5,right-hand,0.0346,0.9654
1,3.5,left-hand,0.8811,0.1189
1,3.5,left-hand,0.6883,0.3117
1,3.5,right-hand,0.0652,0.9348
1,3.5,left-hand,0.9251,0.0749
1,3.5,left-hand,0.9962,0.0038
1,3.5,right-hand,0.057,0.943
1,3.5,right-hand,0.077,0.923
1,3.5,left-hand,0.9862,0.0138
1,3.5,right-hand,0.1695,0.8305
1,3.5,right-hand,0.9265,0.0735
1,3.5,left-hand,0.8639,0.1361
1,3.5,right-hand,0.2846,0.7154
1,3.5,right-hand,0.2083,0.7917
1,3.5,right-hand,0.0756,0.9244
1,3.5,right-hand,0.0367,0.9633
1,3.5,left-hand,0.9588,0.0412
1,3.5,right-hand,0.4475,0.5525
1,3.5,left-hand,0.8051,0.1949
1,3.5,right-hand,0.8583,0.1417
1,3.5,left-hand,0.9781,0.0219
1,3.5,right-hand,0.172,0.828
1,3.5,left-hand,0.8088,0.1912
1,3.5,left-hand,0.99,0.01
1,3.5,left-hand,0.3303,0.6697
1,3.5,left-hand,0.4037,0.5963
1,3.5,right-hand,0.1245,0.8755
1,3.5,right-hand,0.0093,0.9907
1,3.5,right-hand,0.2879,0.7121
1,3.5,left-hand,0.9885,0.0115
1,3.5,left-hand,0.8828,0.1172
1,3.5,right-hand,0.5906,0.4094
1,3.5,left-hand,0.0736,0.9264
1,3.5,left-hand,0.6889,0.3111
1,3.5,right-hand,0.0813,0.9187
1,3.5,right-hand,0.1794,0.8206
1,3.5,right-hand,0.2413,0.7587
1,3.5,right-hand,0.0309,0.9691
1,3.5,left-hand,0.5638,0.4362
1,3.5,right-hand,0.0891,0.9109
1,3.5,left-hand,0.9044,0.0956
1,3.5,left-hand,0.6673,0.3327
1,3.5,right-hand,0.0475,0.9525
1,3.5,left-hand,0.9612,0.0388
1,3.5,right-hand,0.0515,0.9485
1,3.5,right-hand,0.2545,0.7455
1,3.5,right-hand,0.0991,0.9009
1,3.5,left-hand,0.9604,0.0396
1,3.5,right-hand,0.7921,0.2079
1,3.5,right-hand,0.5826,0.4174
1,3.5,right-hand,0.5319,0.4681
1,3.5,right-hand,0.0604,0.9396
1,3.5,right-hand,0.1037,0.8963
1,3.5,left-hand,0.7813,0.2187
1,3.5,right-hand,0.25,0.75
1,3.5,right-hand,0.6113,0.3887
1,3.5,left-hand,0.8166,0.1834
1,3.5,right-hand,0.0937,0.9063
1,3.5,left-hand,0.9221,0.0779
1,3.5,left-hand,0.9947,0.0053
1,3.5,left-hand,0.8108,0.1892
1,3.5,left-hand,0.9534,0.0466
1,3.5,left-hand,0.9478,0.0522
1,3.5,left-hand,0.9965,0.0035
1,3.5,right-hand,0.1239,0.8761
1,3.5,right-hand,0.5192,0.4808
2,3.5,left-hand,0.7854,0.2146
2,3.5,left-hand,0.6306,0.3694
2,3.5,left-hand,0.3251,0.6749
2,3.5,right-hand,0.0273,0.9727
2,3.5,right-hand,0.512,0.488
2,3.5,left-hand,0.8809,0.1191
2,3.5,left-hand,0.9401,0.0599
2,3.5,right-hand,0.8832,0.1168
2,3.5,left-hand,0.4484,0.5516
2,3.5,right-hand,0.6103,0.3897
2,3.5,right-hand,0.8491,0.1509
2,3.5,right-hand,0.1643,0.8357
2,3.5,right-hand,0.0677,0.9323
2,3.5,left-hand,0.986,0.014
2,3.5,right-hand,0.0771,0.9229
2,3.5,left-hand,0.7318,0.2682
2,3.5,left-hand,0.6033,0.3967
2,3.5,right-hand,0.8174,0.1826
2,3.5,left-hand,0.9253,0.0747
2,3.5,left-hand,0.3244,0.6756
2,3.5,left-hand,0.4177,0.5823
2,3.5,right-hand,0.4169,0.5831
2,3.5,left-hand,0.6243,0.3757
2,3.5,left-hand,0.054,0.946
2,3.5,left-hand,0.7762,0.2238
2,3.5,right-hand,0.089,0.911
2,3.5,right-hand,0.1499,0.8501
2,3.5,right-hand,0.8154,0.1846
2,3.5,right-hand,0.534,0.466
2,3.5,right-hand,0.0563,0.9437
2,3.5,right-hand,0.0411,0.9589
2,3.5,right-hand,0.0977,0.9023
2,3.5,right-hand,0.0626,0.9374
2,3.5,left-hand,0.9356,0.0644
2,3.5,right-hand,0.6886,0.3114
2,3.5,right-hand,0.5881,0.4119
2,3.5,right-hand,0.5436,0.4564
2,3.5,left-hand,0.9882,0.0118
2,3.5,left-hand,0.1663,0.8337
2,3.5,left-hand,0.7677,0.2323
2,3.5,right-hand,0.5284,0.4716
2,3.5,right-hand,0.3881,0.6119
2,3.5,left-hand,0.5845,0.4155
2,3.5,right-hand,0.5177,0.4823
2,3.5,right-hand,0.0329,0.9671
2,3.5,left-hand,0.5617,0.4383
2,3.5,left-hand,0.576,0.424
2,3.5,right-hand,0.7482,0.2518
2,3.5,right-hand,0.0685,0.9315
2,3.5,right-hand,0.9664,0.0336
2,3.5,left-hand,0.9027,0.0973
2,3.5,right-hand,0.5729,0.4271
2,3.5,left-hand,0.012,0.988
2,3.5,right-hand,0.0839,0.9161
2,3.5,right-hand,0.4563,0.5437
2,3.5,left-hand,0.4428,0.5572
2,3.5,left-hand,0.9274,0.0726
2,3.5,left-hand,0.9982,0.0018
2,3.5,right-hand,0.0686,0.9314
2,3.5,right-hand,0.0696,0.9304
2,3.5,right-hand,0.9104,0.0896
2,3.5,right-hand,0.0203,0.9797
2,3.5,right-hand,0.0461,0.9539
2,3.5,left-hand,0.7333,0.2667
2,3.5,right-hand,0.484,0.516
2,3.5,left-hand,0.3968,0.6032
2,3.5,right-hand,0.1072,0.8928
2,3.5,right-hand,0.2551,0.7449
2,3.5,right-hand,0.1011,0.8989
2,3.5,left-hand,0.9539,0.0461
2,3.5,right-hand,0.0469,0.9531
2,3.5,right-hand,0.8778,0.1222
2,3.5,left-hand,0.9739,0.0261
2,3.5,left-hand,0.7855,0.2145
2,3.5,right-hand,0.0277,0.9723
2,3.5,left-hand,0.9755,0.0245
2,3.5,left-hand,0.964,0.036
2,3.5,right-hand,0.1009,0.8991
2,3.5,left-hand,0.8851,0.1149
2,3.5,left-hand,0.9919,0.0081
2,3.5,left-hand,0.6531,0.3469
2,3.5,right-hand,0.1358,0.8642
2,3.5,right-hand,0.0395,0.9605
2,3.5,left-hand,0.138,0.862
2,3.5,right-hand,0.053,0.947
2,3.5,left-hand,0.604,0.396
2,3.5,left-hand,0.9322,0.0678
2,3.5,left-hand,0.9926,0.0074
2,3.5,right-hand,0.1361,0.8639
2,3.5,right-hand,0.0629,0.9371
2,3.5,left-hand,0.1693,0.8307
2,3.5,right-hand,0.6155,0.3845
2,3.5,right-hand,0.0368,0.9632
2,3.5,left-hand,0.9499,0.0501
2,3.5,right-hand,0.5479,0.4521
2,3.5,left-hand,0.9942,0.0058
2,3.5,right-hand,0.0618,0.9382
2,3.5,left-hand,0.4863,0.5137
2,3.5,right-hand,0.0376,0.9624
2,3.5,right-hand,0.0084,0.9916
2,3.5,left-hand,0.9235,0.0765
2,3.5,left-hand,0.9118,0.0882
2,3.5,left-hand,0.5941,0.4059
2,3.5,right-hand,0.1072,0.8928
2,3.5,right-hand,0.0596,0.9404
2,3.5,left-hand,0.4942,0.5058
2,3.5,right-hand,0.0464,0.9536
2,3.5,left-hand,0.9713,0.0287
2,3.5,left-hand,0.4229,0.5771
2,3.5,left-hand,0.2111,0.7889
2,3.5,right-hand,0.0244,0.9756
2,3.5,right-hand,0.398,0.602
2,3.5,left-hand,0.1706,0.8294
2,3.5,right-hand,0.0656,0.9344
2,3.5,right-hand,0.9734,0.0266
2,3.5,right-hand,0.0332,0.9668
2,3.5,left-hand,0.3569,0.6431
2,3.5,left-hand,0.9928,0.0072
2,3.5,left-hand,0.9729,0.0271
2,3.5,left-hand,0.9981,0.0019
2,3.5,right-hand,0.1632,0.8368
2,3.5,left-hand,0.9968,0.0032
2,3.5,left-hand,0.877,0.123
2,3.5,left-hand,0.6303,0.3697
2,3.5,right-hand,0.3811,0.6189
2,3.5,left-hand,0.9701,0.0299
2,3.5,right-hand,0.0995,0.9005
2,3.5,left-hand,0.9956,0.0044
2,3.5,left-hand,0.9477,0.0523
2,3.5,left-hand,0.8658,0.1342
2,3.5,right-hand,0.1681,0.8319
2,3.5,left-hand,0.7114,0.2886
2,3.5,right-hand,0.0828,0.9172
2,3.5,left-hand,0.9987,0.0013
2,3.5,left-hand,0.9865,0.0135
2,3.5,left-hand,0.9671,0.0329
2,3.5,left-hand,0.5189,0.4811
2,3.5,left-hand,0.8164,0.1836
2,3.5,left-hand,0.7183,0.2817
2,3.5,left-hand,0.9663,0.0337
2,3.5,left-hand,0.9925,0.0075
2,3.5,right-hand,0.0372,0.9628
2,3.5,right-hand,0.0576,0.9424
2,3.5,right-hand,0.042,0.958
2,3.5,right-hand,0.7742,0.2258
2,3.5,right-hand,0.8255,0.1745
2,3.5,left-hand,0.8631,0.1369
2,3.5,left-hand,0.9501,0.0499
2,3.5,right-hand,0.1366,0.8634
2,3.5,right-hand,0.2729,0.7271
2,3.5,right-hand,0.3805,0.6195
2,3.5,left-hand,0.9794,0.0206
3,3.5,left-hand,0.6065,0.3935
3,3.5,right-hand,0.3141,0.6859
3,3.5,left-hand,0.2837,0.7163
3,3.5,left-hand,0.9631,0.0369
3,3.5,left-hand,0.0573,0.9427
3,3.5,left-hand,0.1198,0.8802
3,3.5,right-hand,0.116,0.884
3,3.5,right-hand,0.3247,0.6753
3,3.5,right-hand,0.2822,0.7178
3,3.5,left-hand,0.0452,0.9548
3,3.5,left-hand,0.9809,0.0191
3,3.5,right-hand,0.4956,0.5044
3,3.5,left-hand,0.1565,0.8435
3,3.5,left-hand,0.7737,0.2263
3,3.5,right-hand,0.0338,0.9662
3,3.5,left-hand,0.703,0.297
3,3.5,right-hand,0.5818,0.4182
3,3.5,left-hand,0.8318,0.1682
3,3.5,left-hand,0.439,0.561
3,3.5,left-hand,0.49,0.51
3,3.5,right-hand,0.0882,0.9118
3,3.5,left-hand,0.1713,0.8287
3,3.5,right-hand,0.5356,0.4644
3,3.5,right-hand,0.3122,0.6878
3,3.5,left-hand,0.9719,0.0281
3,3.5,left-hand,0.7785,0.2215
3,3.5,right-hand,0.6139,0.3861
3,3.5,left-hand,0.2212,0.7788
3,3.5,left-hand,0.8982,0.1018
3,3.5,left-hand,0.8392,0.1608
3,3.5,right-hand,0.0437,0.9563
3,3.5,left-hand,0.986,0.014
3,3.5,left-hand,0.451,0.549
3,3.5,left-hand,0.7174,0.2826
3,3.5,right-hand,0.152,0.848
3,3.5,left-hand,0.6831,0.3169
3,3.5,left-hand,0.1281,0.8719
3,3.5,left-hand,0.9823,0.0177
3,3.5,right-hand,0.6529,0.3471
3,3.5,left-hand,0.6221,0.3779
3,3.5,right-hand,0.124,0.876
3,3.5,right-hand,0.2764,0.7236
3,3.5,right-hand,0.245,0.755
3,3.5,right-hand,0.58,0.42
3,3.5,left-hand,0.7301,0.2699
3,3.5,left-hand,0.3125,0.6875
3,3.5,left-hand,0.6523,0.3477
3,3.5,right-hand,0.4445,0.5555
3,3.5,left-hand,0.993,0.007
3,3.5,right-hand,0.8224,0.1776
3,3.5,right-hand,0.2197,0.7803
3,3.5,right-hand,0.033,0.967
3,3.5,left-hand,0.9788,0.0212
3,3.5,right-hand,0.0363,0.9637
3,3.5,left-hand,0.3217,0.6783
3,3.5,right-hand,0.0186,0.9814
3,3.5,right-hand,0.6006,0.3994
3,3.5,left-hand,0.3615,0.6385
3,3.5,right-hand,0.1729,0.8271
3,3.5,right-hand,0.0699,0.9301
3,3.5,right-hand,0.8207,0.1793
3,3.5,left-hand,0.333,0.667
3,3.5,left-hand,0.6304,0.3696
3,3.5,left-hand,0.4365,0.5635
3,3.5,left-hand,0.9859,0.0141
3,3.5,left-hand,0.0976,0.9024
3,3.5,right-hand,0.3153,0.6847
3,3.5,right-hand,0.0957,0.9043
3,3.5,left-hand,0.2773,0.7227
3,3.5,right-hand,0.0547,0.9453
3,3.5,left-hand,0.1277,0.8723
3,3.5,right-hand,0.0238,0.9762
3,3.5,right-hand,0.0435,0.9565
3,3.5,left-hand,0.8542,0.1458
3,3.5,left-hand,0.9704,0.0296
3,3.5,right-hand,0.7882,0.2118
3,3.5,right-hand,0.236,0.764
3,3.5,left-hand,0.9719,0.0281
3,3.5,right-hand,0.0595,0.9405
3,3.5,right-hand,0.0128,0.9872
3,3.5,right-hand,0.0446,0.9554
3,3.5,right-hand,0.6195,0.3805
3,3.5,right-hand,0.3291,0.6709
3,3.5,left-hand,0.8898,0.1102
3,3.5,right-hand,0.0137,0.9863
3,3.5,right-hand,0.2196,0.7804
3,3.5,right-hand,0.0397,0.9603
3,3.5,right-hand,0.0126,0.9874
3,3.5,right-hand,0.1512,0.8488
3,3.5,left-hand,0.6842,0.3158
3,3.5,left-hand,0.9642,0.0358
3,3.5,left-hand,0.9891,0.0109
3,3.5,left-hand,0.9909,0.0091
3,3.5,left-hand,0.5776,0.4224
3,3.5,right-hand,0.9826,0.0174
3,3.5,left-hand,0.9269,0.0731
3,3.5,right-hand,0.0293,0.9707
3,3.5,left-hand,0.9969,0.0031
3,3.5,right-hand,0.5818,0.4182
3,3.5,left-hand,0.0176,0.9824
3,3.5,left-hand,0.8129,0.1871
3,3.5,right-hand,0.069,0.931
3,3.5,right-hand,0.5155,0.4845
3,3.5,left-hand,0.7775,0.2225
3,3.5,right-hand,0.0764,0.9236
3,3.5,right-hand,0.0707,0.9293
3,3.5,right-hand,0.1668,0.8332
3,3.5,left-hand,0.9933,0.0067
3,3.5,right-hand,0.1164,0.8836
3,3.5,right-hand,0.1192,0.8808
3,3.5,left-hand,0.9718,0.0282
3,3.5,right-hand,0.1556,0.8444
3,3.5,left-hand,0.4207,0.5793
3,3.5,left-hand,0.9792,0.0208
3,3.5,left-hand,0.8554,0.1446
3,3.5,right-hand,0.333,0.667
3,3.5,left-hand,0.487,0.513
3,3.5,left-hand,0.8576,0.1424
3,3.5,right-hand,0.0671,0.9329
3,3.5,right-hand,0.1957,0.8043
3,3.5,left-hand,0.5154,0.4846
3,3.5,right-hand,0.0769,0.9231
3,3.5,left-hand,0.4509,0.5491
3,3.5,right-hand,0.0256,0.9744
3,3.5,right-hand,0.2103,0.7897
3,3.5,left-hand,0.9892,0.0108
3,3.5,left-hand,0.9964,0.0036
3,3.5,left-hand,0.8924,0.1076
3,3.5,left-hand,0.967,0.033
3,3.5,left-hand,0.8525,0.1475
3,3.5,right-hand,0.9455,0.0545
3,3.5,right-hand,0.0905,0.9095
3,3.5,right-hand,0.1322,0.8678
3,3.5,right-hand,0.0628,0.9372
3,3.5,right-hand,0.3491,0.6509
3,3.5,right-hand,0.1412,0.8588
3,3.5,left-hand,0.9913,0.0087
3,3.5,right-hand,0.3277,0.6723
3,3.5,right-hand,0.313,0.687
3,3.5,right-hand,0.1009,0.8991
3,3.5,right-hand,0.279,0.721
3,3.5,left-hand,0.9946,0.0054
3,3.5,right-hand,0.908,0.092
3,3.5,right-hand,0.3273,0.6727
3,3.5,left-hand,0.9175,0.0825
3,3.5,left-hand,0.8593,0.1407
3,3.5,right-hand,0.6169,0.3831
3,3.5,left-hand,0.967,0.033
3,3.5,left-hand,0.9977,0.0023
3,3.5,left-hand,0.9387,0.0613
3,3.5,right-hand,0.5671,0.4329
3,3.5,left-hand,0.9963,0.0037
4,3.5,right-hand,0.6133,0.3867
4,3.5,right-hand,0.7663,0.2337
4,3.5,left-hand,0.4784,0.5216
4,3.5,right-hand,0.8194,0.1806
4,3.5,left-hand,0.6252,0.3748
4,3.5,right-hand,0.3102,0.6898
4,3.5,right-hand,0.2794,0.7206
4,3.5,right-hand,0.6125,0.3875
4,3.5,right-hand,0.2256,0.7744
4,3.5,right-hand,0.4042,0.5958
4,3.5,left-hand,0.4446,0.5554
4,3.5,left-hand,0.3334,0.6666
4,3.5,right-hand,0.4186,0.5814
4,3.5,left-hand,0.9931,0.0069
4,3.5,right-hand,0.3937,0.6063
4,3.5,left-hand,0.1624,0.8376
4,3.5,right-hand,0.618,0.382
4,3.5,left-hand,0.1856,0.8144
4,3.5,right-hand,0.2484,0.7516
4,3.5,left-hand,0.882,0.118
4,3.5,right-hand,0.0253,0.9747
4,3.5,left-hand,0.6148,0.3852
4,3.5,right-hand,0.1084,0.8916
4,3.5,left-hand,0.239,0.761
4,3.5,right-hand,0.7039,0.2961
4,3.5,left-hand,0.149,0.851
4,3.5,left-hand,0.9235,0.0765
4,3.5,left-hand,0.4556,0.5444
4,3.5,left-hand,0.2538,0.7462
4,3.5,right-hand,0.4495,0.5505
4,3.5,left-hand,0.605,0.395
4,3.5,right-hand,0.0593,0.9407
4,3.5,left-hand,0.2364,0.7636
4,3.5,right-hand,0.1371,0.8629
4,3.5,left-hand,0.8371,0.1629
4,3.5,right-hand,0.0593,0.9407
4,3.5,left-hand,0.785,0.215
4,3.5,right-hand,0.8417,0.1583
4,3.5,right-hand,0.0392,0.9608
4,3.5,left-hand,0.9383,0.0617
4,3.5,right-hand,0.2823,0.7177
4,3.5,right-hand,0.615,0.385
4,3.5,left-hand,0.842,0.158
4,3.5,right-hand,0.7685,0.2315
4,3.5,right-hand,0.9068,0.0932
4,3.5,right-hand,0.0337,0.9663
4,3.5,left-hand,0.9215,0.0785
4,3.5,right-hand,0.9115,0.0885
4,3.5,left-hand,0.2531,0.7469
4,3.5,left-hand,0.3931,0.6069
4,3.5,left-hand,0.5928,0.4072
4,3.5,right-hand,0.9138,0.0862
4,3.5,left-hand,0.6514,0.3486
4,3.5,left-hand,0.7756,0.2244
4,3.5,right-hand,0.0508,0.9492
4,3.5,right-hand,0.0351,0.9649
4,3.5,left-hand,0.3352,0.6648
4,3.5,left-hand,0.6101,0.3899
4,3.5,left-hand,0.9519,0.0481
4,3.5,right-hand,0.1161,0.8839
4,3.5,right-hand,0.1549,0.845
4,3.5,right-hand,0.1622,0.8378
4,3.5,left-hand,0.9858,0.0142
4,3.5,right-hand,0.3792,0.6208
4,3.5,left-hand,0.6186,0.3814
4,3.5,left-hand,0.9942,0.0058
4,3.5,right-hand,0.0756,0.9244
4,3.5,right-hand,0.3679,0.6321
4,3.5,right-hand,0.0415,0.9585
4,3.5,left-hand,0.9904,0.0096
4,3.5,right-hand,0.1881,0.8119
4,3.5,left-hand,0.9534,0.0466
4,3.5,right-hand,0.0286,0.9714
4,3.5,right-hand,0.1536,0.8464
4,3.5,right-hand,0.0386,0.9614
4,3.5,left-hand,0.9913,0.0087
4,3.5,left-hand,0.9381,0.0619
4,3.5,right-hand,0.2033,0.7967
4,3.5,left-hand,0.9969,0.0031
4,3.5,left-hand,0.724,0.276
4,3.5,left-hand,0.993,0.007
4,3.5,left-hand,0.8985,0.1015
4,3.5,right-hand,0.1787,0.8213
4,3.5,left-hand,0.673,0.327
4,3.5,right-hand,0.0546,0.9454
4,3.5,left-hand,0.5626,0.4374
4,3.5,left-hand,0.9899,0.0101
4,3.5,right-hand,0.0244,0.9756
4,3.5,right-hand,0.0744,0.9256
4,3.5,left-hand,0.7934,0.2066
4,3.5,right-hand,0.0624,0.9376
4,3.5,right-hand,0.1257,0.8743
4,3.5,left-hand,0.7029,0.2971
4,3.5,left-hand,0.2179,0.7821
4,3.5,right-hand,0.0577,0.9423
4,3.5,right-hand,0.0843,0.9157
4,3.5,left-hand,0.9915,0.0085
4,3.5,left-hand,0.9824,0.0176
4,3.5,right-hand,0.153,0.847
4,3.5,right-hand,0.2548,0.7452
4,3.5,right-hand,0.7855,0.2145
4,3.5,left-hand,0.4144,0.5856
4,3.5,left-hand,0.8639,0.1361
4,3.5,right-hand,0.0285,0.9715
4,3.5,right-hand,0.2783,0.7217
4,3.5,left-hand,0.7192,0.2808
4,3.5,left-hand,0.0506,0.9494
4,3.5,right-hand,0.2769,0.7231
4,3.5,left-hand,0.629,0.371
4,3.5,left-hand,0.9443,0.0557
4,3.5,left-hand,0.165,0.835
4,3.5,right-hand,0.6817,0.3183
4,3.5,left-hand,0.6302,0.3698
4,3.5,left-hand,0.8213,0.1787
4,3.5,left-hand,0.9708,0.0292
4,3.5,right-hand,0.3128,0.6872
4,3.5,left-hand,0.7293,0.2707
4,3.5,left-hand,0.9881,0.0119
4,3.5,right-hand,0.0616,0.9384
4,3.5,left-hand,0.5725,0.4275
4,3.5,right-hand,0.1961,0.8039
4,3.5,left-hand,0.9916,0.0084
4,3.5,right-hand,0.5444,0.4556
4,3.5,left-hand,0.8364,0.1636
4,3.5,right-hand,0.0385,0.9615
4,3.5,left-hand,0.7738,0.2262
4,3.5,right-hand,0.7206,0.2794
4,3.5,right-hand,0.3262,0.6738
4,3.5,left-hand,0.9667,0.0333
4,3.5,left-hand,0.9687,0.0313
4,3.5,right-hand,0.2659,0.7341
4,3.5,left-hand,0.9961,0.0039
4,3.5,left-hand,0.9895,0.0105
4,3.5,right-hand,0.1483,0.8517
4,3.5,right-hand,0.042,0.958
4,3.5,right-hand,0.1019,0.8981
4,3.5,left-hand,0.9045,0.0955
4,3.5,left-hand,0.8982,0.1018
4,3.5,right-hand,0.2241,0.7759
4,3.5,left-hand,0.9097,0.0903
4,3.5,right-hand,0.8393,0.1607
4,3.5,left-hand,0.96,0.04
4,3.5,left-hand,0.8771,0.1229
4,3.5,right-hand,0.0315,0.9685
4,3.5,right-hand,0.952,0.048
4,3.5,left-hand,0.9654,0.0346
4,3.5,left-hand,0.9825,0.0175
4,3.5,right-hand,0.2778,0.7222
4,3.5,right-hand,0.0642,0.9358
4,3.5,right-hand,0.2717,0.7283
4,3.5,right-hand,0.3482,0.6518
4,3.5,left-hand,0.5736,0.4264
5,3.5,left-hand,0.0154,0.9846
5,3.5,left-hand,0.0223,0.9777
5,3.5,left-hand,0.4333,0.5667
5,3.5,left-hand,0.3365,0.6635
5,3.5,right-hand,0.6029,0.3971
5,3.5,right-hand,0.1489,0.8511
5,3.5,right-hand,0.8266,0.1734
5,3.5,left-hand,0.4372,0.5628
5,3.5,left-hand,0.7675,0.2325
5,3.5,left-hand,0.4495,0.5505
5,3.5,right-hand,0.1466,0.8534
5,3.5,left-hand,0.2537,0.7463
5,3.5,left-hand,0.6595,0.3405
5,3.5,left-hand,0.4412,0.5588
5,3.5,right-hand,0.0236,0.9764
5,3.5,left-hand,0.8429,0.1571
5,3.5,left-hand,0.5893,0.4107
5,3.5,left-hand,0.824,0.176
5,3.5,right-hand,0.2662,0.7338
5,3.5,right-hand,0.5861,0.4139
5,3.5,right-hand,0.5969,0.4031
5,3.5,right-hand,0.9085,0.0915
5,3.5,left-hand,0.1516,0.8484
5,3.5,left-hand,0.8886,0.1114
5,3.5,right-hand,0.971,0.029
5,3.5,left-hand,0.2932,0.7068
5,3.5,left-hand,0.7987,0.2013
5,3.5,left-hand,0.082,0.918
5,3.5,right-hand,0.757,0.243
5,3.5,right-hand,0.1951,0.8049
5,3.5,right-hand,0.9488,0.0512
5,3.5,right-hand,0.2744,0.7256
5,3.5,right-hand,0.5601,0.4399
5,3.5,right-hand,0.4428,0.5572
5,3.5,left-hand,0.5474,0.4526
5,3.5,left-hand,0.0152,0.9848
5,3.5,left-hand,0.8231,0.1769
5,3.5,left-hand,0.7297,0.2703
5,3.5,right-hand,0.154,0.846
5,3.5,right-hand,0.952,0.048
5,3.5,right-hand,0.2659,0.7341
5,3.5,right-hand,0.0227,0.9773
5,3.5,left-hand,0.9871,0.0129
5,3.5,right-hand,0.8137,0.1863
5,3.5,right-hand,0.4688,0.5312
5,3.5,left-hand,0.0367,0.9633
5,3.5,left-hand,0.5168,0.4832
5,3.5,right-hand,0.4052,0.5948
5,3.5,right-hand,0.0893,0.9107
5,3.5,right-hand,0.6927,0.3073
5,3.5,right-hand,0.9318,0.0682
5,3.5,right-hand,0.4735,0.5265
5,3.5,right-hand,0.4505,0.5495
5,3.5,left-hand,0.3573,0.6427
5,3.5,left-hand,0.5806,0.4194
5,3.5,left-hand,0.287,0.713
5,3.5,right-hand,0.9344,0.0656
5,3.5,right-hand,0.1925,0.8075
5,3.5,left-hand,0.7547,0.2453
5,3.5,left-hand,0.6739,0.3261
5,3.5,right-hand,0.0085,0.9915
5,3.5,right-hand,0.6846,0.3154
5,3.5,left-hand,0.2094,0.7906
5,3.5,left-hand,0.7935,0.2065
5,3.5,left-hand,0.9325,0.0675
5,3.5,left-hand,0.9887,0.0113
5,3.5,left-hand,0.0425,0.9575
5,3.5,left-hand,0.9947,0.0053
5,3.5,left-hand,0.9542,0.0458
5,3.5,right-hand,0.0076,0.9924
5,3.5,right-hand,0.1239,0.8761
5,3.5,left-hand,0.7383,0.2617
5,3.5,left-hand,0.9889,0.0111
5,3.5,left-hand,0.1017,0.8983
5,3.5,left-hand,0.9973,0.0027
5,3.5,right-hand,0.0088,0.9912
5,3.5,right-hand,0.4166,0.5834
5,3.5,left-hand,0.8223,0.1777
5,3.5,right-hand,0.0769,0.9231
5,3.5,left-hand,0.3268,0.6732
5,3.5,right-hand,0.2629,0.7371
5,3.5,left-hand,0.6711,0.3289
5,3.5,right-hand,0.01,0.99
5,3.5,left-hand,0.7137,0.2863
5,3.5,right-hand,0.0207,0.9793
5,3.5,right-hand,0.5962,0.4038
5,3.5,left-hand,0.9506,0.0494
5,3.5,left-hand,0.9974,0.0026
5,3.5,right-hand,0.2965,0.7035
5,3.5,right-hand,0.0498,0.9502
5,3.5,right-hand,0.0319,0.9681
5,3.5,left-hand,0.5052,0.4948
5,3.5,right-hand,0.3626,0.6374
5,3.5,left-hand,0.9931,0.0069
5,3.5,left-hand,0.6949,0.3051
5,3.5,left-hand,0.753,0.247
5,3.5,left-hand,0.2627,0.7373
5,3.5,left-hand,0.9864,0.0136
5,3.5,right-hand,0.0152,0.9848
5,3.5,right-hand,0.1242,0.8758
5,3.5,left-hand,0.6965,0.3035
5,3.5,right-hand,0.0598,0.9402
5,3.5,right-hand,0.0371,0.9629
5,3.5,right-hand,0.4775,0.5225
5,3.5,right-hand,0.088,0.912
5,3.5,left-hand,0.9918,0.0082
5,3.5,left-hand,0.9786,0.0214
5,3.5,left-hand,0.9788,0.0212
5,3.5,left-hand,0.9951,0.0049
5,3.5,right-hand,0.0276,0.9724
5,3.5,right-hand,0.2409,0.7591
5,3.5,left-hand,0.2204,0.7796
5,3.5,right-hand,0.0399,0.9601
5,3.5,right-hand,0.6673,0.3327
5,3.5,right-hand,0.4088,0.5912
5,3.5,right-hand,0.4625,0.5375
5,3.5,left-hand,0.9791,0.0209
5,3.5,left-hand,0.9183,0.0817
5,3.5,left-hand,0.8186,0.1814
5,3.5,right-hand,0.0611,0.9389
5,3.5,right-hand,0.6395,0.3605
5,3.5,right-hand,0.0066,0.9934
5,3.5,right-hand,0.9512,0.0488
5,3.5,left-hand,0.5686,0.4314
5,3.5,left-hand,0.5444,0.4556
5,3.5,left-hand,0.8164,0.1836
5,3.5,right-hand,0.2229,0.7771
5,3.5,left-hand,0.9098,0.0902
5,3.5,left-hand,0.8689,0.1311
5,3.5,right-hand,0.227,0.773
5,3.5,right-hand,0.0633,0.9367
5,3.5,right-hand,0.2783,0.7217
5,3.5,right-hand,0.2108,0.7892
5,3.5,right-hand,0.4214,0.5786
5,3.5,right-hand,0.0579,0.9421
5,3.5,left-hand,0.5453,0.4547
5,3.5,left-hand,0.7548,0.2452
5,3.5,right-hand,0.0818,0.9182
5,3.5,right-hand,0.7442,0.2558
5,3.5,left-hand,0.7691,0.2309
5,3.5,right-hand,0.0112,0.9888
5,3.5,right-hand,0.5087,0.4913
5,3.5,left-hand,0.9971,0.0029
5,3.5,left-hand,0.959,0.041
5,3.5,left-hand,0.9284,0.0716
5,3.5,right-hand,0.0766,0.9234
5,3.5,right-hand,0.0666,0.9334
5,3.5,right-hand,0.3803,0.6197
5,3.5,left-hand,0.9955,0.0045
5,3.5,left-hand,0.9963,0.0037
5,3.5,right-hand,0.9152,0.0848
5,3.5,left-hand,0.963,0.037
