fold,tmin,true_label,left-hand,right-hand
1,3.5,left-hand,0.486,0.514
1,3.5,right-hand,0.3611,0.6389
1,3.5,left-hand,0.5443,0.4557
1,3.5,left-hand,0.7705,0.2295
1,3.5,left-hand,0.8405,0.1595
1,3.5,right-hand,0.7549,0.2451
1,3.5,right-hand,0.7215,0.2785
1,3.5,right-hand,0.5078,0.4922
1,3.5,right-hand,0.4034,0.5966
1,3.5,left-hand,0.4968,0.5032
1,3.5,left-hand,0.7194,0.2806
1,3.5,right-hand,0.9831,0.0169
1,3.5,right-hand,0.8036,0.1964
1,3.5,left-hand,0.3951,0.6049
1,3.5,right-hand,0.3548,0.6452
1,3.5,right-hand,0.6678,0.3322
1,3.5,left-hand,0.5385,0.4615
1,3.5,left-hand,0.8461,0.1539
1,3.5,left-hand,0.5903,0.4097
1,3.5,left-hand,0.6821,0.3179
1,3.5,left-hand,0.7166,0.2834
1,3.5,right-hand,0.4783,0.5217
1,3.5,left-hand,0.6366,0.3634
1,3.5,right-hand,0.8395,0.1605
1,3.5,right-hand,0.8824,0.1176
1,3.5,left-hand,0.5967,0.4033
1,3.5,right-hand,0.5699,0.4301
1,3.5,left-hand,0.743,0.257
1,3.5,left-hand,0.4412,0.5588
1,3.5,right-hand,0.6325,0.3675
1,3.5,right-hand,0.6636,0.3364
1,3.5,right-hand,0.7838,0.2162
1,3.5,right-hand,0.6658,0.3342
1,3.5,right-hand,0.8211,0.1789
1,3.5,left-hand,0.739,0.261
1,3.5,left-hand,0.8227,0.1773
1,3.5,left-hand,0.5507,0.4493
1,3.5,left-hand,0.527,0.473
1,3.5,right-hand,0.5336,0.4664
1,3.5,right-hand,0.673,0.327
1,3.5,right-hand,0.7188,0.2812
1,3.5,right-hand,0.6389,0.3611
1,3.5,left-hand,0.5912,0.4088
1,3.5,left-hand,0.5966,0.4034
1,3.5,right-hand,0.5314,0.4686
1,3.5,right-hand,0.5808,0.4192
1,3.5,left-hand,0.6974,0.3026
1,3.5,left-hand,0.7319,0.2681
1,3.5,left-hand,0.7987,0.2013
1,3.5,left-hand,0.6672,0.3328
1,3.5,right-hand,0.3756,0.6244
1,3.5,right-hand,0.4785,0.5215
1,3.5,right-hand,0.7982,0.2018
1,3.5,left-hand,0.688,0.312
1,3.5,right-hand,0.6685,0.3315
1,3.5,right-hand,0.3238,0.6762
1,3.5,left-hand,0.5273,0.4727
1,3.5,left-hand,0.6342,0.3658
1,3.5,right-hand,0.814,0.186
1,3.5,right-hand,0.4801,0.5199
1,3.5,left-hand,0.785,0.215
1,3.5,left-hand,0.596,0.404
1,3.5,left-hand,0.8365,0.1635
1,3.5,left-hand,0.8681,0.1319
1,3.5,right-hand,0.3655,0.6345
1,3.5,right-hand,0.7109,0.2891
1,3.5,left-hand,0.8238,0.1762
1,3.5,right-hand,0.4767,0.5233
1,3.5,right-hand,0.6102,0.3898
1,3.5,left-hand,0.4091,0.5909
1,3.5,right-hand,0.5632,0.4368
1,3.5,right-hand,0.7678,0.2322
1,3.5,left-hand,0.4763,0.5237
1,3.5,right-hand,0.4006,0.5994
1,3.5,right-hand,0.6925,0.3075
1,3.5,right-hand,0.3688,0.6312
1,3.5,right-hand,0.3375,0.6625
1,3.5,right-hand,0.4349,0.5651
1,3.5,right-hand,0.3908,0.6092
1,3.5,left-hand,0.3997,0.6003
1,3.5,left-hand,0.7608,0.2392
1,3.5,right-hand,0.3404,0.6596
1,3.5,left-hand,0.6436,0.3564
1,3.5,left-hand,0.4716,0.5284
1,3.5,left-hand,0.7039,0.2961
1,3.5,right-hand,0.381,0.619
1,3.5,left-hand,0.4245,0.5755
1,3.5,left-hand,0.6258,0.3742
1,3.5,left-hand,0.5326,0.4674
1,3.5,right-hand,0.5331,0.4669
1,3.5,right-hand,0.5065,0.4935
1,3.5,left-hand,0.862,0.138
1,3.5,right-hand,0.4014,0.5986
1,3.5,right-hand,0.4009,0.5991
1,3.5,right-hand,0.4031,0.5969
1,3.5,left-hand,0.743,0.257
1,3.5,right-hand,0.5533,0.4467
1,3.5,right-hand,0.4757,0.5243
1,3.5,right-hand,0.3389,0.6611
1,3.5,left-hand,0.6488,0.3512
1,3.5,left-hand,0.7073,0.2927
1,3.5,left-hand,0.5469,0.4531
1,3.5,right-hand,0.3924,0.6076
1,3.5,right-hand,0.488,0.512
1,3.5,right-hand,0.5383,0.4617
1,3.5,left-hand,0.5218,0.4782
1,3.5,left-hand,0.531,0.469
1,3.5,right-hand,0.5705,0.4295
1,3.5,left-hand,0.6471,0.3529
1,3.5,right-hand,0.3456,0.6544
1,3.5,left-hand,0.5502,0.4498
1,3.5,right-hand,0.6854,0.3146
1,3.5,left-hand,0.503,0.497
1,3.5,left-hand,0.6128,0.3872
1,3.5,left-hand,0.6144,0.3856
1,3.5,left-hand,0.767,0.233
1,3.5,left-hand,0.6306,0.3694
1,3.5,right-hand,0.5034,0.4966
1,3.5,right-hand,0.5892,0.4108
1,3.5,left-hand,0.791,0.209
1,3.5,right-hand,0.5393,0.4607
1,3.5,left-hand,0.483,0.517
1,3.5,left-hand,0.5813,0.4187
1,3.5,left-hand,0.5479,0.4521
1,3.5,left-hand,0.5814,0.4186
1,3.5,left-hand,0.5269,0.4731
1,3.5,left-hand,0.5847,0.4153
1,3.5,left-hand,0.5953,0.4047
1,3.5,left-hand,0.4921,0.5079
1,3.5,right-hand,0.504,0.496
1,3.5,right-hand,0.4593,0.5407
1,3.5,right-hand,0.46,0.54
1,3.5,right-hand,0.4755,0.5245
1,3.5,left-hand,0.67,0.33
1,3.5,right-hand,0.5311,0.4689
1,3.5,left-hand,0.7576,0.2424
1,3.5,left-hand,0.586,0.414
1,3.5,right-hand,0.4628,0.5372
1,3.5,right-hand,0.5095,0.4905
1,3.5,right-hand,0.4012,0.5988
1,3.5,left-hand,0.596,0.404
1,3.5,right-hand,0.6038,0.3962
1,3.5,left-hand,0.6853,0.3147
1,3.5,right-hand,0.6348,0.3652
2,3.5,right-hand,0.3318,0.6682
2,3.5,right-hand,0.5241,0.4759
2,3.5,left-hand,0.7184,0.2816
2,3.5,left-hand,0.5733,0.4267
2,3.5,right-hand,0.3534,0.6466
2,3.5,left-hand,0.6663,0.3337
2,3.5,left-hand,0.5328,0.4672
2,3.5,right-hand,0.5537,0.4463
2,3.5,left-hand,0.7081,0.2919
2,3.5,left-hand,0.2773,0.7227
2,3.5,right-hand,0.7428,0.2572
2,3.5,right-hand,0.6175,0.3825
2,3.5,right-hand,0.6641,0.3359
2,3.5,left-hand,0.497,0.503
2,3.5,right-hand,0.3042,0.6958
2,3.5,right-hand,0.2777,0.7223
2,3.5,left-hand,0.7347,0.2653
2,3.5,right-hand,0.5034,0.4966
2,3.5,left-hand,0.6372,0.3628
2,3.5,left-hand,0.5749,0.4251
2,3.5,left-hand,0.3428,0.6572
2,3.5,right-hand,0.7025,0.2975
2,3.5,left-hand,0.7054,0.2946
2,3.5,right-hand,0.5328,0.4672
2,3.5,left-hand,0.6907,0.3093
2,3.5,left-hand,0.6941,0.3059
2,3.5,right-hand,0.3647,0.6353
2,3.5,left-hand,0.5225,0.4775
2,3.5,left-hand,0.5656,0.4344
2,3.5,left-hand,0.8038,0.1962
2,3.5,left-hand,0.7038,0.2962
2,3.5,right-hand,0.5863,0.4137
2,3.5,right-hand,0.4504,0.5496
2,3.5,right-hand,0.6064,0.3936
2,3.5,left-hand,0.5543,0.4457
2,3.5,left-hand,0.7444,0.2556
2,3.5,right-hand,0.5453,0.4547
2,3.5,right-hand,0.7525,0.2475
2,3.5,left-hand,0.8328,0.1672
2,3.5,right-hand,0.5251,0.4749
2,3.5,left-hand,0.4697,0.5303
2,3.5,left-hand,0.613,0.387
2,3.5,left-hand,0.5308,0.4692
2,3.5,right-hand,0.4434,0.5566
2,3.5,right-hand,0.6652,0.3348
2,3.5,left-hand,0.658,0.342
2,3.5,left-hand,0.6526,0.3474
2,3.5,right-hand,0.5463,0.4537
2,3.5,left-hand,0.5553,0.4447
2,3.5,right-hand,0.4028,0.5972
2,3.5,left-hand,0.4056,0.5944
2,3.5,left-hand,0.674,0.326
2,3.5,right-hand,0.4132,0.5868
2,3.5,left-hand,0.5813,0.4187
2,3.5,left-hand,0.581,0.419
2,3.5,right-hand,0.7726,0.2274
2,3.5,left-hand,0.5584,0.4416
2,3.5,left-hand,0.4849,0.5151
2,3.5,left-hand,0.3924,0.6076
2,3.5,right-hand,0.3579,0.6421
2,3.5,left-hand,0.3508,0.6492
2,3.5,left-hand,0.7362,0.2638
2,3.5,right-hand,0.3434,0.6566
2,3.5,left-hand,0.5245,0.4755
2,3.5,right-hand,0.7727,0.2273
2,3.5,left-hand,0.7449,0.2551
2,3.5,right-hand,0.4595,0.5405
2,3.5,right-hand,0.5522,0.4478
2,3.5,right-hand,0.3467,0.6533
2,3.5,left-hand,0.6741,0.3259
2,3.5,right-hand,0.3048,0.6952
2,3.5,left-hand,0.749,0.251
2,3.5,left-hand,0.4919,0.5081
2,3.5,right-hand,0.3881,0.6119
2,3.5,left-hand,0.7521,0.2479
2,3.5,right-hand,0.4951,0.5049
2,3.5,left-hand,0.6217,0.3783
2,3.5,left-hand,0.5725,0.4275
2,3.5,left-hand,0.486,0.514
2,3.5,right-hand,0.4327,0.5673
2,3.5,left-hand,0.6018,0.3982
2,3.5,left-hand,0.381,0.619
2,3.5,left-hand,0.4308,0.5692
2,3.5,right-hand,0.3666,0.6334
2,3.5,right-hand,0.6273,0.3727
2,3.5,right-hand,0.423,0.577
2,3.5,right-hand,0.4585,0.5415
2,3.5,right-hand,0.4111,0.5889
2,3.5,left-hand,0.5829,0.4171
2,3.5,right-hand,0.4467,0.5533
2,3.5,right-hand,0.3411,0.6589
2,3.5,right-hand,0.339,0.661
2,3.5,right-hand,0.4783,0.5217
2,3.5,left-hand,0.5396,0.4604
2,3.5,left-hand,0.7486,0.2514
2,3.5,right-hand,0.4698,0.5302
2,3.5,right-hand,0.327,0.673
2,3.5,left-hand,0.6958,0.3042
2,3.5,right-hand,0.3367,0.6633
2,3.5,left-hand,0.6688,0.3312
2,3.5,left-hand,0.4764,0.5236
2,3.5,left-hand,0.6338,0.3662
2,3.5,left-hand,0.4174,0.5826
2,3.5,right-hand,0.4427,0.5573
2,3.5,left-hand,0.5321,0.4679
2,3.5,right-hand,0.452,0.548
2,3.5,left-hand,0.3587,0.6413
2,3.5,right-hand,0.3943,0.6057
2,3.5,left-hand,0.751,0.249
2,3.5,left-hand,0.5254,0.4746
2,3.5,left-hand,0.4281,0.5719
2,3.5,right-hand,0.5761,0.4239
2,3.5,right-hand,0.3433,0.6567
2,3.5,right-hand,0.3162,0.6838
2,3.5,right-hand,0.6286,0.3714
2,3.5,right-hand,0.505,0.495
2,3.5,right-hand,0.554,0.446
2,3.5,right-hand,0.5947,0.4053
2,3.5,left-hand,0.6183,0.3817
2,3.5,right-hand,0.7099,0.2901
2,3.5,left-hand,0.3466,0.6534
2,3.5,right-hand,0.4867,0.5133
2,3.5,left-hand,0.4625,0.5375
2,3.5,right-hand,0.5006,0.4994
2,3.5,right-hand,0.6692,0.3308
2,3.5,right-hand,0.3113,0.6887
2,3.5,left-hand,0.3598,0.6402
2,3.5,right-hand,0.5626,0.4374
2,3.5,right-hand,0.3887,0.6113
2,3.5,left-hand,0.4859,0.5141
2,3.5,right-hand,0.7614,0.2386
2,3.5,right-hand,0.5371,0.4629
2,3.5,right-hand,0.4231,0.5769
2,3.5,right-hand,0.5064,0.4936
2,3.5,right-hand,0.5346,0.4654
2,3.5,left-hand,0.5233,0.4767
2,3.5,left-hand,0.5005,0.4995
2,3.5,left-hand,0.7456,0.2544
2,3.5,left-hand,0.5905,0.4095
2,3.5,right-hand,0.5393,0.4607
2,3.5,right-hand,0.4745,0.5255
2,3.5,right-hand,0.3496,0.6504
2,3.5,left-hand,0.5338,0.4662
2,3.5,left-hand,0.7092,0.2908
3,3.5,right-hand,0.3437,0.6563
3,3.5,right-hand,0.4428,0.5572
3,3.5,right-hand,0.4664,0.5336
3,3.5,left-hand,0.6343,0.3657
3,3.5,left-hand,0.7086,0.2914
3,3.5,right-hand,0.6404,0.3596
3,3.5,left-hand,0.7251,0.2749
3,3.5,right-hand,0.421,0.579
3,3.5,right-hand,0.6044,0.3956
3,3.5,right-hand,0.7138,0.2862
3,3.5,right-hand,0.4243,0.5757
3,3.5,right-hand,0.5568,0.4432
3,3.5,left-hand,0.7857,0.2143
3,3.5,left-hand,0.5424,0.4576
3,3.5,left-hand,0.5245,0.4755
3,3.5,right-hand,0.611,0.389
3,3.5,right-hand,0.6596,0.3404
3,3.5,right-hand,0.6748,0.3252
3,3.5,left-hand,0.4808,0.5192
3,3.5,right-hand,0.6244,0.3756
3,3.5,left-hand,0.6044,0.3956
3,3.5,right-hand,0.6481,0.3519
3,3.5,left-hand,0.5933,0.4067
3,3.5,right-hand,0.6291,0.3709
3,3.5,right-hand,0.4087,0.5913
3,3.5,left-hand,0.6944,0.3056
3,3.5,left-hand,0.5532,0.4468
3,3.5,left-hand,0.8794,0.1206
3,3.5,right-hand,0.5468,0.4532
3,3.5,left-hand,0.6186,0.3814
3,3.5,left-hand,0.6521,0.3479
3,3.5,right-hand,0.5479,0.4521
3,3.5,left-hand,0.5617,0.4383
3,3.5,left-hand,0.5859,0.4141
3,3.5,right-hand,0.5805,0.4195
3,3.5,left-hand,0.7191,0.2809
3,3.5,right-hand,0.4778,0.5222
3,3.5,right-hand,0.5895,0.4105
3,3.5,left-hand,0.8323,0.1677
3,3.5,left-hand,0.5149,0.4851
3,3.5,right-hand,0.5486,0.4514
3,3.5,left-hand,0.6864,0.3136
3,3.5,left-hand,0.6996,0.3004
3,3.5,left-hand,0.5972,0.4028
3,3.5,left-hand,0.8125,0.1875
3,3.5,right-hand,0.6435,0.3565
3,3.5,left-hand,0.6018,0.3982
3,3.5,right-hand,0.8662,0.1338
3,3.5,right-hand,0.3137,0.6863
3,3.5,left-hand,0.5796,0.4204
3,3.5,right-hand,0.5622,0.4378
3,3.5,right-hand,0.3297,0.6703
3,3.5,right-hand,0.533,0.467
3,3.5,right-hand,0.5682,0.4318
3,3.5,left-hand,0.534,0.466
3,3.5,left-hand,0.7996,0.2004
3,3.5,right-hand,0.3717,0.6283
3,3.5,left-hand,0.698,0.302
3,3.5,left-hand,0.578,0.422
3,3.5,left-hand,0.592,0.408
3,3.5,right-hand,0.374,0.626
3,3.5,right-hand,0.3259,0.6741
3,3.5,right-hand,0.3922,0.6078
3,3.5,left-hand,0.525,0.475
3,3.5,left-hand,0.5768,0.4232
3,3.5,right-hand,0.3836,0.6164
3,3.5,right-hand,0.3023,0.6977
3,3.5,left-hand,0.6852,0.3148
3,3.5,left-hand,0.616,0.384
3,3.5,right-hand,0.4347,0.5653
3,3.5,left-hand,0.3789,0.6211
3,3.5,left-hand,0.5742,0.4258
3,3.5,left-hand,0.4822,0.5178
3,3.5,left-hand,0.8337,0.1663
3,3.5,right-hand,0.5202,0.4798
3,3.5,right-hand,0.5334,0.4666
3,3.5,left-hand,0.5867,0.4133
3,3.5,right-hand,0.438,0.562
3,3.5,left-hand,0.4487,0.5513
3,3.5,right-hand,0.3416,0.6584
3,3.5,left-hand,0.7018,0.2982
3,3.5,right-hand,0.3521,0.6479
3,3.5,right-hand,0.4967,0.5033
3,3.5,right-hand,0.3343,0.6657
3,3.5,right-hand,0.5453,0.4547
3,3.5,left-hand,0.5555,0.4445
3,3.5,right-hand,0.5462,0.4538
3,3.5,right-hand,0.4108,0.5892
3,3.5,right-hand,0.2887,0.7113
3,3.5,left-hand,0.4775,0.5225
3,3.5,left-hand,0.524,0.476
3,3.5,left-hand,0.4985,0.5015
3,3.5,left-hand,0.3744,0.6256
3,3.5,left-hand,0.4654,0.5346
3,3.5,left-hand,0.479,0.521
3,3.5,right-hand,0.5097,0.4903
3,3.5,left-hand,0.794,0.206
3,3.5,right-hand,0.5531,0.4469
3,3.5,right-hand,0.3961,0.6039
3,3.5,right-hand,0.4884,0.5116
3,3.5,right-hand,0.3089,0.6911
3,3.5,right-hand,0.4111,0.5889
3,3.5,right-hand,0.387,0.613
3,3.5,right-hand,0.4713,0.5287
3,3.5,left-hand,0.4638,0.5362
3,3.5,left-hand,0.4219,0.5781
3,3.5,left-hand,0.422,0.578
3,3.5,left-hand,0.6396,0.3604
3,3.5,left-hand,0.5043,0.4957
3,3.5,right-hand,0.3107,0.6893
3,3.5,left-hand,0.4159,0.5841
3,3.5,right-hand,0.4041,0.5959
3,3.5,right-hand,0.3745,0.6255
3,3.5,right-hand,0.5633,0.4367
3,3.5,left-hand,0.6224,0.3776
3,3.5,left-hand,0.8363,0.1637
3,3.5,right-hand,0.3364,0.6636
3,3.5,left-hand,0.516,0.484
3,3.5,left-hand,0.401,0.599
3,3.5,left-hand,0.5043,0.4957
3,3.5,left-hand,0.7732,0.2268
3,3.5,right-hand,0.4928,0.5072
3,3.5,right-hand,0.4155,0.5845
3,3.5,right-hand,0.4484,0.5516
3,3.5,left-hand,0.5841,0.4159
3,3.5,left-hand,0.5167,0.4833
3,3.5,left-hand,0.64,0.36
3,3.5,right-hand,0.4552,0.5448
3,3.5,left-hand,0.758,0.242
3,3.5,left-hand,0.6636,0.3364
3,3.5,right-hand,0.5187,0.4813
3,3.5,right-hand,0.4116,0.5884
3,3.5,left-hand,0.5457,0.4543
3,3.5,right-hand,0.6861,0.3139
3,3.5,left-hand,0.5187,0.4813
3,3.5,right-hand,0.4522,0.5478
3,3.5,left-hand,0.7345,0.2655
3,3.5,right-hand,0.5661,0.4339
3,3.5,left-hand,0.5318,0.4682
3,3.5,right-hand,0.4208,0.5792
3,3.5,right-hand,0.5338,0.4662
3,3.5,left-hand,0.5102,0.4898
3,3.5,right-hand,0.4754,0.5246
3,3.5,left-hand,0.6826,0.3174
4,3.5,left-hand,0.8934,0.1066
4,3.5,right-hand,0.3384,0.6616
4,3.5,left-hand,0.3412,0.6588
4,3.5,right-hand,0.4467,0.5533
4,3.5,left-hand,0.6504,0.3496
4,3.5,right-hand,0.3089,0.6911
4,3.5,left-hand,0.4719,0.5281
4,3.5,right-hand,0.5732,0.4268
4,3.5,left-hand,0.6997,0.3003
4,3.5,left-hand,0.7087,0.2913
4,3.5,left-hand,0.5969,0.4031
4,3.5,right-hand,0.602,0.398
4,3.5,right-hand,0.5362,0.4638
4,3.5,right-hand,0.7087,0.2913
4,3.5,left-hand,0.7184,0.2816
4,3.5,right-hand,0.463,0.537
4,3.5,left-hand,0.7879,0.2121
4,3.5,left-hand,0.8711,0.1289
4,3.5,left-hand,0.379,0.621
4,3.5,right-hand,0.5004,0.4996
4,3.5,left-hand,0.6797,0.3203
4,3.5,right-hand,0.7241,0.2759
4,3.5,right-hand,0.6827,0.3173
4,3.5,right-hand,0.5492,0.4508
4,3.5,right-hand,0.4098,0.5902
4,3.5,left-hand,0.4199,0.5801
4,3.5,right-hand,0.7481,0.2519
4,3.5,right-hand,0.4875,0.5125
4,3.5,right-hand,0.6813,0.3187
4,3.5,left-hand,0.6313,0.3687
4,3.5,right-hand,0.5344,0.4656
4,3.5,right-hand,0.6744,0.3256
4,3.5,left-hand,0.7038,0.2962
4,3.5,right-hand,0.6629,0.3371
4,3.5,left-hand,0.688,0.312
4,3.5,right-hand,0.7757,0.2243
4,3.5,left-hand,0.8094,0.1906
4,3.5,left-hand,0.8766,0.1234
4,3.5,left-hand,0.6404,0.3596
4,3.5,right-hand,0.5287,0.4713
4,3.5,right-hand,0.6865,0.3135
4,3.5,left-hand,0.7161,0.2839
4,3.5,right-hand,0.4555,0.5445
4,3.5,left-hand,0.3677,0.6323
4,3.5,right-hand,0.4983,0.5017
4,3.5,right-hand,0.8708,0.1292
4,3.5,left-hand,0.7168,0.2832
4,3.5,left-hand,0.7286,0.2714
4,3.5,right-hand,0.6228,0.3772
4,3.5,left-hand,0.6923,0.3077
4,3.5,right-hand,0.4429,0.5571
4,3.5,left-hand,0.3691,0.6309
4,3.5,right-hand,0.4126,0.5874
4,3.5,right-hand,0.955,0.045
4,3.5,left-hand,0.7708,0.2292
4,3.5,left-hand,0.439,0.561
4,3.5,left-hand,0.4962,0.5038
4,3.5,left-hand,0.8106,0.1894
4,3.5,right-hand,0.3035,0.6965
4,3.5,left-hand,0.6764,0.3236
4,3.5,right-hand,0.7254,0.2746
4,3.5,right-hand,0.7184,0.2816
4,3.5,right-hand,0.4196,0.5804
4,3.5,left-hand,0.521,0.479
4,3.5,left-hand,0.7165,0.2835
4,3.5,left-hand,0.4465,0.5535
4,3.5,right-hand,0.5829,0.4171
4,3.5,right-hand,0.3011,0.6989
4,3.5,right-hand,0.4107,0.5893
4,3.5,right-hand,0.5452,0.4548
4,3.5,left-hand,0.4125,0.5875
4,3.5,right-hand,0.3121,0.6879
4,3.5,right-hand,0.3978,0.6022
4,3.5,left-hand,0.6109,0.3891
4,3.5,right-hand,0.3793,0.6207
4,3.5,left-hand,0.5639,0.4361
4,3.5,left-hand,0.7937,0.2063
4,3.5,left-hand,0.286,0.714
4,3.5,left-hand,0.4923,0.5077
4,3.5,left-hand,0.3237,0.6763
4,3.5,right-hand,0.4803,0.5197
4,3.5,left-hand,0.4806,0.5194
4,3.5,right-hand,0.3229,0.6771
4,3.5,left-hand,0.4495,0.5505
4,3.5,left-hand,0.3123,0.6877
4,3.5,left-hand,0.705,0.295
4,3.5,right-hand,0.535,0.465
4,3.5,right-hand,0.313,0.687
4,3.5,left-hand,0.4089,0.5911
4,3.5,left-hand,0.4198,0.5802
4,3.5,right-hand,0.432,0.568
4,3.5,right-hand,0.627,0.373
4,3.5,left-hand,0.2819,0.7181
4,3.5,left-hand,0.4594,0.5406
4,3.5,right-hand,0.5127,0.4873
4,3.5,left-hand,0.382,0.618
4,3.5,right-hand,0.5842,0.4158
4,3.5,left-hand,0.5964,0.4036
4,3.5,left-hand,0.4081,0.5919
4,3.5,left-hand,0.5301,0.4699
4,3.5,right-hand,0.4534,0.5466
4,3.5,right-hand,0.2623,0.7377
4,3.5,right-hand,0.2918,0.7082
4,3.5,right-hand,0.3705,0.6295
4,3.5,right-hand,0.3076,0.6924
4,3.5,right-hand,0.5673,0.4327
4,3.5,right-hand,0.2981,0.7019
4,3.5,left-hand,0.688,0.312
4,3.5,right-hand,0.3943,0.6057
4,3.5,left-hand,0.5203,0.4797
4,3.5,right-hand,0.3413,0.6587
4,3.5,left-hand,0.533,0.467
4,3.5,right-hand,0.2989,0.7011
4,3.5,right-hand,0.4273,0.5727
4,3.5,left-hand,0.4196,0.5804
4,3.5,left-hand,0.4744,0.5256
4,3.5,right-hand,0.3507,0.6493
4,3.5,left-hand,0.4944,0.5056
4,3.5,right-hand,0.4631,0.5369
4,3.5,left-hand,0.5699,0.4301
4,3.5,right-hand,0.3267,0.6733
4,3.5,right-hand,0.2604,0.7396
4,3.5,left-hand,0.7867,0.2133
4,3.5,left-hand,0.6395,0.3605
4,3.5,right-hand,0.6122,0.3878
4,3.5,left-hand,0.5196,0.4804
4,3.5,left-hand,0.8283,0.1717
4,3.5,right-hand,0.4423,0.5577
4,3.5,left-hand,0.4053,0.5947
4,3.5,right-hand,0.2573,0.7427
4,3.5,left-hand,0.5429,0.4571
4,3.5,right-hand,0.3573,0.6427
4,3.5,left-hand,0.5881,0.4119
4,3.5,right-hand,0.3901,0.6099
4,3.5,left-hand,0.4264,0.5736
4,3.5,right-hand,0.4488,0.5512
4,3.5,left-hand,0.5172,0.4828
4,3.5,right-hand,0.5621,0.4379
4,3.5,left-hand,0.6177,0.3823
4,3.5,left-hand,0.6267,0.3733
4,3.5,left-hand,0.5456,0.4544
4,3.5,right-hand,0.6807,0.3193
4,3.5,right-hand,0.5466,0.4534
4,3.5,left-hand,0.6867,0.3133
5,3.5,left-hand,0.3679,0.6321
5,3.5,right-hand,0.805,0.195
5,3.5,right-hand,0.4459,0.5541
5,3.5,left-hand,0.4851,0.5149
5,3.5,left-hand,0.643,0.357
5,3.5,right-hand,0.8556,0.1444
5,3.5,left-hand,0.7383,0.2617
5,3.5,right-hand,0.6953,0.3047
5,3.5,left-hand,0.5436,0.4564
5,3.5,left-hand,0.7606,0.2394
5,3.5,left-hand,0.6746,0.3254
5,3.5,right-hand,0.5073,0.4927
5,3.5,left-hand,0.5324,0.4676
5,3.5,left-hand,0.6206,0.3794
5,3.5,right-hand,0.5386,0.4614
5,3.5,right-hand,0.6464,0.3536
5,3.5,left-hand,0.5735,0.4265
5,3.5,left-hand,0.7638,0.2362
5,3.5,right-hand,0.7345,0.2655
5,3.5,left-hand,0.665,0.335
5,3.5,right-hand,0.5951,0.4049
5,3.5,right-hand,0.7934,0.2066
5,3.5,right-hand,0.8065,0.1935
5,3.5,left-hand,0.954,0.046
5,3.5,right-hand,0.5279,0.4721
5,3.5,right-hand,0.3503,0.6497
5,3.5,right-hand,0.8112,0.1888
5,3.5,left-hand,0.677,0.323
5,3.5,left-hand,0.6596,0.3404
5,3.5,right-hand,0.7461,0.2539
5,3.5,right-hand,0.5497,0.4503
5,3.5,left-hand,0.6078,0.3922
5,3.5,left-hand,0.5708,0.4292
5,3.5,left-hand,0.575,0.425
5,3.5,right-hand,0.4214,0.5786
5,3.5,right-hand,0.821,0.179
5,3.5,right-hand,0.6372,0.3628
5,3.5,left-hand,0.6417,0.3583
5,3.5,left-hand,0.8122,0.1878
5,3.5,left-hand,0.667,0.333
5,3.5,right-hand,0.529,0.471
5,3.5,left-hand,0.8324,0.1676
5,3.5,right-hand,0.9997,0.0003
5,3.5,right-hand,0.8537,0.1463
5,3.5,left-hand,0.6852,0.3148
5,3.5,right-hand,0.5434,0.4566
5,3.5,right-hand,0.5446,0.4554
5,3.5,left-hand,0.5606,0.4394
5,3.5,right-hand,0.5319,0.4681
5,3.5,right-hand,0.3778,0.6222
5,3.5,left-hand,0.438,0.562
5,3.5,left-hand,0.6544,0.3456
5,3.5,right-hand,0.4725,0.5275
5,3.5,right-hand,0.3656,0.6344
5,3.5,left-hand,0.8011,0.1989
5,3.5,left-hand,0.5612,0.4388
5,3.5,right-hand,0.3956,0.6044
5,3.5,right-hand,0.4096,0.5904
5,3.5,right-hand,0.4953,0.5047
5,3.5,right-hand,0.5472,0.4528
5,3.5,right-hand,0.5447,0.4553
5,3.5,right-hand,0.4944,0.5056
5,3.5,right-hand,0.5009,0.4991
5,3.5,left-hand,0.8469,0.1531
5,3.5,left-hand,0.5581,0.4419
5,3.5,left-hand,0.7354,0.2646
5,3.5,left-hand,0.8463,0.1537
5,3.5,left-hand,0.7478,0.2522
5,3.5,right-hand,0.3334,0.6666
5,3.5,left-hand,0.7954,0.2046
5,3.5,right-hand,0.4261,0.5739
5,3.5,right-hand,0.4556,0.5444
5,3.5,left-hand,0.6124,0.3876
5,3.5,left-hand,0.413,0.587
5,3.5,left-hand,0.717,0.283
5,3.5,left-hand,0.7995,0.2005
5,3.5,right-hand,0.4371,0.5629
5,3.5,right-hand,0.4101,0.5899
5,3.5,right-hand,0.3798,0.6202
5,3.5,right-hand,0.4322,0.5678
5,3.5,right-hand,0.3329,0.6671
5,3.5,left-hand,0.4697,0.5303
5,3.5,left-hand,0.5293,0.4707
5,3.5,left-hand,0.81,0.19
5,3.5,left-hand,0.5453,0.4547
5,3.5,right-hand,0.3739,0.6261
5,3.5,left-hand,0.5372,0.4628
5,3.5,right-hand,0.4623,0.5377
5,3.5,right-hand,0.5288,0.4712
5,3.5,left-hand,0.5402,0.4598
5,3.5,right-hand,0.4083,0.5917
5,3.5,left-hand,0.5528,0.4472
5,3.5,left-hand,0.6945,0.3055
5,3.5,right-hand,0.7094,0.2906
5,3.5,left-hand,0.4431,0.5569
5,3.5,right-hand,0.3086,0.6914
5,3.5,left-hand,0.4378,0.5622
5,3.5,left-hand,0.4633,0.5367
5,3.5,right-hand,0.3065,0.6935
5,3.5,left-hand,0.6109,0.3891
5,3.5,left-hand,0.4472,0.5528
5,3.5,left-hand,0.4902,0.5098
5,3.5,right-hand,0.329,0.671
5,3.5,right-hand,0.4654,0.5346
5,3.5,right-hand,0.3537,0.6463
5,3.5,right-hand,0.4245,0.5755
5,3.5,right-hand,0.4223,0.5777
5,3.5,right-hand,0.392,0.608
5,3.5,left-hand,0.485,0.515
5,3.5,left-hand,0.5265,0.4735
5,3.5,right-hand,0.4452,0.5548
5,3.5,right-hand,0.4405,0.5595
5,3.5,left-hand,0.5928,0.4072
5,3.5,left-hand,0.5147,0.4853
5,3.5,right-hand,0.3478,0.6522
5,3.5,left-hand,0.4912,0.5088
5,3.5,left-hand,0.5351,0.4649
5,3.5,left-hand,0.5247,0.4753
5,3.5,left-hand,0.6536,0.3464
5,3.5,right-hand,0.6717,0.3283
5,3.5,right-hand,0.3711,0.6289
5,3.5,right-hand,0.5008,0.4992
5,3.5,right-hand,0.506,0.494
5,3.5,left-hand,0.6933,0.3067
5,3.5,left-hand,0.6589,0.3411
5,3.5,left-hand,0.6961,0.3039
5,3.5,left-hand,0.8153,0.1847
5,3.5,right-hand,0.3962,0.6038
5,3.5,left-hand,0.63,0.37
5,3.5,right-hand,0.3692,0.6308
5,3.5,left-hand,0.7432,0.2568
5,3.5,right-hand,0.4474,0.5526
5,3.5,right-hand,0.5824,0.4176
5,3.5,left-hand,0.5293,0.4707
5,3.5,right-hand,0.4936,0.5064
5,3.5,right-hand,0.489,0.511
5,3.5,left-hand,0.9879,0.0121
5,3.5,left-hand,0.4686,0.5314
5,3.5,right-hand,0.6279,0.3721
5,3.5,left-hand,0.6918,0.3082
5,3.5,right-hand,0.5699,0.4301
5,3.5,left-hand,0.6241,0.3759
5,3.5,right-hand,0.6399,0.3601
5,3.5,left-hand,0.5461,0.4539
