fold,tmin,true_label,left-hand,right-hand
1,3.5,right-hand,0.6455,0.3545
1,3.5,left-hand,0.1052,0.8948
1,3.5,right-hand,0.8145,0.1855
1,3.5,right-hand,0.5112,0.4888
1,3.5,right-hand,0.1774,0.8226
1,3.5,left-hand,0.6457,0.3543
1,3.5,left-hand,0.2407,0.7593
1,3.5,left-hand,0.5339,0.4661
1,3.5,left-hand,0.7175,0.2825
1,3.5,right-hand,0.2958,0.7042
1,3.5,left-hand,0.4075,0.5925
1,3.5,right-hand,0.5224,0.4776
1,3.5,left-hand,0.3335,0.6665
1,3.5,left-hand,0.8524,0.1476
1,3.5,right-hand,0.361,0.639
1,3.5,right-hand,0.4227,0.5773
1,3.5,right-hand,0.516,0.484
1,3.5,left-hand,0.6529,0.3471
1,3.5,right-hand,0.294,0.706
1,3.5,right-hand,0.4519,0.5481
1,3.5,left-hand,0.3803,0.6197
1,3.5,right-hand,0.39,0.61
1,3.5,right-hand,0.4246,0.5754
1,3.5,left-hand,0.1024,0.8976
1,3.5,left-hand,0.7539,0.2461
1,3.5,left-hand,0.4257,0.5743
1,3.5,right-hand,0.6439,0.3561
1,3.5,right-hand,0.4028,0.5972
1,3.5,right-hand,0.7367,0.2633
1,3.5,left-hand,0.6199,0.3801
1,3.5,left-hand,0.6397,0.3603
1,3.5,left-hand,0.5637,0.4363
1,3.5,left-hand,0.5795,0.4205
1,3.5,left-hand,0.5524,0.4476
1,3.5,right-hand,0.5747,0.4253
1,3.5,right-hand,0.2498,0.7502
1,3.5,right-hand,0.2194,0.7806
1,3.5,left-hand,0.8503,0.1497
1,3.5,right-hand,0.6106,0.3894
1,3.5,left-hand,0.4329,0.5671
1,3.5,left-hand,0.4255,0.5745
1,3.5,left-hand,0.4466,0.5534
1,3.5,right-hand,0.6429,0.3571
1,3.5,right-hand,0.4484,0.5516
1,3.5,left-hand,0.4633,0.5367
1,3.5,left-hand,0.6052,0.3948
1,3.5,right-hand,0.2573,0.7427
1,3.5,right-hand,0.4572,0.5428
1,3.5,right-hand,0.5415,0.4585
1,3.5,right-hand,0.5843,0.4157
1,3.5,left-hand,0.1487,0.8513
1,3.5,right-hand,0.393,0.607
1,3.5,left-hand,0.4863,0.5137
1,3.5,left-hand,0.7423,0.2577
1,3.5,right-hand,0.6464,0.3536
1,3.5,left-hand,0.6794,0.3206
1,3.5,left-hand,0.4938,0.5062
1,3.5,right-hand,0.5663,0.4337
1,3.5,left-hand,0.6673,0.3327
1,3.5,left-hand,0.16,0.84
1,3.5,right-hand,0.6109,0.3891
1,3.5,left-hand,0.2759,0.7241
1,3.5,right-hand,0.1469,0.8531
1,3.5,right-hand,0.8378,0.1622
1,3.5,right-hand,0.2058,0.7942
1,3.5,left-hand,0.7905,0.2095
1,3.5,right-hand,0.4443,0.5557
1,3.5,left-hand,0.1119,0.8881
1,3.5,left-hand,0.572,0.428
1,3.5,left-hand,0.6983,0.3017
1,3.5,left-hand,0.4986,0.5014
1,3.5,right-hand,0.4271,0.5729
1,3.5,left-hand,0.7545,0.2455
1,3.5,right-hand,0.5512,0.4488
1,3.5,left-hand,0.6481,0.3519
1,3.5,left-hand,0.3486,0.6514
1,3.5,left-hand,0.5707,0.4293
1,3.5,left-hand,0.424,0.576
1,3.5,right-hand,0.3417,0.6583
1,3.5,left-hand,0.5275,0.4725
1,3.5,left-hand,0.698,0.302
1,3.5,right-hand,0.5295,0.4705
1,3.5,right-hand,0.6234,0.3766
1,3.5,right-hand,0.217,0.783
1,3.5,left-hand,0.1196,0.8804
1,3.5,right-hand,0.5707,0.4293
1,3.5,right-hand,0.6562,0.3438
1,3.5,right-hand,0.472,0.528
1,3.5,right-hand,0.4618,0.5382
1,3.5,left-hand,0.2631,0.7369
1,3.5,left-hand,0.5859,0.4141
1,3.5,right-hand,0.711,0.289
1,3.5,left-hand,0.6325,0.3675
1,3.5,left-hand,0.4428,0.5572
1,3.5,left-hand,0.2907,0.7093
1,3.5,right-hand,0.4864,0.5136
1,3.5,left-hand,0.5961,0.4039
1,3.5,left-hand,0.2895,0.7105
1,3.5,left-hand,0.6736,0.3264
1,3.5,right-hand,0.219,0.781
1,3.5,left-hand,0.5499,0.4501
1,3.5,right-hand,0.4228,0.5772
1,3.5,right-hand,0.1826,0.8174
1,3.5,left-hand,0.4375,0.5625
1,3.5,left-hand,0.7683,0.2317
1,3.5,right-hand,0.2831,0.7169
1,3.5,right-hand,0.6339,0.3661
1,3.5,right-hand,0.6012,0.3988
1,3.5,left-hand,0.6375,0.3625
1,3.5,right-hand,0.3639,0.6361
1,3.5,left-hand,0.5324,0.4676
1,3.5,right-hand,0.5682,0.4318
1,3.5,left-hand,0.881,0.119
1,3.5,right-hand,0.4601,0.5399
1,3.5,right-hand,0.61,0.39
1,3.5,right-hand,0.5764,0.4236
1,3.5,right-hand,0.3956,0.6044
1,3.5,left-hand,0.5751,0.4249
1,3.5,left-hand,0.6658,0.3342
1,3.5,right-hand,0.3814,0.6186
1,3.5,left-hand,0.6392,0.3608
1,3.5,right-hand,0.4186,0.5814
1,3.5,right-hand,0.7424,0.2576
1,3.5,right-hand,0.6506,0.3494
1,3.5,right-hand,0.5382,0.4618
1,3.5,right-hand,0.3116,0.6884
1,3.5,right-hand,0.3821,0.6179
1,3.5,left-hand,0.6716,0.3284
1,3.5,right-hand,0.4698,0.5302
1,3.5,right-hand,0.7123,0.2877
1,3.5,left-hand,0.1849,0.8151
1,3.5,left-hand,0.7553,0.2447
1,3.5,left-hand,0.501,0.499
1,3.5,right-hand,0.8377,0.1623
1,3.5,right-hand,0.2962,0.7038
1,3.5,left-hand,0.4838,0.5162
1,3.5,right-hand,0.8746,0.1254
1,3.5,left-hand,0.7805,0.2195
1,3.5,left-hand,0.7051,0.2949
1,3.5,left-hand,0.3941,0.6059
1,3.5,right-hand,0.7236,0.2764
1,3.5,right-hand,0.2508,0.7492
1,3.5,left-hand,0.4868,0.5132
1,3.5,left-hand,0.2841,0.7159
2,3.5,left-hand,0.3637,0.6363
2,3.5,left-hand,0.5297,0.4703
2,3.5,right-hand,0.751,0.249
2,3.5,left-hand,0.4449,0.5551
2,3.5,right-hand,0.6686,0.3314
2,3.5,right-hand,0.5374,0.4626
2,3.5,right-hand,0.7102,0.2898
2,3.5,right-hand,0.3833,0.6167
2,3.5,left-hand,0.2567,0.7433
2,3.5,right-hand,0.6504,0.3496
2,3.5,left-hand,0.3996,0.6004
2,3.5,left-hand,0.245,0.755
2,3.5,left-hand,0.7568,0.2432
2,3.5,right-hand,0.3765,0.6235
2,3.5,left-hand,0.2797,0.7203
2,3.5,right-hand,0.7574,0.2426
2,3.5,right-hand,0.2832,0.7168
2,3.5,left-hand,0.2161,0.7839
2,3.5,right-hand,0.1396,0.8604
2,3.5,left-hand,0.8457,0.1543
2,3.5,right-hand,0.6609,0.3391
2,3.5,left-hand,0.6711,0.3289
2,3.5,right-hand,0.7069,0.2931
2,3.5,left-hand,0.2684,0.7316
2,3.5,right-hand,0.3183,0.6817
2,3.5,right-hand,0.4946,0.5054
2,3.5,left-hand,0.5271,0.4729
2,3.5,right-hand,0.5683,0.4317
2,3.5,right-hand,0.5999,0.4001
2,3.5,right-hand,0.6563,0.3437
2,3.5,right-hand,0.1709,0.8291
2,3.5,left-hand,0.8139,0.1861
2,3.5,left-hand,0.7208,0.2792
2,3.5,right-hand,0.6124,0.3876
2,3.5,left-hand,0.2911,0.7089
2,3.5,right-hand,0.1679,0.8321
2,3.5,left-hand,0.3227,0.6773
2,3.5,left-hand,0.087,0.913
2,3.5,right-hand,0.6275,0.3725
2,3.5,left-hand,0.5331,0.4669
2,3.5,right-hand,0.2656,0.7344
2,3.5,right-hand,0.6433,0.3567
2,3.5,right-hand,0.5913,0.4087
2,3.5,left-hand,0.8611,0.1389
2,3.5,left-hand,0.7425,0.2575
2,3.5,right-hand,0.2432,0.7568
2,3.5,left-hand,0.5983,0.4017
2,3.5,right-hand,0.4496,0.5504
2,3.5,right-hand,0.5281,0.4719
2,3.5,left-hand,0.5956,0.4044
2,3.5,right-hand,0.5627,0.4373
2,3.5,right-hand,0.8579,0.1421
2,3.5,left-hand,0.5691,0.4309
2,3.5,right-hand,0.7048,0.2952
2,3.5,right-hand,0.6458,0.3542
2,3.5,left-hand,0.7863,0.2137
2,3.5,right-hand,0.4348,0.5652
2,3.5,right-hand,0.297,0.703
2,3.5,right-hand,0.1296,0.8704
2,3.5,right-hand,0.1093,0.8907
2,3.5,left-hand,0.5549,0.4451
2,3.5,left-hand,0.3121,0.6879
2,3.5,right-hand,0.836,0.164
2,3.5,left-hand,0.9484,0.0516
2,3.5,right-hand,0.5613,0.4387
2,3.5,right-hand,0.594,0.406
2,3.5,left-hand,0.6734,0.3266
2,3.5,left-hand,0.6807,0.3193
2,3.5,left-hand,0.464,0.536
2,3.5,right-hand,0.2426,0.7574
2,3.5,left-hand,0.2087,0.7913
2,3.5,right-hand,0.4872,0.5128
2,3.5,right-hand,0.5207,0.4793
2,3.5,left-hand,0.3741,0.6259
2,3.5,right-hand,0.7459,0.2541
2,3.5,left-hand,0.3397,0.6603
2,3.5,right-hand,0.3801,0.6199
2,3.5,right-hand,0.5781,0.4219
2,3.5,right-hand,0.5744,0.4256
2,3.5,left-hand,0.8296,0.1704
2,3.5,left-hand,0.4594,0.5406
2,3.5,right-hand,0.4578,0.5422
2,3.5,left-hand,0.3957,0.6043
2,3.5,right-hand,0.437,0.563
2,3.5,right-hand,0.2386,0.7614
2,3.5,left-hand,0.1811,0.8189
2,3.5,left-hand,0.6687,0.3313
2,3.5,left-hand,0.2755,0.7245
2,3.5,right-hand,0.8767,0.1233
2,3.5,left-hand,0.4373,0.5627
2,3.5,left-hand,0.5621,0.4379
2,3.5,left-hand,0.3035,0.6965
2,3.5,left-hand,0.4022,0.5978
2,3.5,right-hand,0.4831,0.5169
2,3.5,left-hand,0.7886,0.2114
2,3.5,right-hand,0.5564,0.4436
2,3.5,left-hand,0.6674,0.3326
2,3.5,left-hand,0.7834,0.2166
2,3.5,right-hand,0.2248,0.7752
2,3.5,right-hand,0.4637,0.5363
2,3.5,right-hand,0.1413,0.8587
2,3.5,right-hand,0.5537,0.4463
2,3.5,right-hand,0.292,0.708
2,3.5,left-hand,0.0613,0.9387
2,3.5,left-hand,0.1714,0.8286
2,3.5,right-hand,0.4479,0.5521
2,3.5,right-hand,0.7077,0.2923
2,3.5,left-hand,0.45,0.55
2,3.5,right-hand,0.6449,0.3551
2,3.5,right-hand,0.2321,0.7679
2,3.5,right-hand,0.5165,0.4835
2,3.5,left-hand,0.2664,0.7336
2,3.5,left-hand,0.3778,0.6222
2,3.5,left-hand,0.6899,0.3101
2,3.5,left-hand,0.7439,0.2561
2,3.5,left-hand,0.4555,0.5445
2,3.5,left-hand,0.2637,0.7363
2,3.5,left-hand,0.6256,0.3744
2,3.5,right-hand,0.6979,0.3021
2,3.5,left-hand,0.5158,0.4842
2,3.5,right-hand,0.6273,0.3727
2,3.5,left-hand,0.5831,0.4169
2,3.5,left-hand,0.782,0.218
2,3.5,left-hand,0.2044,0.7956
2,3.5,right-hand,0.2466,0.7534
2,3.5,left-hand,0.3799,0.6201
2,3.5,left-hand,0.3169,0.6831
2,3.5,right-hand,0.4197,0.5803
2,3.5,left-hand,0.2431,0.7569
2,3.5,left-hand,0.5968,0.4032
2,3.5,right-hand,0.7096,0.2904
2,3.5,left-hand,0.4716,0.5284
2,3.5,left-hand,0.2613,0.7387
2,3.5,left-hand,0.4024,0.5976
2,3.5,left-hand,0.6854,0.3146
2,3.5,right-hand,0.0951,0.9049
2,3.5,right-hand,0.5346,0.4654
2,3.5,right-hand,0.371,0.629
2,3.5,left-hand,0.1288,0.8712
2,3.5,right-hand,0.5725,0.4275
2,3.5,right-hand,0.6605,0.3395
2,3.5,left-hand,0.5614,0.4386
2,3.5,left-hand,0.6204,0.3796
2,3.5,right-hand,0.8163,0.1837
3,3.5,left-hand,0.2814,0.7186
3,3.5,left-hand,0.5246,0.4754
3,3.5,right-hand,0.6071,0.3929
3,3.5,right-hand,0.4909,0.5091
3,3.5,left-hand,0.7447,0.2553
3,3.5,left-hand,0.2962,0.7038
3,3.5,left-hand,0.3999,0.6001
3,3.5,right-hand,0.4201,0.5799
3,3.5,left-hand,0.6053,0.3947
3,3.5,left-hand,0.4103,0.5897
3,3.5,right-hand,0.479,0.521
3,3.5,left-hand,0.3432,0.6568
3,3.5,left-hand,0.1416,0.8584
3,3.5,right-hand,0.1841,0.8159
3,3.5,right-hand,0.7336,0.2664
3,3.5,left-hand,0.5972,0.4028
3,3.5,left-hand,0.818,0.182
3,3.5,left-hand,0.5073,0.4927
3,3.5,left-hand,0.709,0.291
3,3.5,right-hand,0.5392,0.4608
3,3.5,right-hand,0.6169,0.3831
3,3.5,left-hand,0.5321,0.4679
3,3.5,right-hand,0.8554,0.1446
3,3.5,left-hand,0.211,0.789
3,3.5,left-hand,0.3295,0.6705
3,3.5,right-hand,0.8058,0.1942
3,3.5,right-hand,0.3613,0.6387
3,3.5,right-hand,0.3276,0.6724
3,3.5,left-hand,0.1796,0.8204
3,3.5,right-hand,0.625,0.375
3,3.5,right-hand,0.2016,0.7984
3,3.5,left-hand,0.4312,0.5688
3,3.5,right-hand,0.5025,0.4975
3,3.5,right-hand,0.3575,0.6425
3,3.5,left-hand,0.5781,0.4219
3,3.5,right-hand,0.4354,0.5646
3,3.5,left-hand,0.5222,0.4778
3,3.5,right-hand,0.4424,0.5576
3,3.5,right-hand,0.9135,0.0865
3,3.5,left-hand,0.3257,0.6743
3,3.5,right-hand,0.6905,0.3095
3,3.5,left-hand,0.5104,0.4896
3,3.5,right-hand,0.8198,0.1803
3,3.5,right-hand,0.8717,0.1283
3,3.5,left-hand,0.3996,0.6004
3,3.5,right-hand,0.0818,0.9182
3,3.5,right-hand,0.7789,0.2211
3,3.5,left-hand,0.6229,0.3771
3,3.5,left-hand,0.6013,0.3987
3,3.5,right-hand,0.3615,0.6385
3,3.5,left-hand,0.3442,0.6558
3,3.5,left-hand,0.5202,0.4798
3,3.5,left-hand,0.6892,0.3108
3,3.5,right-hand,0.68,0.32
3,3.5,left-hand,0.6966,0.3034
3,3.5,right-hand,0.2917,0.7083
3,3.5,left-hand,0.8462,0.1538
3,3.5,right-hand,0.6947,0.3053
3,3.5,right-hand,0.5919,0.4081
3,3.5,right-hand,0.4204,0.5796
3,3.5,left-hand,0.6192,0.3808
3,3.5,left-hand,0.3551,0.6449
3,3.5,left-hand,0.2148,0.7852
3,3.5,right-hand,0.2597,0.7403
3,3.5,right-hand,0.3531,0.6469
3,3.5,left-hand,0.4675,0.5325
3,3.5,left-hand,0.7616,0.2384
3,3.5,right-hand,0.8375,0.1625
3,3.5,left-hand,0.7712,0.2288
3,3.5,right-hand,0.9251,0.0749
3,3.5,right-hand,0.7818,0.2182
3,3.5,right-hand,0.8469,0.1531
3,3.5,right-hand,0.8134,0.1866
3,3.5,right-hand,0.8857,0.1143
3,3.5,left-hand,0.5047,0.4953
3,3.5,right-hand,0.3035,0.6965
3,3.5,left-hand,0.9346,0.0654
3,3.5,right-hand,0.5905,0.4095
3,3.5,left-hand,0.5009,0.4991
3,3.5,left-hand,0.8797,0.1203
3,3.5,right-hand,0.6659,0.3341
3,3.5,left-hand,0.5228,0.4772
3,3.5,left-hand,0.4902,0.5098
3,3.5,left-hand,0.1711,0.8289
3,3.5,left-hand,0.4882,0.5118
3,3.5,left-hand,0.676,0.324
3,3.5,right-hand,0.411,0.589
3,3.5,left-hand,0.4463,0.5537
3,3.5,left-hand,0.6624,0.3376
3,3.5,right-hand,0.6947,0.3053
3,3.5,right-hand,0.4371,0.5629
3,3.5,right-hand,0.1623,0.8377
3,3.5,right-hand,0.6488,0.3512
3,3.5,right-hand,0.6079,0.3921
3,3.5,right-hand,0.5871,0.4129
3,3.5,left-hand,0.8044,0.1956
3,3.5,right-hand,0.4824,0.5176
3,3.5,left-hand,0.7763,0.2237
3,3.5,left-hand,0.4325,0.5675
3,3.5,left-hand,0.5662,0.4338
3,3.5,left-hand,0.5715,0.4285
3,3.5,left-hand,0.5524,0.4476
3,3.5,left-hand,0.2404,0.7596
3,3.5,left-hand,0.4771,0.5229
3,3.5,right-hand,0.2331,0.7669
3,3.5,right-hand,0.7542,0.2458
3,3.5,right-hand,0.2281,0.7719
3,3.5,right-hand,0.5115,0.4885
3,3.5,right-hand,0.3022,0.6978
3,3.5,left-hand,0.1425,0.8575
3,3.5,right-hand,0.458,0.542
3,3.5,left-hand,0.3364,0.6636
3,3.5,left-hand,0.3125,0.6875
3,3.5,right-hand,0.4889,0.5111
3,3.5,left-hand,0.5668,0.4332
3,3.5,right-hand,0.3375,0.6625
3,3.5,left-hand,0.6089,0.3911
3,3.5,right-hand,0.6566,0.3434
3,3.5,right-hand,0.2982,0.7018
3,3.5,right-hand,0.423,0.577
3,3.5,right-hand,0.3049,0.6951
3,3.5,left-hand,0.2383,0.7617
3,3.5,left-hand,0.3334,0.6666
3,3.5,left-hand,0.76,0.24
3,3.5,right-hand,0.8466,0.1534
3,3.5,left-hand,0.1679,0.8321
3,3.5,right-hand,0.075,0.925
3,3.5,right-hand,0.7017,0.2983
3,3.5,right-hand,0.3952,0.6048
3,3.5,right-hand,0.3017,0.6983
3,3.5,left-hand,0.605,0.395
3,3.5,right-hand,0.6724,0.3276
3,3.5,left-hand,0.8161,0.1839
3,3.5,right-hand,0.6197,0.3803
3,3.5,left-hand,0.6124,0.3876
3,3.5,left-hand,0.209,0.791
3,3.5,left-hand,0.6286,0.3714
3,3.5,left-hand,0.3759,0.6241
3,3.5,right-hand,0.3094,0.6906
3,3.5,right-hand,0.5955,0.4045
3,3.5,left-hand,0.858,0.142
3,3.5,right-hand,0.3994,0.6006
3,3.5,right-hand,0.2637,0.7363
3,3.5,left-hand,0.6605,0.3395
4,3.5,right-hand,0.836,0.164
4,3.5,left-hand,0.4664,0.5336
4,3.5,right-hand,0.6058,0.3942
4,3.5,left-hand,0.4092,0.5908
4,3.5,left-hand,0.4131,0.5869
4,3.5,right-hand,0.2484,0.7516
4,3.5,right-hand,0.6032,0.3968
4,3.5,left-hand,0.1175,0.8825
4,3.5,right-hand,0.302,0.698
4,3.5,right-hand,0.3102,0.6898
4,3.5,right-hand,0.692,0.308
4,3.5,left-hand,0.206,0.794
4,3.5,left-hand,0.492,0.508
4,3.5,right-hand,0.7822,0.2178
4,3.5,left-hand,0.4504,0.5496
4,3.5,left-hand,0.6797,0.3203
4,3.5,right-hand,0.2702,0.7298
4,3.5,right-hand,0.5221,0.4779
4,3.5,right-hand,0.744,0.256
4,3.5,left-hand,0.4328,0.5672
4,3.5,right-hand,0.437,0.563
4,3.5,left-hand,0.6482,0.3518
4,3.5,left-hand,0.295,0.705
4,3.5,left-hand,0.5352,0.4648
4,3.5,left-hand,0.3323,0.6677
4,3.5,right-hand,0.4052,0.5948
4,3.5,left-hand,0.1499,0.8501
4,3.5,left-hand,0.2241,0.7759
4,3.5,left-hand,0.2554,0.7446
4,3.5,left-hand,0.3262,0.6738
4,3.5,left-hand,0.238,0.762
4,3.5,right-hand,0.2425,0.7575
4,3.5,left-hand,0.1969,0.8031
4,3.5,right-hand,0.5574,0.4426
4,3.5,right-hand,0.2322,0.7678
4,3.5,left-hand,0.6981,0.3019
4,3.5,right-hand,0.2138,0.7862
4,3.5,left-hand,0.2634,0.7366
4,3.5,right-hand,0.7162,0.2838
4,3.5,right-hand,0.6854,0.3146
4,3.5,left-hand,0.7438,0.2562
4,3.5,left-hand,0.2394,0.7606
4,3.5,right-hand,0.5193,0.4807
4,3.5,left-hand,0.3759,0.6241
4,3.5,left-hand,0.7176,0.2824
4,3.5,right-hand,0.8337,0.1663
4,3.5,right-hand,0.3092,0.6908
4,3.5,right-hand,0.4335,0.5665
4,3.5,right-hand,0.787,0.213
4,3.5,left-hand,0.4994,0.5006
4,3.5,right-hand,0.4215,0.5785
4,3.5,left-hand,0.3607,0.6393
4,3.5,left-hand,0.4781,0.5219
4,3.5,right-hand,0.5182,0.4818
4,3.5,left-hand,0.3818,0.6182
4,3.5,right-hand,0.8346,0.1654
4,3.5,right-hand,0.6949,0.3051
4,3.5,right-hand,0.4867,0.5133
4,3.5,left-hand,0.1216,0.8784
4,3.5,right-hand,0.4415,0.5585
4,3.5,left-hand,0.5379,0.4621
4,3.5,left-hand,0.7411,0.2589
4,3.5,left-hand,0.6222,0.3778
4,3.5,right-hand,0.4184,0.5816
4,3.5,right-hand,0.4253,0.5747
4,3.5,left-hand,0.7451,0.2549
4,3.5,right-hand,0.6595,0.3405
4,3.5,left-hand,0.5587,0.4413
4,3.5,left-hand,0.3682,0.6318
4,3.5,left-hand,0.7905,0.2095
4,3.5,right-hand,0.3629,0.6371
4,3.5,left-hand,0.6093,0.3907
4,3.5,left-hand,0.4753,0.5247
4,3.5,right-hand,0.5864,0.4136
4,3.5,right-hand,0.2663,0.7337
4,3.5,right-hand,0.4308,0.5692
4,3.5,left-hand,0.7923,0.2077
4,3.5,right-hand,0.5546,0.4454
4,3.5,right-hand,0.2952,0.7048
4,3.5,right-hand,0.8223,0.1777
4,3.5,left-hand,0.5921,0.4079
4,3.5,right-hand,0.9159,0.0841
4,3.5,left-hand,0.3657,0.6343
4,3.5,right-hand,0.1695,0.8305
4,3.5,left-hand,0.4251,0.5749
4,3.5,right-hand,0.3493,0.6507
4,3.5,right-hand,0.2722,0.7278
4,3.5,left-hand,0.4686,0.5314
4,3.5,right-hand,0.2579,0.7421
4,3.5,right-hand,0.4706,0.5294
4,3.5,left-hand,0.5421,0.4579
4,3.5,left-hand,0.5757,0.4243
4,3.5,right-hand,0.34,0.66
4,3.5,right-hand,0.5147,0.4853
4,3.5,left-hand,0.2194,0.7806
4,3.5,right-hand,0.7453,0.2547
4,3.5,left-hand,0.3321,0.6679
4,3.5,right-hand,0.4808,0.5192
4,3.5,right-hand,0.4388,0.5612
4,3.5,left-hand,0.2442,0.7558
4,3.5,right-hand,0.4647,0.5353
4,3.5,left-hand,0.14,0.86
4,3.5,left-hand,0.2781,0.7219
4,3.5,left-hand,0.4177,0.5823
4,3.5,left-hand,0.5931,0.4069
4,3.5,left-hand,0.6412,0.3588
4,3.5,right-hand,0.4055,0.5945
4,3.5,right-hand,0.4107,0.5893
4,3.5,right-hand,0.3203,0.6797
4,3.5,left-hand,0.5505,0.4495
4,3.5,left-hand,0.2439,0.7561
4,3.5,left-hand,0.6574,0.3426
4,3.5,left-hand,0.0753,0.9247
4,3.5,left-hand,0.6133,0.3867
4,3.5,right-hand,0.2065,0.7935
4,3.5,right-hand,0.2936,0.7064
4,3.5,right-hand,0.773,0.227
4,3.5,left-hand,0.455,0.545
4,3.5,left-hand,0.5126,0.4874
4,3.5,left-hand,0.7108,0.2892
4,3.5,left-hand,0.5912,0.4088
4,3.5,right-hand,0.3003,0.6997
4,3.5,right-hand,0.2893,0.7107
4,3.5,right-hand,0.5676,0.4324
4,3.5,left-hand,0.8418,0.1582
4,3.5,right-hand,0.3528,0.6472
4,3.5,left-hand,0.5221,0.4779
4,3.5,left-hand,0.1936,0.8064
4,3.5,right-hand,0.292,0.708
4,3.5,left-hand,0.5516,0.4484
4,3.5,right-hand,0.7466,0.2534
4,3.5,right-hand,0.6323,0.3677
4,3.5,right-hand,0.2336,0.7664
4,3.5,left-hand,0.4873,0.5127
4,3.5,right-hand,0.6206,0.3794
4,3.5,left-hand,0.3997,0.6003
4,3.5,right-hand,0.6001,0.3999
4,3.5,right-hand,0.6998,0.3002
4,3.5,left-hand,0.7344,0.2656
4,3.5,right-hand,0.5162,0.4838
4,3.5,right-hand,0.774,0.226
4,3.5,left-hand,0.8187,0.1813
4,3.5,right-hand,0.7271,0.2729
4,3.5,left-hand,0.2942,0.7058
5,3.5,right-hand,0.5419,0.4581
5,3.5,left-hand,0.549,0.451
5,3.5,left-hand,0.2944,0.7056
5,3.5,right-hand,0.6494,0.3506
5,3.5,right-hand,0.4355,0.5645
5,3.5,right-hand,0.9214,0.0786
5,3.5,left-hand,0.5104,0.4896
5,3.5,left-hand,0.2439,0.7561
5,3.5,right-hand,0.2329,0.7671
5,3.5,left-hand,0.6088,0.3912
5,3.5,right-hand,0.8243,0.1757
5,3.5,right-hand,0.7743,0.2257
5,3.5,right-hand,0.192,0.808
5,3.5,left-hand,0.0693,0.9307
5,3.5,left-hand,0.267,0.733
5,3.5,right-hand,0.4228,0.5772
5,3.5,right-hand,0.4461,0.5539
5,3.5,right-hand,0.5788,0.4212
5,3.5,left-hand,0.4298,0.5702
5,3.5,left-hand,0.5296,0.4704
5,3.5,right-hand,0.4928,0.5072
5,3.5,left-hand,0.3855,0.6145
5,3.5,left-hand,0.2555,0.7445
5,3.5,left-hand,0.6702,0.3298
5,3.5,right-hand,0.2122,0.7878
5,3.5,left-hand,0.2866,0.7134
5,3.5,left-hand,0.5663,0.4337
5,3.5,right-hand,0.637,0.363
5,3.5,left-hand,0.5414,0.4586
5,3.5,right-hand,0.673,0.327
5,3.5,right-hand,0.722,0.278
5,3.5,right-hand,0.5044,0.4956
5,3.5,left-hand,0.6803,0.3197
5,3.5,right-hand,0.1041,0.8959
5,3.5,left-hand,0.6522,0.3478
5,3.5,left-hand,0.2576,0.7424
5,3.5,right-hand,0.3773,0.6227
5,3.5,right-hand,0.3814,0.6186
5,3.5,left-hand,0.3142,0.6858
5,3.5,right-hand,0.7469,0.2531
5,3.5,left-hand,0.487,0.513
5,3.5,right-hand,0.7341,0.2659
5,3.5,left-hand,0.5643,0.4357
5,3.5,left-hand,0.5695,0.4305
5,3.5,right-hand,0.6657,0.3343
5,3.5,left-hand,0.7832,0.2168
5,3.5,left-hand,0.4873,0.5127
5,3.5,right-hand,0.7033,0.2967
5,3.5,left-hand,0.3041,0.6959
5,3.5,left-hand,0.5553,0.4447
5,3.5,left-hand,0.4115,0.5885
5,3.5,right-hand,0.5881,0.4119
5,3.5,right-hand,0.5346,0.4654
5,3.5,left-hand,0.8203,0.1797
5,3.5,right-hand,0.0767,0.9233
5,3.5,right-hand,0.6651,0.3349
5,3.5,left-hand,0.7247,0.2753
5,3.5,left-hand,0.5949,0.4051
5,3.5,left-hand,0.6523,0.3477
5,3.5,left-hand,0.5824,0.4176
5,3.5,left-hand,0.5918,0.4082
5,3.5,left-hand,0.4734,0.5266
5,3.5,left-hand,0.5236,0.4764
5,3.5,right-hand,0.5346,0.4654
5,3.5,right-hand,0.4195,0.5805
5,3.5,left-hand,0.3701,0.6299
5,3.5,right-hand,0.6047,0.3953
5,3.5,right-hand,0.2353,0.7647
5,3.5,right-hand,0.3211,0.6789
5,3.5,right-hand,0.4709,0.5291
5,3.5,left-hand,0.5035,0.4965
5,3.5,left-hand,0.1837,0.8163
5,3.5,right-hand,0.4341,0.5659
5,3.5,right-hand,0.3187,0.6813
5,3.5,right-hand,0.5587,0.4413
5,3.5,right-hand,0.433,0.567
5,3.5,left-hand,0.6236,0.3764
5,3.5,left-hand,0.5012,0.4988
5,3.5,left-hand,0.468,0.532
5,3.5,left-hand,0.3169,0.6831
5,3.5,left-hand,0.7246,0.2754
5,3.5,right-hand,0.4046,0.5954
5,3.5,left-hand,0.6871,0.3129
5,3.5,right-hand,0.6256,0.3744
5,3.5,right-hand,0.3163,0.6837
5,3.5,left-hand,0.5925,0.4075
5,3.5,right-hand,0.6671,0.3329
5,3.5,left-hand,0.698,0.302
5,3.5,right-hand,0.4805,0.5195
5,3.5,right-hand,0.8387,0.1613
5,3.5,left-hand,0.296,0.704
5,3.5,right-hand,0.2012,0.7988
5,3.5,right-hand,0.5946,0.4054
5,3.5,left-hand,0.8047,0.1953
5,3.5,right-hand,0.5945,0.4055
5,3.5,left-hand,0.6722,0.3278
5,3.5,right-hand,0.3652,0.6348
5,3.5,left-hand,0.6154,0.3846
5,3.5,right-hand,0.3856,0.6144
5,3.5,right-hand,0.812,0.188
5,3.5,right-hand,0.3495,0.6505
5,3.5,right-hand,0.5418,0.4582
5,3.5,left-hand,0.3732,0.6268
5,3.5,left-hand,0.5835,0.4165
5,3.5,left-hand,0.2254,0.7746
5,3.5,left-hand,0.7165,0.2835
5,3.5,left-hand,0.6848,0.3152
5,3.5,left-hand,0.7058,0.2942
5,3.5,right-hand,0.2325,0.7675
5,3.5,right-hand,0.6166,0.3834
5,3.5,left-hand,0.4994,0.5006
5,3.5,left-hand,0.4017,0.5983
5,3.5,right-hand,0.3242,0.6758
5,3.5,right-hand,0.3558,0.6442
5,3.5,left-hand,0.6217,0.3783
5,3.5,right-hand,0.4274,0.5726
5,3.5,right-hand,0.4603,0.5397
5,3.5,right-hand,0.6741,0.3259
5,3.5,right-hand,0.1719,0.8281
5,3.5,left-hand,0.6974,0.3026
5,3.5,left-hand,0.5978,0.4022
5,3.5,left-hand,0.6433,0.3567
5,3.5,left-hand,0.4596,0.5404
5,3.5,right-hand,0.6185,0.3815
5,3.5,right-hand,0.7462,0.2538
5,3.5,left-hand,0.4638,0.5362
5,3.5,right-hand,0.6839,0.3161
5,3.5,right-hand,0.4857,0.5143
5,3.5,right-hand,0.6182,0.3818
5,3.5,left-hand,0.4119,0.5881
5,3.5,right-hand,0.2609,0.7391
5,3.5,left-hand,0.6146,0.3854
5,3.5,left-hand,0.3277,0.6723
5,3.5,right-hand,0.741,0.259
5,3.5,left-hand,0.3745,0.6255
5,3.5,left-hand,0.3109,0.6891
5,3.5,right-hand,0.7345,0.2655
5,3.5,right-hand,0.6515,0.3485
5,3.5,left-hand,0.4863,0.5137
5,3.5,right-hand,0.516,0.484
5,3.5,left-hand,0.4226,0.5774
5,3.5,right-hand,0.2808,0.7192
5,3.5,left-hand,0.0697,0.9303
5,3.5,right-hand,0.4608,0.5392
