fold,tmin,true_label,left-hand,right-hand
1,3.5,right-hand,0.3528,0.6472
1,3.5,left-hand,0.5445,0.4555
1,3.5,right-hand,0.7979,0.2021
1,3.5,right-hand,0.4168,0.5832
1,3.5,right-hand,0.0567,0.9433
1,3.5,left-hand,0.6653,0.3347
1,3.5,left-hand,0.869,0.131
1,3.5,left-hand,0.5017,0.4983
1,3.5,left-hand,0.7324,0.2676
1,3.5,right-hand,0.7504,0.2496
1,3.5,left-hand,0.6847,0.3153
1,3.5,right-hand,0.6869,0.3131
1,3.5,left-hand,0.4476,0.5524
1,3.5,left-hand,0.5511,0.4489
1,3.5,right-hand,0.0802,0.9198
1,3.5,right-hand,0.132,0.868
1,3.5,right-hand,0.8619,0.1381
1,3.5,left-hand,0.8388,0.1612
1,3.5,right-hand,0.375,0.625
1,3.5,right-hand,0.4335,0.5665
1,3.5,left-hand,0.2181,0.7819
1,3.5,right-hand,0.4253,0.5747
1,3.5,right-hand,0.3914,0.6086
1,3.5,left-hand,0.3195,0.6805
1,3.5,left-hand,0.2493,0.7507
1,3.5,left-hand,0.3384,0.6616
1,3.5,right-hand,0.5904,0.4096
1,3.5,right-hand,0.4389,0.5611
1,3.5,right-hand,0.3756,0.6244
1,3.5,left-hand,0.1808,0.8192
1,3.5,left-hand,0.7356,0.2644
1,3.5,left-hand,0.5162,0.4838
1,3.5,right-hand,0.3118,0.6882
1,3.5,left-hand,0.1622,0.8378
1,3.5,left-hand,0.6952,0.3048
1,3.5,right-hand,0.8528,0.1472
1,3.5,right-hand,0.4447,0.5553
1,3.5,left-hand,0.18,0.82
1,3.5,right-hand,0.7297,0.2703
1,3.5,left-hand,0.4747,0.5253
1,3.5,right-hand,0.3009,0.6991
1,3.5,left-hand,0.3761,0.6239
1,3.5,left-hand,0.8409,0.1591
1,3.5,right-hand,0.3405,0.6595
1,3.5,left-hand,0.6264,0.3736
1,3.5,left-hand,0.6414,0.3586
1,3.5,right-hand,0.7865,0.2135
1,3.5,right-hand,0.7592,0.2408
1,3.5,right-hand,0.7736,0.2264
1,3.5,right-hand,0.2709,0.7291
1,3.5,left-hand,0.9307,0.0693
1,3.5,left-hand,0.5118,0.4882
1,3.5,left-hand,0.431,0.569
1,3.5,right-hand,0.7461,0.2539
1,3.5,left-hand,0.5451,0.4549
1,3.5,left-hand,0.3392,0.6608
1,3.5,right-hand,0.8137,0.1863
1,3.5,right-hand,0.7301,0.2699
1,3.5,left-hand,0.6198,0.3802
1,3.5,left-hand,0.5038,0.4962
1,3.5,right-hand,0.2376,0.7624
1,3.5,right-hand,0.4214,0.5786
1,3.5,left-hand,0.2033,0.7967
1,3.5,right-hand,0.8573,0.1427
1,3.5,left-hand,0.8473,0.1527
1,3.5,right-hand,0.7421,0.2579
1,3.5,right-hand,0.6975,0.3025
1,3.5,left-hand,0.437,0.563
1,3.5,left-hand,0.459,0.541
1,3.5,left-hand,0.5066,0.4934
1,3.5,left-hand,0.8974,0.1026
1,3.5,right-hand,0.3586,0.6414
1,3.5,left-hand,0.8288,0.1712
1,3.5,right-hand,0.3113,0.6887
1,3.5,left-hand,0.2588,0.7412
1,3.5,left-hand,0.5975,0.4025
1,3.5,left-hand,0.7013,0.2987
1,3.5,left-hand,0.7739,0.2261
1,3.5,left-hand,0.7147,0.2853
1,3.5,right-hand,0.5194,0.4806
1,3.5,left-hand,0.6842,0.3158
1,3.5,right-hand,0.2681,0.7319
1,3.5,right-hand,0.8813,0.1187
1,3.5,right-hand,0.8588,0.1412
1,3.5,left-hand,0.1484,0.8516
1,3.5,right-hand,0.3678,0.6322
1,3.5,right-hand,0.2954,0.7046
1,3.5,right-hand,0.7587,0.2413
1,3.5,right-hand,0.7838,0.2162
1,3.5,left-hand,0.3974,0.6026
1,3.5,left-hand,0.4051,0.5949
1,3.5,left-hand,0.1679,0.8321
1,3.5,left-hand,0.3128,0.6872
1,3.5,right-hand,0.418,0.582
1,3.5,left-hand,0.4221,0.5779
1,3.5,right-hand,0.6884,0.3116
1,3.5,left-hand,0.8245,0.1755
1,3.5,left-hand,0.3339,0.6661
1,3.5,left-hand,0.0976,0.9024
1,3.5,left-hand,0.4949,0.5051
1,3.5,right-hand,0.8697,0.1303
1,3.5,right-hand,0.2865,0.7135
1,3.5,right-hand,0.5982,0.4018
1,3.5,left-hand,0.1657,0.8343
1,3.5,left-hand,0.0923,0.9077
1,3.5,right-hand,0.7119,0.2881
1,3.5,left-hand,0.4122,0.5878
1,3.5,right-hand,0.5785,0.4215
1,3.5,right-hand,0.7004,0.2996
1,3.5,left-hand,0.2972,0.7028
1,3.5,right-hand,0.5295,0.4705
1,3.5,left-hand,0.8993,0.1007
1,3.5,right-hand,0.3631,0.6369
1,3.5,right-hand,0.8811,0.1189
1,3.5,right-hand,0.805,0.195
1,3.5,right-hand,0.4639,0.5361
1,3.5,right-hand,0.1661,0.8339
1,3.5,left-hand,0.2092,0.7908
1,3.5,left-hand,0.4519,0.5481
1,3.5,right-hand,0.1416,0.8584
1,3.5,right-hand,0.5195,0.4805
1,3.5,left-hand,0.4675,0.5325
1,3.5,right-hand,0.5504,0.4496
1,3.5,right-hand,0.4961,0.5039
1,3.5,right-hand,0.3133,0.6867
1,3.5,right-hand,0.8172,0.1828
1,3.5,right-hand,0.4648,0.5352
1,3.5,left-hand,0.5906,0.4094
1,3.5,left-hand,0.5581,0.4419
1,3.5,left-hand,0.3794,0.6206
1,3.5,right-hand,0.8239,0.1761
1,3.5,right-hand,0.5746,0.4254
1,3.5,left-hand,0.457,0.543
1,3.5,left-hand,0.2495,0.7505
1,3.5,right-hand,0.7329,0.2671
1,3.5,right-hand,0.2119,0.7881
1,3.5,right-hand,0.7219,0.2781
1,3.5,left-hand,0.6532,0.3468
1,3.5,left-hand,0.4759,0.5241
1,3.5,left-hand,0.3386,0.6614
1,3.5,right-hand,0.8855,0.1145
1,3.5,right-hand,0.4339,0.5661
1,3.5,left-hand,0.8743,0.1257
1,3.5,left-hand,0.5845,0.4155
2,3.5,left-hand,0.4099,0.5901
2,3.5,left-hand,0.5839,0.4161
2,3.5,right-hand,0.6492,0.3508
2,3.5,left-hand,0.6276,0.3724
2,3.5,right-hand,0.5266,0.4734
2,3.5,right-hand,0.2068,0.7932
2,3.5,right-hand,0.5948,0.4052
2,3.5,right-hand,0.242,0.758
2,3.5,left-hand,0.7351,0.2649
2,3.5,right-hand,0.209,0.791
2,3.5,left-hand,0.3543,0.6457
2,3.5,left-hand,0.313,0.687
2,3.5,left-hand,0.5274,0.4726
2,3.5,right-hand,0.7537,0.2463
2,3.5,left-hand,0.704,0.296
2,3.5,right-hand,0.6191,0.3809
2,3.5,right-hand,0.7709,0.2291
2,3.5,left-hand,0.2652,0.7348
2,3.5,right-hand,0.4107,0.5893
2,3.5,left-hand,0.3861,0.6139
2,3.5,right-hand,0.4312,0.5688
2,3.5,left-hand,0.3933,0.6067
2,3.5,right-hand,0.6466,0.3534
2,3.5,left-hand,0.4306,0.5694
2,3.5,right-hand,0.5867,0.4133
2,3.5,right-hand,0.7742,0.2258
2,3.5,left-hand,0.319,0.681
2,3.5,right-hand,0.5801,0.4199
2,3.5,right-hand,0.3987,0.6013
2,3.5,right-hand,0.5473,0.4527
2,3.5,right-hand,0.2959,0.7041
2,3.5,left-hand,0.3712,0.6288
2,3.5,right-hand,0.8859,0.1141
2,3.5,left-hand,0.7082,0.2918
2,3.5,left-hand,0.8858,0.1142
2,3.5,right-hand,0.3577,0.6423
2,3.5,left-hand,0.7036,0.2964
2,3.5,left-hand,0.5518,0.4482
2,3.5,right-hand,0.2668,0.7332
2,3.5,left-hand,0.2116,0.7884
2,3.5,right-hand,0.8491,0.1509
2,3.5,right-hand,0.7283,0.2717
2,3.5,right-hand,0.4438,0.5562
2,3.5,right-hand,0.2951,0.7049
2,3.5,left-hand,0.6907,0.3093
2,3.5,left-hand,0.1743,0.8257
2,3.5,left-hand,0.4116,0.5884
2,3.5,right-hand,0.8902,0.1098
2,3.5,right-hand,0.8789,0.1211
2,3.5,left-hand,0.5263,0.4737
2,3.5,right-hand,0.5702,0.4298
2,3.5,right-hand,0.4986,0.5014
2,3.5,left-hand,0.8434,0.1566
2,3.5,right-hand,0.331,0.669
2,3.5,right-hand,0.9616,0.0384
2,3.5,left-hand,0.5888,0.4112
2,3.5,right-hand,0.4846,0.5154
2,3.5,right-hand,0.3308,0.6692
2,3.5,right-hand,0.1905,0.8095
2,3.5,left-hand,0.4007,0.5993
2,3.5,right-hand,0.3804,0.6196
2,3.5,left-hand,0.2683,0.7317
2,3.5,right-hand,0.3463,0.6537
2,3.5,left-hand,0.3456,0.6544
2,3.5,right-hand,0.6488,0.3512
2,3.5,left-hand,0.5737,0.4263
2,3.5,left-hand,0.5682,0.4318
2,3.5,right-hand,0.8479,0.1521
2,3.5,left-hand,0.6129,0.3871
2,3.5,right-hand,0.5709,0.4291
2,3.5,left-hand,0.5143,0.4857
2,3.5,right-hand,0.9594,0.0406
2,3.5,right-hand,0.6325,0.3675
2,3.5,left-hand,0.4698,0.5302
2,3.5,right-hand,0.6067,0.3933
2,3.5,right-hand,0.8,0.2
2,3.5,left-hand,0.4849,0.5151
2,3.5,left-hand,0.6197,0.3803
2,3.5,right-hand,0.2453,0.7547
2,3.5,right-hand,0.5461,0.4539
2,3.5,left-hand,0.4957,0.5043
2,3.5,left-hand,0.5956,0.4044
2,3.5,right-hand,0.307,0.693
2,3.5,right-hand,0.1942,0.8058
2,3.5,right-hand,0.8781,0.1219
2,3.5,left-hand,0.4907,0.5093
2,3.5,left-hand,0.3396,0.6604
2,3.5,left-hand,0.6825,0.3175
2,3.5,right-hand,0.6382,0.3618
2,3.5,left-hand,0.4424,0.5576
2,3.5,left-hand,0.4309,0.5691
2,3.5,left-hand,0.3951,0.6049
2,3.5,right-hand,0.5933,0.4067
2,3.5,left-hand,0.3578,0.6422
2,3.5,right-hand,0.2373,0.7627
2,3.5,left-hand,0.3039,0.6961
2,3.5,left-hand,0.3293,0.6707
2,3.5,right-hand,0.6573,0.3427
2,3.5,left-hand,0.1645,0.8355
2,3.5,right-hand,0.6516,0.3484
2,3.5,right-hand,0.6443,0.3557
2,3.5,right-hand,0.6587,0.3413
2,3.5,right-hand,0.2298,0.7702
2,3.5,left-hand,0.2817,0.7183
2,3.5,left-hand,0.519,0.481
2,3.5,right-hand,0.4857,0.5143
2,3.5,right-hand,0.114,0.886
2,3.5,left-hand,0.4884,0.5116
2,3.5,right-hand,0.1345,0.8655
2,3.5,right-hand,0.2933,0.7067
2,3.5,right-hand,0.3186,0.6814
2,3.5,left-hand,0.3341,0.6659
2,3.5,left-hand,0.5218,0.4782
2,3.5,left-hand,0.3279,0.6721
2,3.5,left-hand,0.233,0.767
2,3.5,left-hand,0.5744,0.4256
2,3.5,left-hand,0.182,0.818
2,3.5,left-hand,0.7081,0.2919
2,3.5,right-hand,0.6178,0.3822
2,3.5,right-hand,0.6838,0.3162
2,3.5,left-hand,0.4795,0.5205
2,3.5,right-hand,0.7912,0.2088
2,3.5,left-hand,0.3884,0.6116
2,3.5,left-hand,0.7364,0.2636
2,3.5,left-hand,0.2019,0.7981
2,3.5,right-hand,0.7519,0.2481
2,3.5,left-hand,0.9231,0.0769
2,3.5,left-hand,0.5456,0.4544
2,3.5,left-hand,0.4257,0.5743
2,3.5,left-hand,0.5672,0.4328
2,3.5,right-hand,0.509,0.491
2,3.5,left-hand,0.2121,0.7879
2,3.5,left-hand,0.476,0.524
2,3.5,left-hand,0.4128,0.5872
2,3.5,left-hand,0.4605,0.5395
2,3.5,right-hand,0.5677,0.4323
2,3.5,right-hand,0.5857,0.4143
2,3.5,right-hand,0.3146,0.6854
2,3.5,right-hand,0.6199,0.3801
2,3.5,left-hand,0.4456,0.5544
2,3.5,left-hand,0.4232,0.5768
2,3.5,left-hand,0.5412,0.4588
2,3.5,right-hand,0.4835,0.5165
2,3.5,right-hand,0.4901,0.5099
3,3.5,left-hand,0.4521,0.5479
3,3.5,left-hand,0.7057,0.2943
3,3.5,right-hand,0.4622,0.5378
3,3.5,right-hand,0.6872,0.3128
3,3.5,left-hand,0.8877,0.1123
3,3.5,left-hand,0.1115,0.8885
3,3.5,left-hand,0.2218,0.7782
3,3.5,right-hand,0.6105,0.3895
3,3.5,left-hand,0.25,0.75
3,3.5,left-hand,0.6001,0.3999
3,3.5,right-hand,0.5052,0.4948
3,3.5,left-hand,0.4549,0.5451
3,3.5,left-hand,0.3106,0.6894
3,3.5,right-hand,0.5092,0.4908
3,3.5,right-hand,0.1106,0.8894
3,3.5,left-hand,0.4145,0.5855
3,3.5,left-hand,0.4118,0.5882
3,3.5,left-hand,0.4145,0.5855
3,3.5,left-hand,0.196,0.804
3,3.5,right-hand,0.7066,0.2934
3,3.5,right-hand,0.6802,0.3198
3,3.5,left-hand,0.4868,0.5132
3,3.5,left-hand,0.5675,0.4325
3,3.5,left-hand,0.6879,0.3121
3,3.5,right-hand,0.7339,0.2661
3,3.5,right-hand,0.6185,0.3815
3,3.5,right-hand,0.7422,0.2578
3,3.5,right-hand,0.6696,0.3304
3,3.5,left-hand,0.248,0.752
3,3.5,right-hand,0.6367,0.3633
3,3.5,right-hand,0.599,0.401
3,3.5,right-hand,0.3184,0.6816
3,3.5,right-hand,0.8712,0.1288
3,3.5,left-hand,0.7056,0.2944
3,3.5,left-hand,0.9364,0.0636
3,3.5,right-hand,0.7092,0.2908
3,3.5,left-hand,0.7004,0.2996
3,3.5,right-hand,0.7639,0.2361
3,3.5,right-hand,0.2607,0.7393
3,3.5,right-hand,0.6406,0.3594
3,3.5,left-hand,0.6302,0.3698
3,3.5,left-hand,0.6772,0.3228
3,3.5,right-hand,0.3179,0.6821
3,3.5,right-hand,0.8177,0.1823
3,3.5,right-hand,0.609,0.391
3,3.5,left-hand,0.4678,0.5322
3,3.5,right-hand,0.6168,0.3832
3,3.5,left-hand,0.6365,0.3635
3,3.5,left-hand,0.4104,0.5896
3,3.5,right-hand,0.2379,0.7621
3,3.5,left-hand,0.3371,0.6629
3,3.5,left-hand,0.3446,0.6554
3,3.5,left-hand,0.1415,0.8585
3,3.5,left-hand,0.4367,0.5633
3,3.5,right-hand,0.2672,0.7328
3,3.5,right-hand,0.5736,0.4264
3,3.5,left-hand,0.4762,0.5238
3,3.5,right-hand,0.6767,0.3233
3,3.5,right-hand,0.7965,0.2035
3,3.5,right-hand,0.6202,0.3798
3,3.5,left-hand,0.4898,0.5102
3,3.5,left-hand,0.2978,0.7022
3,3.5,left-hand,0.405,0.595
3,3.5,right-hand,0.5397,0.4603
3,3.5,left-hand,0.4371,0.5629
3,3.5,left-hand,0.3892,0.6108
3,3.5,right-hand,0.4496,0.5504
3,3.5,right-hand,0.1936,0.8064
3,3.5,left-hand,0.7273,0.2727
3,3.5,right-hand,0.5032,0.4968
3,3.5,right-hand,0.803,0.197
3,3.5,right-hand,0.7489,0.2511
3,3.5,right-hand,0.2636,0.7364
3,3.5,right-hand,0.3436,0.6564
3,3.5,left-hand,0.4373,0.5627
3,3.5,left-hand,0.4242,0.5758
3,3.5,right-hand,0.2224,0.7776
3,3.5,left-hand,0.4722,0.5278
3,3.5,right-hand,0.484,0.516
3,3.5,left-hand,0.5408,0.4592
3,3.5,right-hand,0.626,0.374
3,3.5,left-hand,0.5498,0.4502
3,3.5,left-hand,0.7049,0.2951
3,3.5,left-hand,0.5168,0.4832
3,3.5,left-hand,0.5501,0.4499
3,3.5,left-hand,0.559,0.441
3,3.5,right-hand,0.5111,0.4889
3,3.5,left-hand,0.3684,0.6316
3,3.5,left-hand,0.1749,0.8251
3,3.5,right-hand,0.6488,0.3512
3,3.5,right-hand,0.6465,0.3535
3,3.5,right-hand,0.3377,0.6623
3,3.5,right-hand,0.22,0.78
3,3.5,right-hand,0.6243,0.3757
3,3.5,left-hand,0.7172,0.2828
3,3.5,right-hand,0.3861,0.6139
3,3.5,right-hand,0.5889,0.4111
3,3.5,left-hand,0.6522,0.3478
3,3.5,left-hand,0.4718,0.5282
3,3.5,left-hand,0.4806,0.5194
3,3.5,left-hand,0.2061,0.7939
3,3.5,left-hand,0.2786,0.7214
3,3.5,left-hand,0.4321,0.5679
3,3.5,left-hand,0.3046,0.6954
3,3.5,right-hand,0.3312,0.6688
3,3.5,right-hand,0.3561,0.6439
3,3.5,right-hand,0.602,0.398
3,3.5,right-hand,0.6685,0.3315
3,3.5,left-hand,0.7069,0.2931
3,3.5,right-hand,0.4064,0.5936
3,3.5,right-hand,0.3586,0.6414
3,3.5,left-hand,0.5613,0.4387
3,3.5,left-hand,0.6272,0.3728
3,3.5,left-hand,0.8787,0.1213
3,3.5,right-hand,0.5859,0.4141
3,3.5,left-hand,0.4129,0.5871
3,3.5,right-hand,0.4765,0.5235
3,3.5,right-hand,0.3186,0.6814
3,3.5,right-hand,0.5207,0.4793
3,3.5,right-hand,0.3198,0.6802
3,3.5,right-hand,0.5119,0.4881
3,3.5,left-hand,0.3808,0.6192
3,3.5,left-hand,0.3115,0.6885
3,3.5,left-hand,0.3313,0.6687
3,3.5,right-hand,0.4802,0.5198
3,3.5,left-hand,0.6461,0.3539
3,3.5,right-hand,0.6255,0.3745
3,3.5,right-hand,0.4177,0.5823
3,3.5,right-hand,0.5919,0.4081
3,3.5,right-hand,0.3549,0.6451
3,3.5,left-hand,0.38,0.62
3,3.5,right-hand,0.3648,0.6352
3,3.5,left-hand,0.3676,0.6324
3,3.5,left-hand,0.2965,0.7035
3,3.5,right-hand,0.4607,0.5393
3,3.5,right-hand,0.6355,0.3645
3,3.5,right-hand,0.2197,0.7803
3,3.5,left-hand,0.3773,0.6227
3,3.5,right-hand,0.6668,0.3332
3,3.5,left-hand,0.7956,0.2044
3,3.5,left-hand,0.5138,0.4862
3,3.5,left-hand,0.395,0.605
3,3.5,right-hand,0.5649,0.4351
3,3.5,left-hand,0.8334,0.1666
4,3.5,right-hand,0.2253,0.7747
4,3.5,left-hand,0.2272,0.7728
4,3.5,right-hand,0.1918,0.8082
4,3.5,left-hand,0.4959,0.5041
4,3.5,left-hand,0.3016,0.6984
4,3.5,right-hand,0.8152,0.1848
4,3.5,right-hand,0.6393,0.3607
4,3.5,left-hand,0.4523,0.5477
4,3.5,right-hand,0.2263,0.7737
4,3.5,right-hand,0.6969,0.3031
4,3.5,right-hand,0.6234,0.3766
4,3.5,left-hand,0.527,0.473
4,3.5,left-hand,0.6096,0.3904
4,3.5,right-hand,0.4517,0.5483
4,3.5,left-hand,0.6624,0.3376
4,3.5,left-hand,0.3332,0.6668
4,3.5,right-hand,0.5739,0.4261
4,3.5,right-hand,0.6519,0.3481
4,3.5,right-hand,0.2981,0.7019
4,3.5,left-hand,0.5798,0.4202
4,3.5,right-hand,0.8593,0.1407
4,3.5,left-hand,0.3598,0.6402
4,3.5,left-hand,0.7048,0.2952
4,3.5,left-hand,0.5016,0.4984
4,3.5,right-hand,0.6669,0.3331
4,3.5,left-hand,0.5013,0.4987
4,3.5,left-hand,0.3347,0.6653
4,3.5,left-hand,0.1983,0.8017
4,3.5,left-hand,0.3281,0.6719
4,3.5,left-hand,0.184,0.816
4,3.5,left-hand,0.3782,0.6218
4,3.5,right-hand,0.2777,0.7223
4,3.5,right-hand,0.584,0.416
4,3.5,right-hand,0.4272,0.5728
4,3.5,left-hand,0.4632,0.5368
4,3.5,left-hand,0.7135,0.2865
4,3.5,right-hand,0.6361,0.3639
4,3.5,right-hand,0.3952,0.6048
4,3.5,left-hand,0.288,0.712
4,3.5,right-hand,0.5228,0.4772
4,3.5,left-hand,0.797,0.203
4,3.5,right-hand,0.1805,0.8195
4,3.5,left-hand,0.6135,0.3865
4,3.5,left-hand,0.6428,0.3572
4,3.5,left-hand,0.5605,0.4395
4,3.5,right-hand,0.3303,0.6697
4,3.5,right-hand,0.2649,0.7351
4,3.5,left-hand,0.4279,0.5721
4,3.5,right-hand,0.5619,0.4381
4,3.5,right-hand,0.3446,0.6554
4,3.5,right-hand,0.345,0.655
4,3.5,left-hand,0.4082,0.5918
4,3.5,left-hand,0.3295,0.6705
4,3.5,right-hand,0.4232,0.5768
4,3.5,left-hand,0.3485,0.6515
4,3.5,right-hand,0.4085,0.5915
4,3.5,right-hand,0.3739,0.6261
4,3.5,right-hand,0.3079,0.6921
4,3.5,left-hand,0.4538,0.5462
4,3.5,right-hand,0.5306,0.4694
4,3.5,left-hand,0.3597,0.6403
4,3.5,left-hand,0.4481,0.5519
4,3.5,left-hand,0.4535,0.5465
4,3.5,right-hand,0.4197,0.5803
4,3.5,left-hand,0.5543,0.4457
4,3.5,right-hand,0.4491,0.5509
4,3.5,right-hand,0.802,0.198
4,3.5,left-hand,0.4544,0.5456
4,3.5,left-hand,0.4175,0.5825
4,3.5,left-hand,0.6522,0.3478
4,3.5,right-hand,0.2291,0.7709
4,3.5,left-hand,0.4659,0.5341
4,3.5,left-hand,0.249,0.751
4,3.5,right-hand,0.3076,0.6924
4,3.5,right-hand,0.4764,0.5236
4,3.5,right-hand,0.2362,0.7638
4,3.5,left-hand,0.8043,0.1957
4,3.5,right-hand,0.821,0.179
4,3.5,right-hand,0.7282,0.2718
4,3.5,right-hand,0.2517,0.7483
4,3.5,left-hand,0.8513,0.1487
4,3.5,right-hand,0.4824,0.5176
4,3.5,left-hand,0.4506,0.5494
4,3.5,right-hand,0.6397,0.3603
4,3.5,right-hand,0.6008,0.3992
4,3.5,left-hand,0.3512,0.6488
4,3.5,right-hand,0.7375,0.2625
4,3.5,left-hand,0.6627,0.3373
4,3.5,right-hand,0.6847,0.3153
4,3.5,right-hand,0.2909,0.7091
4,3.5,left-hand,0.541,0.459
4,3.5,left-hand,0.3095,0.6905
4,3.5,right-hand,0.2511,0.7489
4,3.5,right-hand,0.4926,0.5074
4,3.5,left-hand,0.4569,0.5431
4,3.5,right-hand,0.4057,0.5943
4,3.5,left-hand,0.4071,0.5929
4,3.5,right-hand,0.3844,0.6156
4,3.5,right-hand,0.5791,0.4209
4,3.5,left-hand,0.3573,0.6427
4,3.5,left-hand,0.3935,0.6065
4,3.5,right-hand,0.3256,0.6744
4,3.5,left-hand,0.399,0.601
4,3.5,left-hand,0.5783,0.4217
4,3.5,left-hand,0.2646,0.7354
4,3.5,left-hand,0.4373,0.5627
4,3.5,left-hand,0.1806,0.8194
4,3.5,left-hand,0.581,0.419
4,3.5,right-hand,0.1359,0.8641
4,3.5,right-hand,0.325,0.675
4,3.5,left-hand,0.5836,0.4164
4,3.5,right-hand,0.423,0.577
4,3.5,left-hand,0.6848,0.3152
4,3.5,left-hand,0.5131,0.4869
4,3.5,right-hand,0.5987,0.4013
4,3.5,right-hand,0.303,0.697
4,3.5,right-hand,0.5362,0.4638
4,3.5,left-hand,0.4009,0.5991
4,3.5,left-hand,0.5868,0.4132
4,3.5,left-hand,0.567,0.433
4,3.5,left-hand,0.6779,0.3221
4,3.5,right-hand,0.4541,0.5459
4,3.5,right-hand,0.3756,0.6244
4,3.5,right-hand,0.8443,0.1557
4,3.5,right-hand,0.3832,0.6168
4,3.5,left-hand,0.3165,0.6835
4,3.5,right-hand,0.3969,0.6031
4,3.5,right-hand,0.4147,0.5853
4,3.5,left-hand,0.2697,0.7303
4,3.5,right-hand,0.3661,0.6339
4,3.5,left-hand,0.3582,0.6418
4,3.5,left-hand,0.3165,0.6835
4,3.5,right-hand,0.3469,0.6531
4,3.5,left-hand,0.6062,0.3938
4,3.5,left-hand,0.5609,0.4391
4,3.5,right-hand,0.2904,0.7096
4,3.5,left-hand,0.4371,0.5629
4,3.5,right-hand,0.6549,0.3451
4,3.5,right-hand,0.7364,0.2636
4,3.5,right-hand,0.403,0.597
4,3.5,right-hand,0.4353,0.5647
4,3.5,left-hand,0.6274,0.3726
4,3.5,left-hand,0.559,0.441
4,3.5,right-hand,0.8126,0.1874
5,3.5,right-hand,0.3455,0.6545
5,3.5,left-hand,0.4696,0.5304
5,3.5,left-hand,0.4881,0.5119
5,3.5,right-hand,0.6648,0.3352
5,3.5,right-hand,0.7589,0.2411
5,3.5,right-hand,0.8213,0.1787
5,3.5,left-hand,0.4967,0.5033
5,3.5,left-hand,0.2314,0.7686
5,3.5,right-hand,0.4734,0.5266
5,3.5,left-hand,0.4505,0.5495
5,3.5,right-hand,0.3284,0.6716
5,3.5,right-hand,0.5755,0.4245
5,3.5,right-hand,0.2445,0.7555
5,3.5,left-hand,0.5573,0.4427
5,3.5,left-hand,0.1311,0.8689
5,3.5,right-hand,0.4893,0.5107
5,3.5,right-hand,0.0548,0.9452
5,3.5,right-hand,0.5158,0.4842
5,3.5,left-hand,0.5569,0.4431
5,3.5,left-hand,0.8205,0.1795
5,3.5,right-hand,0.1742,0.8258
5,3.5,left-hand,0.6206,0.3794
5,3.5,left-hand,0.4345,0.5655
5,3.5,left-hand,0.4063,0.5937
5,3.5,right-hand,0.6136,0.3864
5,3.5,left-hand,0.3777,0.6223
5,3.5,left-hand,0.5826,0.4174
5,3.5,left-hand,0.0777,0.9223
5,3.5,right-hand,0.6997,0.3003
5,3.5,right-hand,0.633,0.367
5,3.5,right-hand,0.6965,0.3035
5,3.5,right-hand,0.789,0.211
5,3.5,right-hand,0.6363,0.3637
5,3.5,left-hand,0.8657,0.1343
5,3.5,left-hand,0.2289,0.7711
5,3.5,left-hand,0.2707,0.7293
5,3.5,right-hand,0.4026,0.5974
5,3.5,right-hand,0.2084,0.7916
5,3.5,left-hand,0.424,0.576
5,3.5,right-hand,0.3055,0.6945
5,3.5,left-hand,0.4208,0.5792
5,3.5,right-hand,0.5167,0.4833
5,3.5,right-hand,0.3632,0.6368
5,3.5,left-hand,0.6153,0.3847
5,3.5,left-hand,0.5889,0.4111
5,3.5,left-hand,0.4628,0.5372
5,3.5,left-hand,0.8318,0.1682
5,3.5,left-hand,0.3681,0.6319
5,3.5,right-hand,0.8764,0.1236
5,3.5,left-hand,0.4038,0.5962
5,3.5,left-hand,0.6805,0.3195
5,3.5,right-hand,0.7535,0.2465
5,3.5,right-hand,0.3475,0.6525
5,3.5,left-hand,0.681,0.319
5,3.5,right-hand,0.4307,0.5693
5,3.5,right-hand,0.4969,0.5031
5,3.5,left-hand,0.37,0.63
5,3.5,left-hand,0.4643,0.5357
5,3.5,left-hand,0.1241,0.8759
5,3.5,left-hand,0.4376,0.5624
5,3.5,left-hand,0.4131,0.5869
5,3.5,left-hand,0.6881,0.3119
5,3.5,left-hand,0.5446,0.4554
5,3.5,right-hand,0.2709,0.7291
5,3.5,right-hand,0.3076,0.6924
5,3.5,left-hand,0.3797,0.6203
5,3.5,right-hand,0.4396,0.5604
5,3.5,right-hand,0.1577,0.8423
5,3.5,right-hand,0.5234,0.4766
5,3.5,left-hand,0.6454,0.3546
5,3.5,right-hand,0.5398,0.4602
5,3.5,left-hand,0.626,0.374
5,3.5,right-hand,0.6395,0.3605
5,3.5,right-hand,0.4259,0.5741
5,3.5,right-hand,0.5033,0.4967
5,3.5,right-hand,0.6695,0.3305
5,3.5,left-hand,0.5539,0.4461
5,3.5,left-hand,0.1529,0.8471
5,3.5,left-hand,0.7191,0.2809
5,3.5,left-hand,0.3396,0.6604
5,3.5,left-hand,0.246,0.754
5,3.5,right-hand,0.5574,0.4426
5,3.5,left-hand,0.3198,0.6802
5,3.5,right-hand,0.3404,0.6596
5,3.5,left-hand,0.5816,0.4184
5,3.5,right-hand,0.7211,0.2789
5,3.5,right-hand,0.8396,0.1604
5,3.5,left-hand,0.661,0.339
5,3.5,right-hand,0.5608,0.4392
5,3.5,right-hand,0.2628,0.7372
5,3.5,left-hand,0.6275,0.3725
5,3.5,right-hand,0.1487,0.8513
5,3.5,right-hand,0.307,0.693
5,3.5,left-hand,0.6154,0.3846
5,3.5,left-hand,0.7756,0.2244
5,3.5,left-hand,0.5484,0.4516
5,3.5,right-hand,0.4103,0.5897
5,3.5,right-hand,0.3574,0.6426
5,3.5,right-hand,0.5172,0.4828
5,3.5,right-hand,0.3413,0.6587
5,3.5,right-hand,0.6645,0.3355
5,3.5,left-hand,0.3574,0.6426
5,3.5,right-hand,0.1347,0.8653
5,3.5,left-hand,0.5626,0.4374
5,3.5,left-hand,0.6175,0.3825
5,3.5,left-hand,0.6927,0.3073
5,3.5,left-hand,0.3323,0.6677
5,3.5,left-hand,0.3266,0.6734
5,3.5,right-hand,0.5096,0.4904
5,3.5,right-hand,0.4793,0.5207
5,3.5,left-hand,0.4546,0.5454
5,3.5,left-hand,0.3599,0.6401
5,3.5,left-hand,0.7295,0.2705
5,3.5,right-hand,0.3422,0.6578
5,3.5,right-hand,0.4999,0.5001
5,3.5,right-hand,0.5962,0.4038
5,3.5,right-hand,0.3728,0.6272
5,3.5,right-hand,0.5882,0.4118
5,3.5,right-hand,0.7784,0.2216
5,3.5,left-hand,0.6089,0.3911
5,3.5,left-hand,0.4534,0.5466
5,3.5,left-hand,0.5815,0.4185
5,3.5,right-hand,0.2547,0.7453
5,3.5,left-hand,0.4923,0.5077
5,3.5,right-hand,0.4525,0.5475
5,3.5,left-hand,0.2374,0.7626
5,3.5,right-hand,0.3677,0.6323
5,3.5,right-hand,0.6172,0.3828
5,3.5,left-hand,0.26,0.74
5,3.5,right-hand,0.6672,0.3328
5,3.5,left-hand,0.4783,0.5217
5,3.5,right-hand,0.0681,0.9319
5,3.5,right-hand,0.5882,0.4118
5,3.5,left-hand,0.5445,0.4555
5,3.5,left-hand,0.3213,0.6787
5,3.5,left-hand,0.1554,0.8446
5,3.5,right-hand,0.65,0.35
5,3.5,right-hand,0.4595,0.5405
5,3.5,right-hand,0.3779,0.6221
5,3.5,left-hand,0.3305,0.6695
5,3.5,right-hand,0.5864,0.4136
5,3.5,left-hand,0.3412,0.6588
5,3.5,left-hand,0.597,0.403
5,3.5,right-hand,0.423,0.577
