fold,tmin,true_label,left-hand,right-hand
1,3.5,left-hand,0.8403,0.1597
1,3.5,left-hand,0.6185,0.3815
1,3.5,left-hand,0.5735,0.4265
1,3.5,right-hand,0.0158,0.9842
1,3.5,left-hand,0.9021,0.0979
1,3.5,left-hand,0.8801,0.1199
1,3.5,right-hand,0.6925,0.3075
1,3.5,left-hand,0.7812,0.2188
1,3.5,right-hand,0.5044,0.4956
1,3.5,left-hand,0.5849,0.4151
1,3.5,left-hand,0.8629,0.1371
1,3.5,right-hand,0.3581,0.6419
1,3.5,left-hand,0.9063,0.0937
1,3.5,left-hand,0.9501,0.0499
1,3.5,right-hand,0.34,0.66
1,3.5,right-hand,0.3504,0.6496
1,3.5,right-hand,0.7224,0.2776
1,3.5,left-hand,0.6902,0.3098
1,3.5,right-hand,0.2407,0.7593
1,3.5,left-hand,0.5406,0.4594
1,3.5,right-hand,0.2929,0.7071
1,3.5,left-hand,0.0665,0.9335
1,3.5,right-hand,0.6845,0.3155
1,3.5,left-hand,0.4807,0.5193
1,3.5,left-hand,0.3997,0.6003
1,3.5,left-hand,0.1486,0.8514
1,3.5,left-hand,0.8271,0.1729
1,3.5,right-hand,0.2841,0.7159
1,3.5,left-hand,0.9153,0.0847
1,3.5,left-hand,0.8688,0.1312
1,3.5,right-hand,0.5495,0.4505
1,3.5,right-hand,0.3032,0.6968
1,3.5,right-hand,0.6609,0.3391
1,3.5,right-hand,0.2739,0.7261
1,3.5,left-hand,0.7931,0.2069
1,3.5,left-hand,0.9821,0.0179
1,3.5,left-hand,0.8668,0.1332
1,3.5,right-hand,0.3281,0.6719
1,3.5,right-hand,0.3738,0.6262
1,3.5,left-hand,0.9088,0.0912
1,3.5,right-hand,0.0362,0.9638
1,3.5,right-hand,0.4963,0.5037
1,3.5,right-hand,0.6167,0.3833
1,3.5,left-hand,0.7782,0.2218
1,3.5,left-hand,0.8666,0.1334
1,3.5,right-hand,0.5233,0.4767
1,3.5,right-hand,0.2561,0.7439
1,3.5,right-hand,0.2077,0.7923
1,3.5,right-hand,0.1186,0.8814
1,3.5,left-hand,0.7227,0.2773
1,3.5,left-hand,0.8476,0.1524
1,3.5,right-hand,0.4775,0.5225
1,3.5,right-hand,0.288,0.712
1,3.5,left-hand,0.7464,0.2536
1,3.5,right-hand,0.2351,0.7649
1,3.5,left-hand,0.4511,0.5489
1,3.5,left-hand,0.5359,0.4641
1,3.5,right-hand,0.0969,0.9031
1,3.5,left-hand,0.7068,0.2932
1,3.5,right-hand,0.244,0.756
1,3.5,right-hand,0.3524,0.6476
1,3.5,left-hand,0.7981,0.2019
1,3.5,right-hand,0.3289,0.6711
1,3.5,left-hand,0.257,0.743
1,3.5,right-hand,0.1563,0.8437
1,3.5,right-hand,0.333,0.667
1,3.5,left-hand,0.6798,0.3202
1,3.5,left-hand,0.7426,0.2574
1,3.5,left-hand,0.4851,0.5149
1,3.5,left-hand,0.8678,0.1322
1,3.5,right-hand,0.2848,0.7152
1,3.5,right-hand,0.0815,0.9185
1,3.5,right-hand,0.0828,0.9172
1,3.5,right-hand,0.5278,0.4722
1,3.5,right-hand,0.1411,0.8589
1,3.5,left-hand,0.8667,0.1333
1,3.5,right-hand,0.1224,0.8776
1,3.5,left-hand,0.8264,0.1736
1,3.5,right-hand,0.2504,0.7496
1,3.5,right-hand,0.019,0.981
1,3.5,right-hand,0.3185,0.6815
1,3.5,right-hand,0.5838,0.4162
1,3.5,right-hand,0.0775,0.9225
1,3.5,left-hand,0.7076,0.2924
1,3.5,left-hand,0.9122,0.0878
1,3.5,left-hand,0.7686,0.2314
1,3.5,right-hand,0.0359,0.9641
1,3.5,left-hand,0.7148,0.2852
1,3.5,left-hand,0.6112,0.3888
1,3.5,left-hand,0.9186,0.0814
1,3.5,left-hand,0.8195,0.1805
1,3.5,left-hand,0.0,1.0
1,3.5,left-hand,0.5896,0.4104
1,3.5,right-hand,0.0006,0.9994
1,3.5,right-hand,0.0169,0.9831
1,3.5,left-hand,0.8179,0.1821
1,3.5,right-hand,0.0233,0.9767
1,3.5,right-hand,0.0887,0.9113
1,3.5,right-hand,0.0961,0.9039
1,3.5,right-hand,0.1727,0.8273
1,3.5,right-hand,0.0092,0.9908
1,3.5,left-hand,0.9109,0.0891
1,3.5,right-hand,0.0374,0.9626
1,3.5,right-hand,0.2759,0.7241
1,3.5,right-hand,0.2354,0.7646
1,3.5,right-hand,0.0369,0.9631
1,3.5,left-hand,0.602,0.398
1,3.5,right-hand,0.0513,0.9487
1,3.5,right-hand,0.1686,0.8314
1,3.5,left-hand,0.6411,0.3589
1,3.5,left-hand,0.6184,0.3816
1,3.5,left-hand,0.5502,0.4498
1,3.5,right-hand,0.0283,0.9717
1,3.5,left-hand,0.7407,0.2593
1,3.5,right-hand,0.0748,0.9252
1,3.5,right-hand,0.0184,0.9816
1,3.5,left-hand,0.686,0.314
1,3.5,left-hand,0.3984,0.6016
1,3.5,left-hand,0.6989,0.3011
1,3.5,left-hand,0.656,0.344
1,3.5,left-hand,0.7821,0.2179
1,3.5,right-hand,0.0271,0.9729
1,3.5,right-hand,0.015,0.985
1,3.5,left-hand,0.7233,0.2767
1,3.5,right-hand,0.005,0.995
1,3.5,left-hand,0.1653,0.8347
1,3.5,left-hand,0.3551,0.6449
1,3.5,left-hand,0.4341,0.5659
1,3.5,left-hand,0.3146,0.6854
1,3.5,left-hand,0.3221,0.6779
1,3.5,left-hand,0.508,0.492
1,3.5,right-hand,0.0583,0.9417
1,3.5,left-hand,0.6648,0.3352
1,3.5,right-hand,0.0139,0.9861
1,3.5,left-hand,0.7099,0.2901
1,3.5,right-hand,0.1101,0.8899
1,3.5,right-hand,0.1011,0.8989
1,3.5,right-hand,0.0358,0.9642
1,3.5,left-hand,0.6009,0.3991
1,3.5,left-hand,0.5627,0.4373
1,3.5,left-hand,0.6465,0.3535
1,3.5,right-hand,0.1088,0.8912
1,3.5,right-hand,0.073,0.927
1,3.5,right-hand,0.3482,0.6518
1,3.5,left-hand,0.2994,0.7006
1,3.5,left-hand,0.5011,0.4989
1,3.5,right-hand,0.0586,0.9414
1,3.5,right-hand,0.0648,0.9352
2,3.5,left-hand,0.7866,0.2134
2,3.5,left-hand,0.8151,0.1849
2,3.5,right-hand,0.5135,0.4865
2,3.5,right-hand,0.1905,0.8095
2,3.5,left-hand,0.8846,0.1154
2,3.5,right-hand,0.3188,0.6812
2,3.5,right-hand,0.6681,0.3319
2,3.5,right-hand,0.6507,0.3493
2,3.5,left-hand,0.66,0.34
2,3.5,right-hand,0.4802,0.5198
2,3.5,right-hand,0.402,0.598
2,3.5,left-hand,0.5355,0.4645
2,3.5,left-hand,0.7411,0.2589
2,3.5,left-hand,0.4822,0.5178
2,3.5,right-hand,0.3371,0.6629
2,3.5,right-hand,0.6271,0.3729
2,3.5,left-hand,0.3229,0.6771
2,3.5,left-hand,0.6863,0.3137
2,3.5,left-hand,0.164,0.836
2,3.5,right-hand,0.3622,0.6378
2,3.5,left-hand,0.6347,0.3653
2,3.5,right-hand,0.7173,0.2827
2,3.5,left-hand,0.6818,0.3182
2,3.5,left-hand,0.261,0.739
2,3.5,left-hand,0.9984,0.0016
2,3.5,left-hand,0.573,0.427
2,3.5,right-hand,0.4969,0.5031
2,3.5,right-hand,0.0688,0.9312
2,3.5,left-hand,0.9678,0.0322
2,3.5,left-hand,0.7641,0.2359
2,3.5,right-hand,0.7262,0.2738
2,3.5,left-hand,0.9089,0.0911
2,3.5,left-hand,0.6094,0.3906
2,3.5,left-hand,0.8979,0.1021
2,3.5,left-hand,0.9142,0.0858
2,3.5,left-hand,0.815,0.185
2,3.5,right-hand,0.3948,0.6052
2,3.5,left-hand,0.7386,0.2614
2,3.5,right-hand,0.3836,0.6164
2,3.5,right-hand,0.5644,0.4356
2,3.5,left-hand,0.0,1.0
2,3.5,right-hand,0.1152,0.8848
2,3.5,right-hand,0.1714,0.8286
2,3.5,left-hand,0.787,0.213
2,3.5,right-hand,0.2217,0.7783
2,3.5,left-hand,0.8697,0.1303
2,3.5,right-hand,0.095,0.905
2,3.5,left-hand,0.7137,0.2863
2,3.5,left-hand,0.5036,0.4964
2,3.5,left-hand,0.2908,0.7092
2,3.5,right-hand,0.2615,0.7385
2,3.5,right-hand,0.3498,0.6502
2,3.5,left-hand,0.424,0.576
2,3.5,right-hand,0.5663,0.4337
2,3.5,left-hand,0.8383,0.1617
2,3.5,left-hand,0.7549,0.2451
2,3.5,right-hand,0.1391,0.8609
2,3.5,left-hand,0.7234,0.2766
2,3.5,left-hand,0.3984,0.6016
2,3.5,left-hand,0.4927,0.5073
2,3.5,left-hand,0.5404,0.4596
2,3.5,right-hand,0.4798,0.5202
2,3.5,right-hand,0.0495,0.9505
2,3.5,left-hand,0.6598,0.3402
2,3.5,right-hand,0.1989,0.8011
2,3.5,left-hand,0.8885,0.1115
2,3.5,left-hand,0.5953,0.4047
2,3.5,left-hand,0.8797,0.1203
2,3.5,right-hand,0.0469,0.9531
2,3.5,left-hand,0.8995,0.1005
2,3.5,right-hand,0.0005,0.9995
2,3.5,right-hand,0.0068,0.9932
2,3.5,right-hand,0.0628,0.9372
2,3.5,left-hand,0.673,0.327
2,3.5,right-hand,0.1108,0.8892
2,3.5,left-hand,0.6167,0.3833
2,3.5,left-hand,0.7449,0.2551
2,3.5,right-hand,0.1313,0.8687
2,3.5,right-hand,0.1566,0.8434
2,3.5,right-hand,0.1981,0.8019
2,3.5,left-hand,0.7135,0.2865
2,3.5,left-hand,0.6834,0.3166
2,3.5,left-hand,0.8084,0.1916
2,3.5,right-hand,0.1725,0.8275
2,3.5,left-hand,0.6323,0.3677
2,3.5,left-hand,0.6371,0.3629
2,3.5,left-hand,0.5007,0.4993
2,3.5,left-hand,0.3062,0.6938
2,3.5,right-hand,0.0856,0.9144
2,3.5,left-hand,0.5429,0.4571
2,3.5,right-hand,0.0118,0.9882
2,3.5,right-hand,0.0108,0.9892
2,3.5,right-hand,0.0119,0.9881
2,3.5,right-hand,0.0065,0.9935
2,3.5,left-hand,0.6635,0.3365
2,3.5,right-hand,0.5409,0.4591
2,3.5,right-hand,0.2247,0.7753
2,3.5,right-hand,0.0069,0.9931
2,3.5,right-hand,0.0071,0.9929
2,3.5,left-hand,0.8588,0.1412
2,3.5,left-hand,0.2151,0.7849
2,3.5,right-hand,0.0396,0.9604
2,3.5,right-hand,0.0723,0.9277
2,3.5,right-hand,0.0095,0.9905
2,3.5,left-hand,0.6334,0.3666
2,3.5,left-hand,0.172,0.828
2,3.5,left-hand,0.8657,0.1343
2,3.5,left-hand,0.6187,0.3813
2,3.5,left-hand,0.6266,0.3734
2,3.5,right-hand,0.1803,0.8197
2,3.5,left-hand,0.4724,0.5276
2,3.5,right-hand,0.0492,0.9508
2,3.5,left-hand,0.6206,0.3794
2,3.5,left-hand,0.6544,0.3456
2,3.5,right-hand,0.0526,0.9474
2,3.5,right-hand,0.0426,0.9574
2,3.5,right-hand,0.0359,0.9641
2,3.5,right-hand,0.0746,0.9254
2,3.5,right-hand,0.2252,0.7748
2,3.5,right-hand,0.1936,0.8064
2,3.5,right-hand,0.0782,0.9218
2,3.5,right-hand,0.0113,0.9887
2,3.5,right-hand,0.1013,0.8987
2,3.5,left-hand,0.4062,0.5938
2,3.5,right-hand,0.2377,0.7623
2,3.5,left-hand,0.5227,0.4773
2,3.5,right-hand,0.0408,0.9592
2,3.5,right-hand,0.0531,0.9469
2,3.5,left-hand,0.5706,0.4294
2,3.5,right-hand,0.0369,0.9631
2,3.5,right-hand,0.2939,0.7061
2,3.5,right-hand,0.1785,0.8215
2,3.5,left-hand,0.692,0.308
2,3.5,right-hand,0.0904,0.9096
2,3.5,left-hand,0.3489,0.6511
2,3.5,right-hand,0.0657,0.9343
2,3.5,right-hand,0.0159,0.9841
2,3.5,right-hand,0.1127,0.8873
2,3.5,right-hand,0.0904,0.9096
2,3.5,left-hand,0.4355,0.5645
2,3.5,left-hand,0.3318,0.6682
2,3.5,left-hand,0.3125,0.6875
2,3.5,left-hand,0.6251,0.3749
2,3.5,right-hand,0.011,0.989
2,3.5,right-hand,0.0449,0.9551
2,3.5,right-hand,0.0958,0.9042
2,3.5,left-hand,0.136,0.864
2,3.5,left-hand,0.6409,0.3591
3,3.5,right-hand,0.4315,0.5685
3,3.5,right-hand,0.4424,0.5576
3,3.5,left-hand,0.9314,0.0686
3,3.5,left-hand,0.8632,0.1368
3,3.5,right-hand,0.5765,0.4235
3,3.5,left-hand,0.6469,0.3531
3,3.5,right-hand,0.4636,0.5364
3,3.5,left-hand,0.8634,0.1366
3,3.5,left-hand,0.8272,0.1728
3,3.5,right-hand,0.2495,0.7505
3,3.5,right-hand,0.2175,0.7825
3,3.5,left-hand,0.822,0.178
3,3.5,left-hand,0.0785,0.9215
3,3.5,right-hand,0.5951,0.4049
3,3.5,left-hand,0.7563,0.2437
3,3.5,right-hand,0.7099,0.2901
3,3.5,left-hand,0.5426,0.4574
3,3.5,right-hand,0.0,1.0
3,3.5,right-hand,0.2664,0.7336
3,3.5,right-hand,0.047,0.953
3,3.5,right-hand,0.409,0.591
3,3.5,right-hand,0.0443,0.9557
3,3.5,right-hand,0.4019,0.5981
3,3.5,right-hand,0.5361,0.4639
3,3.5,left-hand,0.5985,0.4015
3,3.5,left-hand,0.9903,0.0097
3,3.5,right-hand,0.2116,0.7884
3,3.5,left-hand,0.9402,0.0598
3,3.5,left-hand,0.8263,0.1737
3,3.5,right-hand,0.4033,0.5967
3,3.5,right-hand,0.5563,0.4437
3,3.5,left-hand,0.8934,0.1066
3,3.5,left-hand,0.9371,0.0629
3,3.5,right-hand,0.5672,0.4328
3,3.5,right-hand,0.1233,0.8767
3,3.5,left-hand,0.9311,0.0689
3,3.5,right-hand,0.5315,0.4685
3,3.5,left-hand,0.7628,0.2372
3,3.5,right-hand,0.4155,0.5845
3,3.5,right-hand,0.4742,0.5258
3,3.5,left-hand,0.7867,0.2133
3,3.5,left-hand,0.3467,0.6533
3,3.5,right-hand,0.3214,0.6786
3,3.5,left-hand,0.916,0.084
3,3.5,right-hand,0.0114,0.9886
3,3.5,left-hand,0.8124,0.1876
3,3.5,left-hand,0.9171,0.0829
3,3.5,left-hand,0.5135,0.4865
3,3.5,right-hand,0.4222,0.5778
3,3.5,left-hand,0.8872,0.1128
3,3.5,right-hand,0.2036,0.7964
3,3.5,left-hand,0.9053,0.0947
3,3.5,right-hand,0.7485,0.2515
3,3.5,right-hand,0.0939,0.9061
3,3.5,right-hand,0.3163,0.6837
3,3.5,left-hand,0.7002,0.2998
3,3.5,left-hand,0.8895,0.1105
3,3.5,right-hand,0.1122,0.8878
3,3.5,right-hand,0.083,0.917
3,3.5,left-hand,0.8275,0.1725
3,3.5,right-hand,0.0443,0.9557
3,3.5,right-hand,0.064,0.936
3,3.5,left-hand,0.6139,0.3861
3,3.5,left-hand,0.733,0.267
3,3.5,right-hand,0.0955,0.9045
3,3.5,left-hand,0.8653,0.1347
3,3.5,left-hand,0.8845,0.1155
3,3.5,right-hand,0.2071,0.7929
3,3.5,right-hand,0.2044,0.7956
3,3.5,left-hand,0.7717,0.2283
3,3.5,left-hand,0.8082,0.1918
3,3.5,right-hand,0.2703,0.7297
3,3.5,right-hand,0.0884,0.9116
3,3.5,right-hand,0.053,0.947
3,3.5,left-hand,0.6458,0.3542
3,3.5,left-hand,0.8324,0.1676
3,3.5,left-hand,0.6826,0.3174
3,3.5,right-hand,0.1197,0.8803
3,3.5,left-hand,0.5837,0.4163
3,3.5,left-hand,0.7989,0.2011
3,3.5,left-hand,0.7634,0.2366
3,3.5,right-hand,0.2935,0.7065
3,3.5,right-hand,0.0008,0.9992
3,3.5,right-hand,0.0308,0.9692
3,3.5,right-hand,0.0994,0.9006
3,3.5,right-hand,0.0938,0.9062
3,3.5,left-hand,0.6816,0.3184
3,3.5,right-hand,0.4703,0.5297
3,3.5,left-hand,0.8012,0.1988
3,3.5,right-hand,0.0948,0.9052
3,3.5,right-hand,0.1459,0.8541
3,3.5,left-hand,0.9098,0.0902
3,3.5,left-hand,0.5513,0.4487
3,3.5,left-hand,0.6499,0.3501
3,3.5,left-hand,0.632,0.368
3,3.5,left-hand,0.8735,0.1265
3,3.5,left-hand,0.4466,0.5534
3,3.5,right-hand,0.0079,0.9921
3,3.5,right-hand,0.162,0.838
3,3.5,left-hand,0.8104,0.1896
3,3.5,right-hand,0.0717,0.9283
3,3.5,right-hand,0.0392,0.9608
3,3.5,right-hand,0.0056,0.9944
3,3.5,right-hand,0.0802,0.9198
3,3.5,right-hand,0.153,0.847
3,3.5,left-hand,0.7807,0.2193
3,3.5,left-hand,0.658,0.342
3,3.5,left-hand,0.8594,0.1406
3,3.5,left-hand,0.486,0.514
3,3.5,right-hand,0.1705,0.8295
3,3.5,left-hand,0.7753,0.2247
3,3.5,right-hand,0.1855,0.8145
3,3.5,right-hand,0.0357,0.9643
3,3.5,left-hand,0.7569,0.2431
3,3.5,right-hand,0.0057,0.9943
3,3.5,right-hand,0.0031,0.9969
3,3.5,right-hand,0.1358,0.8642
3,3.5,left-hand,0.5968,0.4032
3,3.5,right-hand,0.0607,0.9393
3,3.5,left-hand,0.3739,0.6261
3,3.5,left-hand,0.2168,0.7832
3,3.5,right-hand,0.0867,0.9133
3,3.5,left-hand,0.1104,0.8896
3,3.5,left-hand,0.3759,0.6241
3,3.5,left-hand,0.5102,0.4898
3,3.5,left-hand,0.2495,0.7505
3,3.5,left-hand,0.7532,0.2468
3,3.5,right-hand,0.0811,0.9189
3,3.5,left-hand,0.1871,0.8129
3,3.5,right-hand,0.0142,0.9858
3,3.5,left-hand,0.6539,0.3461
3,3.5,left-hand,0.4543,0.5457
3,3.5,left-hand,0.3121,0.6879
3,3.5,left-hand,0.4481,0.5519
3,3.5,right-hand,0.0437,0.9563
3,3.5,right-hand,0.1726,0.8274
3,3.5,left-hand,0.1169,0.8831
3,3.5,left-hand,0.2853,0.7147
3,3.5,right-hand,0.2794,0.7206
3,3.5,right-hand,0.1645,0.8355
3,3.5,right-hand,0.0589,0.9411
3,3.5,left-hand,0.0758,0.9242
3,3.5,left-hand,0.6149,0.3851
3,3.5,right-hand,0.1543,0.8457
3,3.5,right-hand,0.0365,0.9635
3,3.5,left-hand,0.1002,0.8998
3,3.5,left-hand,0.1217,0.8783
3,3.5,right-hand,0.1055,0.8945
4,3.5,right-hand,0.1093,0.8907
4,3.5,right-hand,0.3971,0.6029
4,3.5,left-hand,0.8919,0.1081
4,3.5,left-hand,0.7587,0.2413
4,3.5,left-hand,0.5113,0.4887
4,3.5,right-hand,0.6804,0.3196
4,3.5,left-hand,0.7967,0.2033
4,3.5,right-hand,0.7494,0.2506
4,3.5,left-hand,0.8209,0.1791
4,3.5,left-hand,0.7535,0.2465
4,3.5,left-hand,0.9314,0.0686
4,3.5,right-hand,0.7639,0.2361
4,3.5,right-hand,0.0102,0.9898
4,3.5,left-hand,0.5836,0.4164
4,3.5,right-hand,0.2926,0.7074
4,3.5,left-hand,0.7851,0.2149
4,3.5,right-hand,0.008,0.992
4,3.5,right-hand,0.2274,0.7726
4,3.5,right-hand,0.4927,0.5073
4,3.5,right-hand,0.417,0.583
4,3.5,left-hand,0.5312,0.4688
4,3.5,left-hand,0.9012,0.0988
4,3.5,right-hand,0.7002,0.2998
4,3.5,right-hand,0.3061,0.6939
4,3.5,right-hand,0.2302,0.7698
4,3.5,left-hand,0.409,0.591
4,3.5,left-hand,0.8625,0.1375
4,3.5,right-hand,0.2127,0.7873
4,3.5,left-hand,0.5052,0.4948
4,3.5,right-hand,0.3069,0.6931
4,3.5,right-hand,0.7839,0.2161
4,3.5,right-hand,0.5111,0.4889
4,3.5,left-hand,0.9005,0.0995
4,3.5,left-hand,0.9245,0.0755
4,3.5,left-hand,0.8031,0.1969
4,3.5,right-hand,0.7124,0.2876
4,3.5,left-hand,0.9323,0.0677
4,3.5,left-hand,0.9459,0.0541
4,3.5,right-hand,0.7235,0.2765
4,3.5,right-hand,0.0363,0.9637
4,3.5,left-hand,0.7742,0.2258
4,3.5,right-hand,0.7681,0.2319
4,3.5,right-hand,0.6998,0.3002
4,3.5,left-hand,0.9412,0.0588
4,3.5,right-hand,0.15,0.85
4,3.5,left-hand,0.7535,0.2465
4,3.5,right-hand,0.5718,0.4282
4,3.5,right-hand,0.9254,0.0746
4,3.5,right-hand,0.7427,0.2573
4,3.5,right-hand,0.5697,0.4303
4,3.5,left-hand,0.8827,0.1173
4,3.5,left-hand,0.678,0.322
4,3.5,right-hand,0.5458,0.4542
4,3.5,left-hand,0.6311,0.3689
4,3.5,right-hand,0.3518,0.6482
4,3.5,right-hand,0.1036,0.8964
4,3.5,left-hand,0.8356,0.1644
4,3.5,left-hand,0.7471,0.2529
4,3.5,right-hand,0.2179,0.7821
4,3.5,right-hand,0.067,0.933
4,3.5,left-hand,0.6533,0.3467
4,3.5,right-hand,0.0503,0.9497
4,3.5,right-hand,0.6848,0.3152
4,3.5,right-hand,0.28,0.72
4,3.5,left-hand,0.8315,0.1685
4,3.5,right-hand,0.0788,0.9212
4,3.5,left-hand,0.8839,0.1161
4,3.5,left-hand,0.7034,0.2966
4,3.5,right-hand,0.0007,0.9993
4,3.5,left-hand,0.9232,0.0768
4,3.5,left-hand,0.8584,0.1416
4,3.5,right-hand,0.0689,0.9311
4,3.5,right-hand,0.0721,0.9279
4,3.5,right-hand,0.0479,0.9521
4,3.5,right-hand,0.0501,0.9499
4,3.5,left-hand,0.7841,0.2159
4,3.5,left-hand,0.7186,0.2814
4,3.5,left-hand,0.3317,0.6683
4,3.5,right-hand,0.0519,0.9481
4,3.5,right-hand,0.0877,0.9123
4,3.5,left-hand,0.8349,0.1651
4,3.5,left-hand,0.4536,0.5464
4,3.5,left-hand,0.9262,0.0738
4,3.5,right-hand,0.3671,0.6329
4,3.5,left-hand,0.8601,0.1399
4,3.5,left-hand,0.8843,0.1157
4,3.5,right-hand,0.121,0.879
4,3.5,left-hand,0.8554,0.1446
4,3.5,left-hand,0.8689,0.1311
4,3.5,right-hand,0.0228,0.9772
4,3.5,left-hand,0.8202,0.1798
4,3.5,left-hand,0.6929,0.3071
4,3.5,left-hand,0.448,0.552
4,3.5,right-hand,0.2255,0.7745
4,3.5,left-hand,0.7566,0.2434
4,3.5,right-hand,0.321,0.679
4,3.5,left-hand,0.93,0.07
4,3.5,left-hand,0.8362,0.1638
4,3.5,left-hand,0.7914,0.2086
4,3.5,left-hand,0.7709,0.2291
4,3.5,left-hand,0.6936,0.3064
4,3.5,left-hand,0.7989,0.2011
4,3.5,right-hand,0.0749,0.9251
4,3.5,right-hand,0.1142,0.8858
4,3.5,right-hand,0.0,1.0
4,3.5,right-hand,0.483,0.517
4,3.5,right-hand,0.1431,0.8569
4,3.5,right-hand,0.0627,0.9373
4,3.5,left-hand,0.3527,0.6473
4,3.5,right-hand,0.033,0.967
4,3.5,right-hand,0.1087,0.8913
4,3.5,right-hand,0.1747,0.8253
4,3.5,left-hand,0.6332,0.3668
4,3.5,left-hand,0.7075,0.2925
4,3.5,left-hand,0.6733,0.3267
4,3.5,right-hand,0.0399,0.9601
4,3.5,right-hand,0.0836,0.9164
4,3.5,right-hand,0.0218,0.9782
4,3.5,right-hand,0.5047,0.4953
4,3.5,left-hand,0.3573,0.6427
4,3.5,left-hand,0.3852,0.6148
4,3.5,left-hand,0.1929,0.8071
4,3.5,left-hand,0.2636,0.7364
4,3.5,right-hand,0.0289,0.9711
4,3.5,left-hand,0.2831,0.7169
4,3.5,right-hand,0.1522,0.8478
4,3.5,right-hand,0.0789,0.9211
4,3.5,right-hand,0.1064,0.8936
4,3.5,left-hand,0.1514,0.8486
4,3.5,right-hand,0.3019,0.6981
4,3.5,right-hand,0.555,0.445
4,3.5,right-hand,0.0144,0.9856
4,3.5,left-hand,0.6182,0.3818
4,3.5,left-hand,0.5987,0.4013
4,3.5,left-hand,0.7146,0.2854
4,3.5,right-hand,0.0502,0.9498
4,3.5,left-hand,0.2139,0.7861
4,3.5,left-hand,0.4156,0.5844
4,3.5,right-hand,0.0353,0.9647
4,3.5,right-hand,0.1168,0.8832
4,3.5,left-hand,0.653,0.347
4,3.5,left-hand,0.3639,0.6361
4,3.5,left-hand,0.613,0.387
4,3.5,left-hand,0.6442,0.3558
4,3.5,left-hand,0.043,0.957
4,3.5,right-hand,0.0823,0.9177
4,3.5,right-hand,0.0408,0.9592
4,3.5,left-hand,0.3701,0.6299
5,3.5,left-hand,0.6121,0.3879
5,3.5,right-hand,0.3909,0.6091
5,3.5,left-hand,0.7109,0.2891
5,3.5,right-hand,0.3123,0.6877
5,3.5,left-hand,0.7967,0.2033
5,3.5,right-hand,0.0774,0.9226
5,3.5,right-hand,0.6915,0.3085
5,3.5,right-hand,0.5616,0.4384
5,3.5,left-hand,0.9384,0.0616
5,3.5,right-hand,0.6956,0.3044
5,3.5,right-hand,0.5627,0.4373
5,3.5,right-hand,0.5113,0.4887
5,3.5,left-hand,0.7978,0.2022
5,3.5,right-hand,0.5146,0.4854
5,3.5,right-hand,0.6468,0.3532
5,3.5,left-hand,0.9069,0.0931
5,3.5,right-hand,0.1859,0.8141
5,3.5,right-hand,0.2645,0.7355
5,3.5,left-hand,0.76,0.24
5,3.5,left-hand,0.8431,0.1569
5,3.5,left-hand,0.7329,0.2671
5,3.5,left-hand,0.8052,0.1948
5,3.5,right-hand,0.1517,0.8483
5,3.5,left-hand,0.9997,0.0003
5,3.5,right-hand,0.2076,0.7924
5,3.5,left-hand,0.9349,0.0651
5,3.5,right-hand,0.7916,0.2084
5,3.5,right-hand,0.3068,0.6932
5,3.5,left-hand,0.938,0.062
5,3.5,left-hand,0.8416,0.1584
5,3.5,right-hand,0.1406,0.8594
5,3.5,right-hand,0.0023,0.9977
5,3.5,right-hand,0.4137,0.5863
5,3.5,left-hand,0.7779,0.2221
5,3.5,right-hand,0.7729,0.2271
5,3.5,left-hand,0.8937,0.1063
5,3.5,left-hand,0.6316,0.3684
5,3.5,right-hand,0.6024,0.3976
5,3.5,right-hand,0.4644,0.5356
5,3.5,left-hand,0.9997,0.0003
5,3.5,right-hand,0.3366,0.6634
5,3.5,left-hand,0.6028,0.3972
5,3.5,right-hand,0.1252,0.8748
5,3.5,left-hand,0.9291,0.0709
5,3.5,left-hand,0.7061,0.2939
5,3.5,left-hand,0.7223,0.2777
5,3.5,right-hand,0.4682,0.5318
5,3.5,left-hand,0.8286,0.1714
5,3.5,left-hand,0.928,0.072
5,3.5,left-hand,0.9012,0.0988
5,3.5,left-hand,0.672,0.328
5,3.5,right-hand,0.5887,0.4113
5,3.5,right-hand,0.3009,0.6991
5,3.5,right-hand,0.177,0.823
5,3.5,left-hand,0.5345,0.4655
5,3.5,right-hand,0.6998,0.3002
5,3.5,right-hand,0.3478,0.6522
5,3.5,left-hand,0.7473,0.2527
5,3.5,right-hand,0.3598,0.6402
5,3.5,left-hand,0.8748,0.1252
5,3.5,right-hand,0.4748,0.5252
5,3.5,right-hand,0.0341,0.9659
5,3.5,left-hand,0.8077,0.1923
5,3.5,left-hand,0.1884,0.8116
5,3.5,left-hand,0.7455,0.2545
5,3.5,left-hand,0.5635,0.4365
5,3.5,right-hand,0.1599,0.8401
5,3.5,right-hand,0.0553,0.9447
5,3.5,left-hand,0.6517,0.3483
5,3.5,right-hand,0.0844,0.9156
5,3.5,left-hand,0.8499,0.1501
5,3.5,right-hand,0.0933,0.9067
5,3.5,left-hand,0.8475,0.1525
5,3.5,left-hand,0.863,0.137
5,3.5,right-hand,0.5844,0.4156
5,3.5,right-hand,0.0299,0.9701
5,3.5,left-hand,0.9194,0.0806
5,3.5,left-hand,0.4614,0.5386
5,3.5,left-hand,0.7427,0.2573
5,3.5,right-hand,0.0175,0.9825
5,3.5,left-hand,0.8075,0.1925
5,3.5,left-hand,0.8766,0.1234
5,3.5,right-hand,0.4226,0.5774
5,3.5,right-hand,0.0267,0.9733
5,3.5,left-hand,0.7537,0.2463
5,3.5,right-hand,0.6486,0.3514
5,3.5,right-hand,0.0923,0.9077
5,3.5,left-hand,0.8436,0.1564
5,3.5,left-hand,0.8585,0.1415
5,3.5,right-hand,0.0396,0.9604
5,3.5,right-hand,0.131,0.869
5,3.5,left-hand,0.9248,0.0752
5,3.5,right-hand,0.021,0.979
5,3.5,left-hand,0.9083,0.0917
5,3.5,left-hand,0.0919,0.9081
5,3.5,right-hand,0.0855,0.9145
5,3.5,left-hand,0.7402,0.2598
5,3.5,right-hand,0.0103,0.9897
5,3.5,right-hand,0.0885,0.9115
5,3.5,right-hand,0.0666,0.9334
5,3.5,right-hand,0.2102,0.7898
5,3.5,left-hand,0.9261,0.0739
5,3.5,right-hand,0.2984,0.7016
5,3.5,left-hand,0.9118,0.0882
5,3.5,left-hand,0.5908,0.4092
5,3.5,left-hand,0.7414,0.2586
5,3.5,right-hand,0.4561,0.5439
5,3.5,right-hand,0.0139,0.9861
5,3.5,right-hand,0.0176,0.9824
5,3.5,left-hand,0.5559,0.4441
5,3.5,left-hand,0.7375,0.2625
5,3.5,right-hand,0.0237,0.9763
5,3.5,right-hand,0.0197,0.9803
5,3.5,right-hand,0.2645,0.7355
5,3.5,left-hand,0.3073,0.6927
5,3.5,left-hand,0.572,0.428
5,3.5,left-hand,0.2583,0.7417
5,3.5,left-hand,0.1301,0.8699
5,3.5,left-hand,0.3452,0.6548
5,3.5,left-hand,0.3736,0.6264
5,3.5,left-hand,0.0727,0.9273
5,3.5,right-hand,0.0428,0.9572
5,3.5,right-hand,0.2822,0.7178
5,3.5,right-hand,0.0127,0.9873
5,3.5,right-hand,0.037,0.963
5,3.5,left-hand,0.5377,0.4623
5,3.5,left-hand,0.5666,0.4334
5,3.5,right-hand,0.2425,0.7575
5,3.5,right-hand,0.008,0.992
5,3.5,left-hand,0.4766,0.5234
5,3.5,left-hand,0.3306,0.6694
5,3.5,left-hand,0.4924,0.5076
5,3.5,right-hand,0.0853,0.9147
5,3.5,left-hand,0.3499,0.6501
5,3.5,right-hand,0.0879,0.9121
5,3.5,left-hand,0.2762,0.7238
5,3.5,right-hand,0.2561,0.7439
5,3.5,right-hand,0.0885,0.9115
5,3.5,right-hand,0.0408,0.9592
5,3.5,left-hand,0.6122,0.3878
5,3.5,left-hand,0.238,0.762
5,3.5,right-hand,0.0539,0.9461
5,3.5,left-hand,0.6547,0.3453
5,3.5,left-hand,0.5736,0.4264
5,3.5,right-hand,0.0566,0.9434
5,3.5,right-hand,0.1019,0.8981
5,3.5,right-hand,0.0972,0.9028
5,3.5,left-hand,0.3728,0.6272
