fold,tmin,true_label,left-hand,right-hand
1,2.5,left-hand,0.4738,0.5262
1,2.5,right-hand,0.8889,0.1111
1,2.5,left-hand,0.2971,0.7029
1,2.5,right-hand,0.2833,0.7167
1,2.5,left-hand,0.076,0.924
1,2.5,right-hand,0.2981,0.7019
1,2.5,left-hand,0.1172,0.8828
1,2.5,right-hand,0.0706,0.9294
1,2.5,left-hand,0.624,0.376
1,2.5,left-hand,0.2331,0.7669
1,2.5,left-hand,0.3441,0.6559
1,2.5,right-hand,0.508,0.492
1,2.5,left-hand,0.5742,0.4258
1,2.5,right-hand,0.3819,0.6181
1,2.5,right-hand,0.2383,0.7617
1,2.5,left-hand,0.1765,0.8235
1,2.5,left-hand,0.9982,0.0018
1,2.5,right-hand,0.5305,0.4695
1,2.5,right-hand,0.1396,0.8604
1,2.5,right-hand,0.1661,0.8339
1,2.5,right-hand,0.0009,0.9991
1,2.5,left-hand,0.6116,0.3884
1,2.5,left-hand,0.6184,0.3816
1,2.5,left-hand,0.6092,0.3908
1,2.5,left-hand,0.0,1.0
1,2.5,left-hand,0.2891,0.7109
1,2.5,right-hand,0.0626,0.9374
1,2.5,right-hand,0.2327,0.7673
1,2.5,left-hand,0.0,1.0
1,2.5,left-hand,0.4989,0.5011
1,2.5,right-hand,0.3328,0.6672
1,2.5,right-hand,0.4731,0.5269
1,2.5,right-hand,0.4711,0.5289
1,2.5,right-hand,0.1667,0.8333
1,2.5,left-hand,0.001,0.999
1,2.5,right-hand,0.9549,0.0451
1,2.5,left-hand,0.0816,0.9184
1,2.5,right-hand,0.5251,0.4749
1,2.5,left-hand,0.9985,0.0015
1,2.5,left-hand,0.0988,0.9012
1,2.5,right-hand,0.5973,0.4027
1,2.5,left-hand,0.4962,0.5038
1,2.5,left-hand,0.268,0.732
1,2.5,right-hand,0.3482,0.6518
1,2.5,left-hand,0.0,1.0
1,2.5,left-hand,0.1824,0.8176
1,2.5,right-hand,0.1625,0.8375
1,2.5,right-hand,0.5671,0.4329
1,2.5,right-hand,0.4866,0.5134
1,2.5,left-hand,0.3716,0.6284
1,2.5,right-hand,0.0456,0.9544
1,2.5,right-hand,0.3427,0.6573
1,2.5,left-hand,0.0625,0.9375
1,2.5,right-hand,0.218,0.782
1,2.5,right-hand,0.0145,0.9855
1,2.5,right-hand,0.3412,0.6588
1,2.5,left-hand,0.4708,0.5292
1,2.5,left-hand,0.2716,0.7284
2,2.5,right-hand,0.2961,0.7039
2,2.5,left-hand,0.295,0.705
2,2.5,right-hand,0.2983,0.7017
2,2.5,left-hand,0.0014,0.9986
2,2.5,right-hand,0.3033,0.6967
2,2.5,right-hand,0.4107,0.5893
2,2.5,right-hand,0.0019,0.9981
2,2.5,right-hand,0.2904,0.7096
2,2.5,right-hand,0.2809,0.7191
2,2.5,left-hand,0.3092,0.6908
2,2.5,left-hand,0.0566,0.9434
2,2.5,right-hand,0.4354,0.5646
2,2.5,left-hand,0.0094,0.9906
2,2.5,left-hand,0.4338,0.5662
2,2.5,right-hand,0.1517,0.8483
2,2.5,left-hand,0.217,0.783
2,2.5,left-hand,0.3418,0.6582
2,2.5,right-hand,0.235,0.765
2,2.5,left-hand,0.1589,0.8411
2,2.5,right-hand,0.292,0.708
2,2.5,right-hand,0.3386,0.6614
2,2.5,left-hand,0.2954,0.7046
2,2.5,right-hand,0.0015,0.9985
2,2.5,left-hand,0.9468,0.0532
2,2.5,left-hand,0.2463,0.7537
2,2.5,right-hand,0.2283,0.7717
2,2.5,right-hand,0.3209,0.6791
2,2.5,left-hand,0.0536,0.9464
2,2.5,left-hand,0.2997,0.7003
2,2.5,right-hand,0.0067,0.9933
2,2.5,right-hand,0.2391,0.7609
2,2.5,left-hand,0.1498,0.8502
2,2.5,left-hand,0.0408,0.9592
2,2.5,left-hand,0.2271,0.7729
2,2.5,left-hand,0.2452,0.7548
2,2.5,right-hand,0.2022,0.7978
2,2.5,right-hand,0.2953,0.7047
2,2.5,right-hand,0.1129,0.8871
2,2.5,right-hand,0.0503,0.9497
2,2.5,left-hand,0.2358,0.7642
2,2.5,left-hand,0.9642,0.0358
2,2.5,left-hand,0.0091,0.9909
2,2.5,left-hand,0.1233,0.8767
2,2.5,left-hand,0.254,0.746
2,2.5,right-hand,0.002,0.998
2,2.5,right-hand,0.3327,0.6673
2,2.5,left-hand,0.055,0.945
2,2.5,right-hand,0.0012,0.9988
2,2.5,left-hand,0.2647,0.7353
2,2.5,right-hand,0.1729,0.8271
2,2.5,left-hand,0.1843,0.8157
2,2.5,left-hand,0.2387,0.7613
2,2.5,left-hand,0.2078,0.7922
2,2.5,right-hand,0.2518,0.7482
2,2.5,left-hand,0.3203,0.6797
2,2.5,right-hand,0.228,0.772
2,2.5,right-hand,0.28,0.72
2,2.5,right-hand,0.0032,0.9968
3,2.5,right-hand,0.0107,0.9893
3,2.5,left-hand,0.6571,0.3429
3,2.5,left-hand,0.1113,0.8887
3,2.5,left-hand,0.065,0.935
3,2.5,left-hand,0.0591,0.9409
3,2.5,right-hand,0.2335,0.7665
3,2.5,right-hand,0.372,0.628
3,2.5,left-hand,0.0781,0.9219
3,2.5,right-hand,0.3434,0.6566
3,2.5,left-hand,0.3019,0.6981
3,2.5,left-hand,0.1307,0.8693
3,2.5,right-hand,0.0996,0.9004
3,2.5,right-hand,0.0943,0.9057
3,2.5,right-hand,0.1951,0.8049
3,2.5,right-hand,0.3673,0.6327
3,2.5,left-hand,0.7791,0.2209
3,2.5,left-hand,0.9991,0.0009
3,2.5,right-hand,0.3177,0.6823
3,2.5,left-hand,0.5833,0.4167
3,2.5,right-hand,0.7054,0.2946
3,2.5,left-hand,0.7497,0.2503
3,2.5,right-hand,0.1802,0.8198
3,2.5,right-hand,0.5479,0.4521
3,2.5,left-hand,0.9866,0.0134
3,2.5,left-hand,0.7092,0.2908
3,2.5,right-hand,0.3364,0.6636
3,2.5,left-hand,0.5029,0.4971
3,2.5,right-hand,0.0494,0.9506
3,2.5,right-hand,0.7413,0.2587
3,2.5,left-hand,0.1338,0.8662
3,2.5,left-hand,0.0413,0.9587
3,2.5,left-hand,0.7536,0.2464
3,2.5,right-hand,0.035,0.965
3,2.5,left-hand,0.1947,0.8053
3,2.5,left-hand,0.1603,0.8397
3,2.5,right-hand,0.1432,0.8568
3,2.5,left-hand,0.2496,0.7504
3,2.5,right-hand,0.4918,0.5082
3,2.5,left-hand,0.7174,0.2826
3,2.5,right-hand,0.3425,0.6575
3,2.5,right-hand,0.074,0.926
3,2.5,right-hand,0.5778,0.4222
3,2.5,left-hand,0.2669,0.7331
3,2.5,right-hand,0.4577,0.5423
3,2.5,left-hand,0.4448,0.5552
3,2.5,right-hand,0.4786,0.5214
3,2.5,left-hand,0.1172,0.8828
3,2.5,right-hand,0.1363,0.8637
3,2.5,left-hand,0.0344,0.9656
3,2.5,left-hand,0.5272,0.4728
3,2.5,right-hand,0.5291,0.4709
3,2.5,left-hand,0.0821,0.9179
3,2.5,right-hand,0.04,0.96
3,2.5,right-hand,0.7298,0.2702
3,2.5,right-hand,0.0275,0.9725
3,2.5,right-hand,0.7132,0.2868
3,2.5,left-hand,0.8024,0.1976
3,2.5,left-hand,0.7177,0.2823
4,2.5,left-hand,0.5379,0.4621
4,2.5,right-hand,0.9999,0.0001
4,2.5,right-hand,0.9761,0.0239
4,2.5,left-hand,0.6317,0.3683
4,2.5,left-hand,0.9506,0.0494
4,2.5,right-hand,0.0035,0.9965
4,2.5,left-hand,0.5905,0.4095
4,2.5,right-hand,0.3014,0.6986
4,2.5,left-hand,0.6382,0.3618
4,2.5,right-hand,0.0535,0.9465
4,2.5,left-hand,0.7665,0.2335
4,2.5,right-hand,0.7343,0.2657
4,2.5,left-hand,0.6317,0.3683
4,2.5,left-hand,0.0038,0.9962
4,2.5,left-hand,0.309,0.691
4,2.5,right-hand,0.9999,0.0001
4,2.5,right-hand,0.0231,0.9769
4,2.5,left-hand,0.8945,0.1055
4,2.5,left-hand,0.2019,0.7981
4,2.5,right-hand,0.0013,0.9987
4,2.5,left-hand,0.5536,0.4464
4,2.5,right-hand,0.7307,0.2693
4,2.5,right-hand,1.0,0.0
4,2.5,right-hand,0.543,0.457
4,2.5,right-hand,0.5113,0.4887
4,2.5,left-hand,0.6098,0.3902
4,2.5,right-hand,0.8977,0.1023
4,2.5,left-hand,0.9999,0.0001
4,2.5,right-hand,0.5229,0.4771
4,2.5,left-hand,0.5696,0.4304
4,2.5,left-hand,0.283,0.717
4,2.5,right-hand,0.0003,0.9997
4,2.5,right-hand,0.9715,0.0285
4,2.5,right-hand,0.5508,0.4492
4,2.5,left-hand,0.0062,0.9938
4,2.5,left-hand,0.3832,0.6168
4,2.5,right-hand,0.8579,0.1421
4,2.5,left-hand,0.3318,0.6682
4,2.5,right-hand,0.396,0.604
4,2.5,right-hand,0.7627,0.2373
4,2.5,right-hand,0.8214,0.1786
4,2.5,right-hand,0.0302,0.9698
4,2.5,left-hand,0.6249,0.3751
4,2.5,left-hand,0.6036,0.3964
4,2.5,right-hand,0.8017,0.1983
4,2.5,left-hand,0.3504,0.6496
4,2.5,right-hand,0.3501,0.6499
4,2.5,left-hand,0.0566,0.9434
4,2.5,left-hand,0.3573,0.6427
4,2.5,left-hand,0.7623,0.2377
4,2.5,left-hand,0.6761,0.3239
4,2.5,right-hand,0.7064,0.2936
4,2.5,right-hand,0.5554,0.4446
4,2.5,right-hand,0.4726,0.5274
4,2.5,left-hand,0.5717,0.4283
4,2.5,left-hand,0.4506,0.5494
4,2.5,left-hand,0.9191,0.0809
5,2.5,left-hand,0.463,0.537
5,2.5,right-hand,0.4515,0.5485
5,2.5,right-hand,0.1769,0.8231
5,2.5,right-hand,0.6539,0.3461
5,2.5,left-hand,0.8439,0.1561
5,2.5,left-hand,0.9798,0.0202
5,2.5,left-hand,0.5537,0.4463
5,2.5,left-hand,0.7495,0.2505
5,2.5,left-hand,0.7151,0.2849
5,2.5,right-hand,0.5804,0.4196
5,2.5,right-hand,0.6654,0.3346
5,2.5,right-hand,0.7687,0.2313
5,2.5,left-hand,0.8304,0.1696
5,2.5,right-hand,0.3936,0.6064
5,2.5,left-hand,0.4704,0.5296
5,2.5,right-hand,0.7062,0.2938
5,2.5,right-hand,0.4812,0.5188
5,2.5,right-hand,0.6763,0.3237
5,2.5,right-hand,0.5931,0.4069
5,2.5,right-hand,0.6837,0.3163
5,2.5,left-hand,0.9994,0.0006
5,2.5,right-hand,0.9986,0.0014
5,2.5,right-hand,0.7207,0.2793
5,2.5,left-hand,0.6987,0.3013
5,2.5,left-hand,0.2902,0.7098
5,2.5,left-hand,0.7103,0.2897
5,2.5,left-hand,0.5919,0.4081
5,2.5,left-hand,1.0,0.0
5,2.5,right-hand,0.6692,0.3308
5,2.5,left-hand,0.9942,0.0058
5,2.5,right-hand,0.6968,0.3032
5,2.5,right-hand,0.5115,0.4885
5,2.5,left-hand,0.3713,0.6287
5,2.5,left-hand,0.3693,0.6307
5,2.5,left-hand,0.6614,0.3386
5,2.5,right-hand,0.587,0.413
5,2.5,left-hand,0.7078,0.2922
5,2.5,right-hand,0.8237,0.1763
5,2.5,right-hand,0.9882,0.0118
5,2.5,left-hand,0.7824,0.2176
5,2.5,right-hand,0.7013,0.2987
5,2.5,right-hand,1.0,0.0
5,2.5,left-hand,0.4769,0.5231
5,2.5,right-hand,0.702,0.298
5,2.5,right-hand,0.687,0.313
5,2.5,left-hand,0.637,0.363
5,2.5,left-hand,0.273,0.727
5,2.5,left-hand,0.9998,0.0002
5,2.5,left-hand,0.8786,0.1214
5,2.5,right-hand,0.8196,0.1804
5,2.5,right-hand,0.4453,0.5547
5,2.5,left-hand,0.47,0.53
5,2.5,right-hand,0.9268,0.0732
5,2.5,right-hand,0.7335,0.2665
5,2.5,left-hand,0.582,0.418
5,2.5,left-hand,0.8394,0.1606
5,2.5,right-hand,0.6187,0.3813
