fold,tmin,true_label,left-hand,right-hand
1,3.5,right-hand,0.3572,0.6428
1,3.5,right-hand,0.8847,0.1153
1,3.5,left-hand,0.748,0.252
1,3.5,right-hand,0.522,0.478
1,3.5,right-hand,0.1476,0.8524
1,3.5,left-hand,0.0125,0.9875
1,3.5,right-hand,0.643,0.357
1,3.5,right-hand,0.3751,0.6249
1,3.5,left-hand,0.2461,0.7539
1,3.5,right-hand,0.7863,0.2137
1,3.5,right-hand,0.3763,0.6237
1,3.5,right-hand,0.9524,0.0476
1,3.5,left-hand,0.6865,0.3135
1,3.5,right-hand,0.6786,0.3214
1,3.5,right-hand,0.3532,0.6468
1,3.5,right-hand,0.2876,0.7124
1,3.5,left-hand,0.4095,0.5905
1,3.5,right-hand,0.8007,0.1993
1,3.5,left-hand,0.9458,0.0542
1,3.5,right-hand,0.6475,0.3525
1,3.5,left-hand,0.4013,0.5987
1,3.5,left-hand,0.7606,0.2394
1,3.5,right-hand,0.5239,0.4761
1,3.5,left-hand,0.9215,0.0785
1,3.5,left-hand,0.9004,0.0996
1,3.5,right-hand,0.404,0.596
1,3.5,left-hand,0.9469,0.0531
1,3.5,right-hand,0.5148,0.4852
1,3.5,left-hand,0.6339,0.3661
1,3.5,right-hand,0.5945,0.4055
1,3.5,right-hand,0.6025,0.3975
1,3.5,right-hand,0.5036,0.4964
1,3.5,left-hand,0.5321,0.4679
1,3.5,right-hand,0.5467,0.4533
1,3.5,left-hand,0.7741,0.2259
1,3.5,left-hand,0.8435,0.1565
1,3.5,left-hand,0.2518,0.7482
1,3.5,left-hand,0.8406,0.1594
1,3.5,left-hand,0.6667,0.3333
1,3.5,right-hand,0.8886,0.1114
1,3.5,left-hand,0.9849,0.0151
1,3.5,right-hand,0.1457,0.8543
1,3.5,right-hand,0.523,0.477
1,3.5,right-hand,0.9182,0.0818
1,3.5,left-hand,0.2178,0.7822
1,3.5,left-hand,0.7686,0.2314
1,3.5,right-hand,0.6287,0.3713
1,3.5,left-hand,0.5001,0.4999
1,3.5,left-hand,0.8086,0.1914
1,3.5,right-hand,0.0176,0.9824
1,3.5,left-hand,0.2707,0.7293
1,3.5,left-hand,0.2959,0.7041
1,3.5,left-hand,0.1471,0.8529
1,3.5,right-hand,0.2438,0.7562
1,3.5,left-hand,0.3442,0.6558
1,3.5,left-hand,0.2709,0.7291
1,3.5,right-hand,0.2869,0.7131
1,3.5,left-hand,0.6776,0.3224
1,3.5,right-hand,0.9322,0.0678
1,3.5,left-hand,0.6081,0.3919
1,3.5,left-hand,0.8069,0.1931
1,3.5,right-hand,0.9847,0.0153
1,3.5,right-hand,0.1635,0.8365
1,3.5,right-hand,0.0314,0.9686
1,3.5,left-hand,0.5907,0.4093
1,3.5,left-hand,0.9599,0.0401
1,3.5,left-hand,0.654,0.346
1,3.5,right-hand,0.0089,0.9911
1,3.5,left-hand,0.8583,0.1417
1,3.5,left-hand,0.0359,0.9641
1,3.5,left-hand,0.5497,0.4503
1,3.5,right-hand,0.3743,0.6257
1,3.5,right-hand,0.0205,0.9795
1,3.5,right-hand,0.0621,0.9379
1,3.5,right-hand,0.4874,0.5126
1,3.5,left-hand,0.764,0.236
1,3.5,left-hand,0.8652,0.1348
1,3.5,left-hand,0.038,0.962
1,3.5,left-hand,0.3209,0.6791
1,3.5,right-hand,0.001,0.999
1,3.5,right-hand,0.008,0.992
1,3.5,left-hand,0.8518,0.1482
1,3.5,left-hand,0.9571,0.0429
1,3.5,left-hand,0.8843,0.1157
1,3.5,left-hand,0.8404,0.1596
1,3.5,left-hand,0.2365,0.7635
1,3.5,right-hand,0.007,0.993
1,3.5,left-hand,0.6912,0.3088
1,3.5,left-hand,0.0222,0.9778
1,3.5,right-hand,0.1939,0.8061
1,3.5,left-hand,0.3817,0.6183
1,3.5,left-hand,0.9878,0.0122
1,3.5,right-hand,0.6496,0.3504
1,3.5,right-hand,0.0773,0.9227
1,3.5,left-hand,0.9445,0.0555
1,3.5,right-hand,0.1502,0.8498
1,3.5,right-hand,0.1433,0.8567
1,3.5,left-hand,0.4308,0.5692
1,3.5,right-hand,0.0089,0.9911
1,3.5,right-hand,0.364,0.636
1,3.5,right-hand,0.0018,0.9982
1,3.5,right-hand,0.2054,0.7946
1,3.5,left-hand,0.9006,0.0994
1,3.5,right-hand,0.0565,0.9435
1,3.5,left-hand,0.7285,0.2715
1,3.5,right-hand,0.4062,0.5938
1,3.5,left-hand,0.959,0.041
1,3.5,right-hand,0.2232,0.7768
1,3.5,left-hand,0.6264,0.3736
1,3.5,left-hand,0.9733,0.0267
1,3.5,left-hand,0.2966,0.7034
1,3.5,left-hand,0.8757,0.1243
1,3.5,right-hand,0.0131,0.9869
1,3.5,right-hand,0.0369,0.9631
1,3.5,right-hand,0.0294,0.9706
1,3.5,left-hand,0.9706,0.0294
1,3.5,left-hand,0.0089,0.9911
1,3.5,right-hand,0.7585,0.2415
1,3.5,left-hand,0.3694,0.6306
1,3.5,left-hand,0.4015,0.5985
1,3.5,right-hand,0.5813,0.4187
1,3.5,right-hand,0.0781,0.9219
1,3.5,right-hand,0.7248,0.2752
1,3.5,right-hand,0.0089,0.9911
1,3.5,left-hand,0.7396,0.2604
1,3.5,right-hand,0.2341,0.7659
1,3.5,left-hand,0.991,0.009
1,3.5,left-hand,0.8988,0.1012
1,3.5,right-hand,0.0018,0.9982
1,3.5,left-hand,0.9531,0.0469
1,3.5,right-hand,0.0019,0.9981
1,3.5,right-hand,0.0166,0.9834
1,3.5,right-hand,0.0101,0.9899
1,3.5,left-hand,0.5944,0.4056
1,3.5,right-hand,0.1538,0.8462
1,3.5,right-hand,0.0061,0.9939
1,3.5,right-hand,0.0002,0.9998
1,3.5,right-hand,0.0657,0.9343
1,3.5,right-hand,0.1156,0.8844
1,3.5,left-hand,0.6856,0.3144
1,3.5,right-hand,0.2161,0.7839
1,3.5,right-hand,0.0008,0.9992
1,3.5,left-hand,0.9774,0.0226
1,3.5,right-hand,0.042,0.958
1,3.5,left-hand,0.7393,0.2607
1,3.5,left-hand,0.8818,0.1182
1,3.5,left-hand,0.8799,0.1201
1,3.5,left-hand,0.7312,0.2688
1,3.5,left-hand,0.7958,0.2042
1,3.5,left-hand,0.7405,0.2595
1,3.5,right-hand,0.0084,0.9916
1,3.5,right-hand,0.6591,0.3409
2,3.5,left-hand,0.8885,0.1115
2,3.5,left-hand,0.3922,0.6078
2,3.5,left-hand,0.4121,0.5879
2,3.5,right-hand,0.1326,0.8674
2,3.5,right-hand,0.8229,0.1771
2,3.5,left-hand,0.9758,0.0242
2,3.5,left-hand,0.8811,0.1189
2,3.5,right-hand,0.5038,0.4962
2,3.5,left-hand,0.7985,0.2015
2,3.5,right-hand,0.1079,0.8921
2,3.5,right-hand,0.6359,0.3641
2,3.5,right-hand,0.7251,0.2749
2,3.5,right-hand,0.3186,0.6814
2,3.5,left-hand,0.8149,0.1851
2,3.5,right-hand,0.0042,0.9958
2,3.5,left-hand,0.9161,0.0839
2,3.5,left-hand,0.8632,0.1368
2,3.5,right-hand,0.776,0.224
2,3.5,left-hand,0.887,0.113
2,3.5,left-hand,0.8696,0.1304
2,3.5,left-hand,0.1021,0.8979
2,3.5,right-hand,0.9211,0.0789
2,3.5,left-hand,0.1076,0.8924
2,3.5,left-hand,0.2138,0.7862
2,3.5,left-hand,0.9662,0.0338
2,3.5,right-hand,0.6523,0.3477
2,3.5,right-hand,0.5301,0.4699
2,3.5,right-hand,0.8636,0.1364
2,3.5,right-hand,0.9648,0.0352
2,3.5,right-hand,0.1589,0.8411
2,3.5,right-hand,0.7475,0.2525
2,3.5,right-hand,0.0128,0.9872
2,3.5,right-hand,0.5146,0.4854
2,3.5,left-hand,0.5693,0.4307
2,3.5,right-hand,0.9626,0.0374
2,3.5,right-hand,0.0469,0.9531
2,3.5,right-hand,0.9206,0.0794
2,3.5,left-hand,0.998,0.002
2,3.5,left-hand,0.3281,0.6719
2,3.5,left-hand,0.7314,0.2686
2,3.5,right-hand,0.8884,0.1116
2,3.5,right-hand,0.0658,0.9342
2,3.5,left-hand,0.6108,0.3892
2,3.5,right-hand,0.8796,0.1204
2,3.5,right-hand,0.0194,0.9806
2,3.5,left-hand,0.1243,0.8757
2,3.5,left-hand,0.7551,0.2449
2,3.5,right-hand,0.6129,0.3871
2,3.5,right-hand,0.102,0.898
2,3.5,right-hand,0.8767,0.1233
2,3.5,left-hand,0.8583,0.1417
2,3.5,right-hand,0.8078,0.1922
2,3.5,left-hand,0.0016,0.9984
2,3.5,right-hand,0.2888,0.7112
2,3.5,right-hand,0.7687,0.2313
2,3.5,left-hand,0.0007,0.9993
2,3.5,left-hand,0.4686,0.5314
2,3.5,left-hand,0.722,0.278
2,3.5,right-hand,0.2506,0.7494
2,3.5,right-hand,0.0239,0.9761
2,3.5,right-hand,0.1013,0.8987
2,3.5,right-hand,0.006,0.994
2,3.5,right-hand,0.0201,0.9799
2,3.5,left-hand,0.6769,0.3231
2,3.5,right-hand,0.0051,0.9949
2,3.5,left-hand,0.0331,0.9669
2,3.5,right-hand,0.0643,0.9357
2,3.5,right-hand,0.0091,0.9909
2,3.5,right-hand,0.0597,0.9403
2,3.5,left-hand,0.8808,0.1192
2,3.5,right-hand,0.0115,0.9885
2,3.5,right-hand,0.7871,0.2129
2,3.5,left-hand,0.9745,0.0255
2,3.5,left-hand,0.2366,0.7634
2,3.5,right-hand,0.006,0.994
2,3.5,left-hand,0.8995,0.1005
2,3.5,left-hand,0.7157,0.2843
2,3.5,right-hand,0.3988,0.6012
2,3.5,left-hand,0.7945,0.2055
2,3.5,left-hand,0.5355,0.4645
2,3.5,left-hand,0.532,0.468
2,3.5,right-hand,0.033,0.967
2,3.5,right-hand,0.0002,0.9998
2,3.5,left-hand,0.0044,0.9956
2,3.5,right-hand,0.0016,0.9984
2,3.5,left-hand,0.1647,0.8353
2,3.5,left-hand,0.9355,0.0645
2,3.5,left-hand,0.9308,0.0692
2,3.5,right-hand,0.102,0.898
2,3.5,right-hand,0.0082,0.9918
2,3.5,left-hand,0.3798,0.6202
2,3.5,right-hand,0.6196,0.3804
2,3.5,right-hand,0.0006,0.9994
2,3.5,left-hand,0.549,0.451
2,3.5,right-hand,0.7934,0.2066
2,3.5,left-hand,0.9817,0.0183
2,3.5,right-hand,0.0764,0.9236
2,3.5,left-hand,0.1798,0.8202
2,3.5,right-hand,0.1767,0.8233
2,3.5,right-hand,0.0007,0.9993
2,3.5,left-hand,0.9728,0.0272
2,3.5,left-hand,0.9757,0.0243
2,3.5,left-hand,0.159,0.841
2,3.5,right-hand,0.0755,0.9245
2,3.5,right-hand,0.0424,0.9576
2,3.5,left-hand,0.7448,0.2552
2,3.5,right-hand,0.0389,0.9611
2,3.5,left-hand,0.9593,0.0407
2,3.5,left-hand,0.8363,0.1637
2,3.5,left-hand,0.1464,0.8536
2,3.5,right-hand,0.0009,0.9991
2,3.5,right-hand,0.7385,0.2615
2,3.5,left-hand,0.2158,0.7842
2,3.5,right-hand,0.0964,0.9036
2,3.5,right-hand,0.9598,0.0402
2,3.5,right-hand,0.001,0.999
2,3.5,left-hand,0.155,0.845
2,3.5,left-hand,0.9853,0.0147
2,3.5,left-hand,0.8861,0.1139
2,3.5,left-hand,0.9859,0.0141
2,3.5,right-hand,0.0021,0.9979
2,3.5,left-hand,0.671,0.329
2,3.5,left-hand,0.5239,0.4761
2,3.5,left-hand,0.6781,0.3219
2,3.5,right-hand,0.0001,0.9999
2,3.5,left-hand,0.867,0.133
2,3.5,right-hand,0.0415,0.9585
2,3.5,left-hand,0.9963,0.0037
2,3.5,left-hand,0.6881,0.3119
2,3.5,left-hand,0.9217,0.0783
2,3.5,right-hand,0.016,0.984
2,3.5,left-hand,0.8979,0.1021
2,3.5,right-hand,0.0004,0.9996
2,3.5,left-hand,0.6674,0.3326
2,3.5,left-hand,0.5074,0.4926
2,3.5,left-hand,0.8679,0.1321
2,3.5,left-hand,0.2491,0.7509
2,3.5,left-hand,0.5034,0.4966
2,3.5,left-hand,0.7622,0.2378
2,3.5,left-hand,0.9484,0.0516
2,3.5,left-hand,0.9848,0.0152
2,3.5,right-hand,0.0029,0.9971
2,3.5,right-hand,0.036,0.964
2,3.5,right-hand,0.0009,0.9991
2,3.5,right-hand,0.0005,0.9995
2,3.5,right-hand,0.2822,0.7178
2,3.5,left-hand,0.824,0.176
2,3.5,left-hand,0.9944,0.0056
2,3.5,right-hand,0.0001,0.9999
2,3.5,right-hand,0.0726,0.9274
2,3.5,right-hand,0.1974,0.8026
2,3.5,left-hand,0.8512,0.1488
3,3.5,left-hand,0.9268,0.0732
3,3.5,right-hand,0.3811,0.6189
3,3.5,left-hand,0.2373,0.7627
3,3.5,left-hand,0.9467,0.0533
3,3.5,left-hand,0.427,0.573
3,3.5,left-hand,0.138,0.862
3,3.5,right-hand,0.5905,0.4095
3,3.5,right-hand,0.857,0.143
3,3.5,right-hand,0.7211,0.2789
3,3.5,left-hand,0.7005,0.2995
3,3.5,left-hand,0.8171,0.1829
3,3.5,right-hand,0.03,0.97
3,3.5,left-hand,0.3281,0.6719
3,3.5,left-hand,0.2457,0.7543
3,3.5,right-hand,0.1195,0.8805
3,3.5,left-hand,0.8632,0.1368
3,3.5,right-hand,0.9181,0.0819
3,3.5,left-hand,0.9807,0.0193
3,3.5,left-hand,0.318,0.682
3,3.5,left-hand,0.5318,0.4682
3,3.5,right-hand,0.8157,0.1843
3,3.5,left-hand,0.262,0.738
3,3.5,right-hand,0.5926,0.4074
3,3.5,right-hand,0.9639,0.0361
3,3.5,left-hand,0.9947,0.0053
3,3.5,left-hand,0.7889,0.2111
3,3.5,right-hand,0.4517,0.5483
3,3.5,left-hand,0.6164,0.3836
3,3.5,left-hand,0.9818,0.0182
3,3.5,left-hand,0.1761,0.8239
3,3.5,right-hand,0.6685,0.3315
3,3.5,left-hand,0.8173,0.1827
3,3.5,left-hand,0.3623,0.6377
3,3.5,left-hand,0.9394,0.0606
3,3.5,right-hand,0.0675,0.9325
3,3.5,left-hand,0.7503,0.2497
3,3.5,left-hand,0.22,0.78
3,3.5,left-hand,0.6457,0.3543
3,3.5,right-hand,0.4365,0.5635
3,3.5,left-hand,0.2742,0.7258
3,3.5,right-hand,0.0008,0.9992
3,3.5,right-hand,0.906,0.094
3,3.5,right-hand,0.7382,0.2618
3,3.5,right-hand,0.7682,0.2318
3,3.5,left-hand,0.8232,0.1768
3,3.5,left-hand,0.5441,0.4559
3,3.5,left-hand,0.2148,0.7852
3,3.5,right-hand,0.8474,0.1526
3,3.5,left-hand,0.9663,0.0337
3,3.5,right-hand,0.3154,0.6846
3,3.5,right-hand,0.8673,0.1327
3,3.5,right-hand,0.0017,0.9983
3,3.5,left-hand,0.7819,0.2181
3,3.5,right-hand,0.0005,0.9995
3,3.5,left-hand,0.0565,0.9435
3,3.5,right-hand,0.0044,0.9956
3,3.5,right-hand,0.0616,0.9384
3,3.5,left-hand,0.0013,0.9987
3,3.5,right-hand,0.0001,0.9999
3,3.5,right-hand,0.0006,0.9994
3,3.5,right-hand,0.0276,0.9724
3,3.5,left-hand,0.11,0.89
3,3.5,left-hand,0.0013,0.9987
3,3.5,left-hand,0.0056,0.9944
3,3.5,left-hand,0.7714,0.2286
3,3.5,left-hand,0.0075,0.9925
3,3.5,right-hand,0.5395,0.4605
3,3.5,right-hand,0.0261,0.9739
3,3.5,left-hand,0.0058,0.9942
3,3.5,right-hand,0.0836,0.9164
3,3.5,left-hand,0.0223,0.9777
3,3.5,right-hand,0.0106,0.9894
3,3.5,right-hand,0.0082,0.9918
3,3.5,left-hand,0.6648,0.3352
3,3.5,left-hand,0.6187,0.3813
3,3.5,right-hand,0.0505,0.9495
3,3.5,right-hand,0.6975,0.3025
3,3.5,left-hand,0.95,0.05
3,3.5,right-hand,0.0147,0.9853
3,3.5,right-hand,0.0014,0.9986
3,3.5,right-hand,0.0123,0.9877
3,3.5,right-hand,0.5714,0.4286
3,3.5,right-hand,0.5263,0.4737
3,3.5,left-hand,0.9285,0.0715
3,3.5,right-hand,0.038,0.962
3,3.5,right-hand,0.0214,0.9786
3,3.5,right-hand,0.0009,0.9991
3,3.5,right-hand,0.0053,0.9947
3,3.5,right-hand,0.0618,0.9382
3,3.5,left-hand,0.1959,0.8041
3,3.5,left-hand,0.4623,0.5377
3,3.5,left-hand,0.9844,0.0156
3,3.5,left-hand,0.3673,0.6327
3,3.5,left-hand,0.0073,0.9927
3,3.5,right-hand,0.5958,0.4042
3,3.5,left-hand,0.9111,0.0889
3,3.5,right-hand,0.0223,0.9777
3,3.5,left-hand,0.9241,0.0759
3,3.5,right-hand,0.1276,0.8724
3,3.5,left-hand,0.0037,0.9963
3,3.5,left-hand,0.1716,0.8284
3,3.5,right-hand,0.0169,0.9831
3,3.5,right-hand,0.0016,0.9984
3,3.5,left-hand,0.119,0.881
3,3.5,right-hand,0.04,0.96
3,3.5,right-hand,0.0141,0.9859
3,3.5,right-hand,0.0343,0.9657
3,3.5,left-hand,0.9122,0.0878
3,3.5,right-hand,0.0456,0.9544
3,3.5,right-hand,0.2376,0.7624
3,3.5,left-hand,0.8011,0.1989
3,3.5,right-hand,0.0354,0.9646
3,3.5,left-hand,0.8635,0.1365
3,3.5,left-hand,0.9327,0.0673
3,3.5,left-hand,0.9782,0.0218
3,3.5,right-hand,0.3656,0.6344
3,3.5,left-hand,0.5319,0.4681
3,3.5,left-hand,0.9024,0.0976
3,3.5,right-hand,0.0056,0.9944
3,3.5,right-hand,0.0474,0.9526
3,3.5,left-hand,0.8912,0.1088
3,3.5,right-hand,0.0166,0.9834
3,3.5,left-hand,0.1807,0.8193
3,3.5,right-hand,0.0002,0.9998
3,3.5,right-hand,0.7247,0.2753
3,3.5,left-hand,0.9405,0.0595
3,3.5,left-hand,0.8117,0.1883
3,3.5,left-hand,0.9082,0.0918
3,3.5,left-hand,0.68,0.32
3,3.5,left-hand,0.7857,0.2143
3,3.5,right-hand,0.8746,0.1254
3,3.5,right-hand,0.0773,0.9227
3,3.5,right-hand,0.0075,0.9925
3,3.5,right-hand,0.0061,0.9939
3,3.5,right-hand,0.1184,0.8816
3,3.5,right-hand,0.0031,0.9969
3,3.5,left-hand,0.9946,0.0054
3,3.5,right-hand,0.0035,0.9965
3,3.5,right-hand,0.7628,0.2372
3,3.5,right-hand,0.0093,0.9907
3,3.5,right-hand,0.0,1.0
3,3.5,left-hand,0.9509,0.0491
3,3.5,right-hand,0.8249,0.1751
3,3.5,right-hand,0.0021,0.9979
3,3.5,left-hand,0.8237,0.1763
3,3.5,left-hand,0.8449,0.1551
3,3.5,right-hand,0.0006,0.9994
3,3.5,left-hand,0.8746,0.1254
3,3.5,left-hand,0.9056,0.0944
3,3.5,left-hand,0.8858,0.1142
3,3.5,right-hand,0.0011,0.9989
3,3.5,left-hand,0.9889,0.0111
4,3.5,right-hand,0.7077,0.2923
4,3.5,right-hand,0.827,0.173
4,3.5,left-hand,0.9476,0.0524
4,3.5,right-hand,0.4839,0.5161
4,3.5,left-hand,0.9766,0.0234
4,3.5,right-hand,0.921,0.079
4,3.5,right-hand,0.746,0.254
4,3.5,right-hand,0.5027,0.4973
4,3.5,right-hand,0.5386,0.4614
4,3.5,right-hand,0.2765,0.7235
4,3.5,left-hand,0.8861,0.1139
4,3.5,left-hand,0.7472,0.2528
4,3.5,right-hand,0.4101,0.5899
4,3.5,left-hand,0.8193,0.1807
4,3.5,right-hand,0.4387,0.5613
4,3.5,left-hand,0.6589,0.3411
4,3.5,right-hand,0.9096,0.0904
4,3.5,left-hand,0.8546,0.1454
4,3.5,right-hand,0.2854,0.7146
4,3.5,left-hand,0.9861,0.0139
4,3.5,right-hand,0.396,0.604
4,3.5,left-hand,0.8225,0.1775
4,3.5,right-hand,0.4568,0.5432
4,3.5,left-hand,0.6295,0.3705
4,3.5,right-hand,0.7918,0.2082
4,3.5,left-hand,0.8205,0.1795
4,3.5,left-hand,0.8324,0.1676
4,3.5,left-hand,0.381,0.619
4,3.5,left-hand,0.5256,0.4744
4,3.5,right-hand,0.3478,0.6522
4,3.5,left-hand,0.7157,0.2843
4,3.5,right-hand,0.1295,0.8705
4,3.5,left-hand,0.3504,0.6496
4,3.5,right-hand,0.2858,0.7142
4,3.5,left-hand,0.6849,0.3151
4,3.5,right-hand,0.2017,0.7983
4,3.5,left-hand,0.879,0.121
4,3.5,right-hand,0.9413,0.0587
4,3.5,right-hand,0.4593,0.5407
4,3.5,left-hand,0.8182,0.1818
4,3.5,right-hand,0.5819,0.4181
4,3.5,right-hand,0.6176,0.3824
4,3.5,left-hand,0.9777,0.0223
4,3.5,right-hand,0.4171,0.5829
4,3.5,right-hand,0.5677,0.4323
4,3.5,right-hand,0.3427,0.6573
4,3.5,left-hand,0.6609,0.3391
4,3.5,right-hand,0.0137,0.9863
4,3.5,left-hand,0.8773,0.1227
4,3.5,left-hand,0.8153,0.1847
4,3.5,left-hand,0.8294,0.1706
4,3.5,right-hand,0.8979,0.1021
4,3.5,left-hand,0.6871,0.3129
4,3.5,left-hand,0.9319,0.0681
4,3.5,right-hand,0.0539,0.9461
4,3.5,right-hand,0.0067,0.9933
4,3.5,left-hand,0.3667,0.6333
4,3.5,left-hand,0.8704,0.1296
4,3.5,left-hand,0.7969,0.2031
4,3.5,right-hand,0.1037,0.8963
4,3.5,right-hand,0.0142,0.9858
4,3.5,right-hand,0.0006,0.9994
4,3.5,left-hand,0.9915,0.0085
4,3.5,right-hand,0.3444,0.6556
4,3.5,left-hand,0.5908,0.4092
4,3.5,left-hand,0.6548,0.3452
4,3.5,right-hand,0.0035,0.9965
4,3.5,right-hand,0.8209,0.1791
4,3.5,right-hand,0.007,0.993
4,3.5,left-hand,0.9456,0.0544
4,3.5,right-hand,0.01,0.99
4,3.5,left-hand,0.9604,0.0396
4,3.5,right-hand,0.1306,0.8694
4,3.5,right-hand,0.0871,0.9129
4,3.5,right-hand,0.1155,0.8845
4,3.5,left-hand,0.9348,0.0652
4,3.5,left-hand,0.8002,0.1998
4,3.5,right-hand,0.0636,0.9364
4,3.5,left-hand,0.9258,0.0742
4,3.5,left-hand,0.3416,0.6584
4,3.5,left-hand,0.9019,0.0981
4,3.5,left-hand,0.8172,0.1828
4,3.5,right-hand,0.0695,0.9305
4,3.5,left-hand,0.6875,0.3125
4,3.5,right-hand,0.2304,0.7696
4,3.5,left-hand,0.4142,0.5858
4,3.5,left-hand,0.9475,0.0525
4,3.5,right-hand,0.2014,0.7986
4,3.5,right-hand,0.2478,0.7522
4,3.5,left-hand,0.0883,0.9117
4,3.5,right-hand,0.2352,0.7648
4,3.5,right-hand,0.0439,0.9561
4,3.5,left-hand,0.8284,0.1716
4,3.5,left-hand,0.9182,0.0818
4,3.5,right-hand,0.0044,0.9956
4,3.5,right-hand,0.1258,0.8742
4,3.5,left-hand,0.9675,0.0325
4,3.5,left-hand,0.8994,0.1006
4,3.5,right-hand,0.091,0.909
4,3.5,right-hand,0.3251,0.6749
4,3.5,right-hand,0.3889,0.6111
4,3.5,left-hand,0.1642,0.8358
4,3.5,left-hand,0.7673,0.2327
4,3.5,right-hand,0.0022,0.9978
4,3.5,right-hand,0.2198,0.7802
4,3.5,left-hand,0.3382,0.6618
4,3.5,left-hand,0.046,0.954
4,3.5,right-hand,0.0788,0.9212
4,3.5,left-hand,0.3397,0.6603
4,3.5,left-hand,0.9841,0.0159
4,3.5,left-hand,0.7915,0.2085
4,3.5,right-hand,0.5127,0.4873
4,3.5,left-hand,0.7232,0.2768
4,3.5,left-hand,0.703,0.297
4,3.5,left-hand,0.5982,0.4018
4,3.5,right-hand,0.0246,0.9754
4,3.5,left-hand,0.5815,0.4185
4,3.5,left-hand,0.8464,0.1536
4,3.5,right-hand,0.0981,0.9019
4,3.5,left-hand,0.7435,0.2565
4,3.5,right-hand,0.0053,0.9947
4,3.5,left-hand,0.9478,0.0522
4,3.5,right-hand,0.2055,0.7945
4,3.5,left-hand,0.9418,0.0582
4,3.5,right-hand,0.8674,0.1326
4,3.5,left-hand,0.728,0.272
4,3.5,right-hand,0.347,0.653
4,3.5,right-hand,0.3023,0.6977
4,3.5,left-hand,0.9953,0.0047
4,3.5,left-hand,0.6776,0.3224
4,3.5,right-hand,0.0154,0.9846
4,3.5,left-hand,0.9889,0.0111
4,3.5,left-hand,0.4079,0.5921
4,3.5,right-hand,0.0056,0.9944
4,3.5,right-hand,0.0107,0.9893
4,3.5,right-hand,0.0533,0.9467
4,3.5,left-hand,0.6673,0.3327
4,3.5,left-hand,0.2599,0.7401
4,3.5,right-hand,0.0181,0.9819
4,3.5,left-hand,0.8555,0.1445
4,3.5,right-hand,0.8467,0.1533
4,3.5,left-hand,0.7999,0.2001
4,3.5,left-hand,0.9732,0.0268
4,3.5,right-hand,0.0595,0.9405
4,3.5,right-hand,0.8223,0.1777
4,3.5,left-hand,0.9425,0.0575
4,3.5,left-hand,0.9903,0.0097
4,3.5,right-hand,0.0066,0.9934
4,3.5,right-hand,0.0021,0.9979
4,3.5,right-hand,0.2883,0.7117
4,3.5,right-hand,0.2049,0.7951
4,3.5,left-hand,0.9447,0.0553
5,3.5,left-hand,0.6799,0.3201
5,3.5,left-hand,0.8332,0.1668
5,3.5,left-hand,0.4089,0.5911
5,3.5,left-hand,0.6544,0.3456
5,3.5,right-hand,0.7576,0.2424
5,3.5,right-hand,0.0119,0.9881
5,3.5,right-hand,0.756,0.244
5,3.5,left-hand,0.8554,0.1446
5,3.5,left-hand,0.9671,0.0329
5,3.5,left-hand,0.9076,0.0924
5,3.5,right-hand,0.9039,0.0961
5,3.5,left-hand,0.2068,0.7932
5,3.5,left-hand,0.8703,0.1297
5,3.5,left-hand,0.08,0.92
5,3.5,right-hand,0.1283,0.8717
5,3.5,left-hand,0.7403,0.2597
5,3.5,left-hand,0.9896,0.0104
5,3.5,left-hand,0.9463,0.0537
5,3.5,right-hand,0.7887,0.2113
5,3.5,right-hand,0.8253,0.1747
5,3.5,right-hand,0.9226,0.0774
5,3.5,right-hand,0.9771,0.0229
5,3.5,left-hand,0.5252,0.4748
5,3.5,left-hand,0.818,0.182
5,3.5,right-hand,0.6031,0.3969
5,3.5,left-hand,0.7165,0.2835
5,3.5,left-hand,0.8585,0.1415
5,3.5,left-hand,0.7917,0.2083
5,3.5,right-hand,0.5774,0.4226
5,3.5,right-hand,0.8565,0.1435
5,3.5,right-hand,0.9931,0.0069
5,3.5,right-hand,0.6827,0.3173
5,3.5,right-hand,0.7866,0.2134
5,3.5,right-hand,0.7713,0.2287
5,3.5,left-hand,0.1506,0.8494
5,3.5,left-hand,0.0506,0.9494
5,3.5,left-hand,0.76,0.24
5,3.5,left-hand,0.596,0.404
5,3.5,right-hand,0.3403,0.6597
5,3.5,right-hand,0.5912,0.4088
5,3.5,right-hand,0.8375,0.1625
5,3.5,right-hand,0.1697,0.8303
5,3.5,left-hand,0.9295,0.0705
5,3.5,right-hand,0.9109,0.0891
5,3.5,right-hand,0.7186,0.2814
5,3.5,left-hand,0.2236,0.7764
5,3.5,left-hand,0.1229,0.8771
5,3.5,right-hand,0.1596,0.8404
5,3.5,right-hand,0.1045,0.8955
5,3.5,right-hand,0.9252,0.0748
5,3.5,right-hand,0.3997,0.6003
5,3.5,right-hand,0.0481,0.9519
5,3.5,right-hand,0.1066,0.8934
5,3.5,left-hand,0.3427,0.6573
5,3.5,left-hand,0.7373,0.2627
5,3.5,left-hand,0.0759,0.9241
5,3.5,right-hand,0.6067,0.3933
5,3.5,right-hand,0.3588,0.6412
5,3.5,left-hand,0.331,0.669
5,3.5,left-hand,0.9515,0.0485
5,3.5,right-hand,0.0586,0.9414
5,3.5,right-hand,0.508,0.492
5,3.5,left-hand,0.0188,0.9812
5,3.5,left-hand,0.3005,0.6995
5,3.5,left-hand,0.9745,0.0255
5,3.5,left-hand,0.8966,0.1034
5,3.5,left-hand,0.0549,0.9451
5,3.5,left-hand,0.9694,0.0306
5,3.5,left-hand,0.8852,0.1148
5,3.5,right-hand,0.0051,0.9949
5,3.5,right-hand,0.0062,0.9938
5,3.5,left-hand,0.4721,0.5279
5,3.5,left-hand,0.8431,0.1569
5,3.5,left-hand,0.0938,0.9062
5,3.5,left-hand,0.9888,0.0112
5,3.5,right-hand,0.0652,0.9348
5,3.5,right-hand,0.1591,0.8409
5,3.5,left-hand,0.713,0.287
5,3.5,right-hand,0.1368,0.8632
5,3.5,left-hand,0.8114,0.1886
5,3.5,right-hand,0.009,0.991
5,3.5,left-hand,0.2899,0.7101
5,3.5,right-hand,0.035,0.965
5,3.5,left-hand,0.9945,0.0055
5,3.5,right-hand,0.0255,0.9745
5,3.5,right-hand,0.5627,0.4373
5,3.5,left-hand,0.9735,0.0265
5,3.5,left-hand,0.7394,0.2606
5,3.5,right-hand,0.3909,0.6091
5,3.5,right-hand,0.3157,0.6843
5,3.5,right-hand,0.0006,0.9994
5,3.5,left-hand,0.2725,0.7275
5,3.5,right-hand,0.7399,0.2601
5,3.5,left-hand,0.9842,0.0158
5,3.5,left-hand,0.2687,0.7313
5,3.5,left-hand,0.8263,0.1737
5,3.5,left-hand,0.0441,0.9559
5,3.5,left-hand,0.9909,0.0091
5,3.5,right-hand,0.1141,0.8859
5,3.5,right-hand,0.0333,0.9667
5,3.5,left-hand,0.112,0.888
5,3.5,right-hand,0.3368,0.6632
5,3.5,right-hand,0.0647,0.9353
5,3.5,right-hand,0.0942,0.9058
5,3.5,right-hand,0.0668,0.9332
5,3.5,left-hand,0.995,0.005
5,3.5,left-hand,0.8924,0.1076
5,3.5,left-hand,0.9964,0.0036
5,3.5,left-hand,0.9773,0.0227
5,3.5,right-hand,0.2627,0.7373
5,3.5,right-hand,0.0846,0.9154
5,3.5,left-hand,0.8625,0.1375
5,3.5,right-hand,0.8161,0.1839
5,3.5,right-hand,0.5063,0.4937
5,3.5,right-hand,0.0589,0.9411
5,3.5,right-hand,0.5646,0.4354
5,3.5,left-hand,0.9748,0.0252
5,3.5,left-hand,0.483,0.517
5,3.5,left-hand,0.8378,0.1622
5,3.5,right-hand,0.0331,0.9669
5,3.5,right-hand,0.0089,0.9911
5,3.5,right-hand,0.0031,0.9969
5,3.5,right-hand,0.7908,0.2092
5,3.5,left-hand,0.9644,0.0356
5,3.5,left-hand,0.0189,0.9811
5,3.5,left-hand,0.0125,0.9875
5,3.5,right-hand,0.0211,0.9789
5,3.5,left-hand,0.8507,0.1493
5,3.5,left-hand,0.6612,0.3388
5,3.5,right-hand,0.0028,0.9972
5,3.5,right-hand,0.0221,0.9779
5,3.5,right-hand,0.3891,0.6109
5,3.5,right-hand,0.0019,0.9981
5,3.5,right-hand,0.8959,0.1041
5,3.5,right-hand,0.0001,0.9999
5,3.5,left-hand,0.8639,0.1361
5,3.5,left-hand,0.7781,0.2219
5,3.5,right-hand,0.7427,0.2573
5,3.5,right-hand,0.3337,0.6663
5,3.5,left-hand,0.9197,0.0803
5,3.5,right-hand,0.0347,0.9653
5,3.5,right-hand,0.1959,0.8041
5,3.5,left-hand,0.9816,0.0184
5,3.5,left-hand,0.9445,0.0555
5,3.5,left-hand,0.9491,0.0509
5,3.5,right-hand,0.0233,0.9767
5,3.5,right-hand,0.0006,0.9994
5,3.5,right-hand,0.7484,0.2516
5,3.5,left-hand,0.9848,0.0152
5,3.5,left-hand,0.9789,0.0211
5,3.5,right-hand,0.0379,0.9621
5,3.5,left-hand,0.9394,0.0606
