fold,tmin,true_label,left-hand,right-hand
1,3.5,left-hand,0.0818,0.9182
1,3.5,left-hand,0.9259,0.0741
1,3.5,left-hand,0.9148,0.0852
1,3.5,right-hand,0.0005,0.9995
1,3.5,left-hand,0.9986,0.0014
1,3.5,left-hand,0.9893,0.0107
1,3.5,right-hand,0.9821,0.0179
1,3.5,left-hand,0.8836,0.1164
1,3.5,right-hand,0.0267,0.9733
1,3.5,left-hand,0.9738,0.0262
1,3.5,left-hand,0.9965,0.0035
1,3.5,right-hand,0.6425,0.3575
1,3.5,left-hand,0.9958,0.0042
1,3.5,left-hand,0.9976,0.0024
1,3.5,right-hand,0.0225,0.9775
1,3.5,right-hand,0.0128,0.9872
1,3.5,right-hand,0.0833,0.9167
1,3.5,left-hand,0.9537,0.0463
1,3.5,right-hand,0.0094,0.9906
1,3.5,left-hand,0.9963,0.0037
1,3.5,right-hand,0.0042,0.9958
1,3.5,left-hand,0.8425,0.1575
1,3.5,right-hand,0.8189,0.1811
1,3.5,left-hand,0.9923,0.0077
1,3.5,left-hand,0.998,0.002
1,3.5,left-hand,0.5605,0.4395
1,3.5,left-hand,0.9778,0.0222
1,3.5,right-hand,0.0655,0.9345
1,3.5,left-hand,0.9954,0.0046
1,3.5,left-hand,0.9497,0.0503
1,3.5,right-hand,0.0024,0.9976
1,3.5,right-hand,0.0009,0.9991
1,3.5,right-hand,0.0192,0.9808
1,3.5,right-hand,0.0023,0.9977
1,3.5,left-hand,0.9703,0.0297
1,3.5,left-hand,0.635,0.365
1,3.5,left-hand,0.9952,0.0048
1,3.5,right-hand,0.9558,0.0442
1,3.5,right-hand,0.2992,0.7008
1,3.5,left-hand,0.9897,0.0103
1,3.5,right-hand,0.0022,0.9978
1,3.5,right-hand,0.6451,0.3549
1,3.5,right-hand,0.1285,0.8715
1,3.5,left-hand,0.9027,0.0973
1,3.5,left-hand,0.9734,0.0266
1,3.5,right-hand,0.0041,0.9959
1,3.5,right-hand,0.1048,0.8952
1,3.5,right-hand,0.0176,0.9824
1,3.5,right-hand,0.2057,0.7943
1,3.5,left-hand,0.9538,0.0462
1,3.5,left-hand,0.9244,0.0756
1,3.5,right-hand,0.016,0.984
1,3.5,right-hand,0.0329,0.9671
1,3.5,left-hand,0.1171,0.8829
1,3.5,right-hand,0.0123,0.9877
1,3.5,left-hand,0.9649,0.0351
1,3.5,left-hand,0.1408,0.8592
1,3.5,right-hand,0.1404,0.8596
1,3.5,left-hand,0.9645,0.0355
1,3.5,right-hand,0.0609,0.9391
1,3.5,right-hand,0.0028,0.9972
1,3.5,left-hand,0.4009,0.5991
1,3.5,right-hand,0.0046,0.9954
1,3.5,left-hand,0.9853,0.0147
1,3.5,right-hand,0.0002,0.9998
1,3.5,right-hand,0.0014,0.9986
1,3.5,left-hand,0.9978,0.0022
1,3.5,left-hand,0.9995,0.0005
1,3.5,left-hand,0.5473,0.4527
1,3.5,left-hand,0.9957,0.0043
1,3.5,right-hand,0.0041,0.9959
1,3.5,right-hand,0.0006,0.9994
1,3.5,right-hand,0.0004,0.9996
1,3.5,right-hand,0.2626,0.7374
1,3.5,right-hand,0.0202,0.9798
1,3.5,left-hand,0.9929,0.0071
1,3.5,right-hand,0.0031,0.9969
1,3.5,left-hand,0.3683,0.6317
1,3.5,right-hand,0.0219,0.9781
1,3.5,right-hand,0.0404,0.9596
1,3.5,right-hand,0.4731,0.5269
1,3.5,right-hand,0.9889,0.0111
1,3.5,right-hand,0.0061,0.9939
1,3.5,left-hand,0.9683,0.0317
1,3.5,left-hand,0.999,0.001
1,3.5,left-hand,0.9974,0.0026
1,3.5,right-hand,0.0007,0.9993
1,3.5,left-hand,0.998,0.002
1,3.5,left-hand,0.996,0.004
1,3.5,left-hand,0.998,0.002
1,3.5,left-hand,0.9991,0.0009
1,3.5,left-hand,0.9947,0.0053
1,3.5,left-hand,0.2848,0.7152
1,3.5,right-hand,0.0009,0.9991
1,3.5,right-hand,0.0002,0.9998
1,3.5,left-hand,0.9982,0.0018
1,3.5,right-hand,0.0009,0.9991
1,3.5,right-hand,0.004,0.996
1,3.5,right-hand,0.0009,0.9991
1,3.5,right-hand,0.0024,0.9976
1,3.5,right-hand,0.1926,0.8074
1,3.5,left-hand,0.9872,0.0128
1,3.5,right-hand,0.0024,0.9976
1,3.5,right-hand,0.4186,0.5814
1,3.5,right-hand,0.0309,0.9691
1,3.5,right-hand,0.0175,0.9825
1,3.5,left-hand,0.996,0.004
1,3.5,right-hand,0.0053,0.9947
1,3.5,right-hand,0.0088,0.9912
1,3.5,left-hand,0.9995,0.0005
1,3.5,left-hand,0.9232,0.0768
1,3.5,left-hand,0.9915,0.0085
1,3.5,right-hand,0.0022,0.9978
1,3.5,left-hand,0.9546,0.0454
1,3.5,right-hand,0.0094,0.9906
1,3.5,right-hand,0.0146,0.9854
1,3.5,left-hand,0.84,0.16
1,3.5,left-hand,0.8138,0.1862
1,3.5,left-hand,0.7684,0.2316
1,3.5,left-hand,0.9996,0.0004
1,3.5,left-hand,0.9862,0.0138
1,3.5,right-hand,0.2668,0.7332
1,3.5,right-hand,0.3838,0.6162
1,3.5,left-hand,0.2675,0.7325
1,3.5,right-hand,0.2036,0.7964
1,3.5,left-hand,0.9476,0.0524
1,3.5,left-hand,0.9424,0.0576
1,3.5,left-hand,0.817,0.183
1,3.5,left-hand,0.9738,0.0262
1,3.5,left-hand,0.5805,0.4195
1,3.5,left-hand,0.9988,0.0012
1,3.5,right-hand,0.001,0.999
1,3.5,left-hand,0.9935,0.0065
1,3.5,right-hand,0.0094,0.9906
1,3.5,left-hand,0.997,0.003
1,3.5,right-hand,0.8905,0.1095
1,3.5,right-hand,0.0025,0.9975
1,3.5,right-hand,0.0017,0.9983
1,3.5,left-hand,0.995,0.005
1,3.5,left-hand,0.8633,0.1367
1,3.5,left-hand,0.9745,0.0255
1,3.5,right-hand,0.0722,0.9278
1,3.5,right-hand,0.0004,0.9996
1,3.5,right-hand,0.1084,0.8916
1,3.5,left-hand,0.7233,0.2767
1,3.5,left-hand,0.8418,0.1582
1,3.5,right-hand,0.0877,0.9123
1,3.5,right-hand,0.3928,0.6072
2,3.5,left-hand,0.9985,0.0015
2,3.5,left-hand,0.9967,0.0033
2,3.5,right-hand,0.0007,0.9993
2,3.5,right-hand,0.0354,0.9646
2,3.5,left-hand,0.9785,0.0215
2,3.5,right-hand,0.049,0.951
2,3.5,right-hand,0.0146,0.9854
2,3.5,right-hand,0.0018,0.9982
2,3.5,left-hand,0.9583,0.0417
2,3.5,right-hand,0.0239,0.9761
2,3.5,right-hand,0.0008,0.9992
2,3.5,left-hand,0.2752,0.7248
2,3.5,left-hand,0.9974,0.0026
2,3.5,left-hand,0.9795,0.0205
2,3.5,right-hand,0.0068,0.9932
2,3.5,right-hand,0.0012,0.9988
2,3.5,left-hand,0.0699,0.9301
2,3.5,left-hand,0.9716,0.0284
2,3.5,left-hand,0.0906,0.9094
2,3.5,right-hand,0.009,0.991
2,3.5,left-hand,0.6106,0.3894
2,3.5,right-hand,0.9579,0.0421
2,3.5,left-hand,0.9892,0.0108
2,3.5,left-hand,0.0744,0.9256
2,3.5,left-hand,0.992,0.008
2,3.5,left-hand,0.8769,0.1231
2,3.5,right-hand,0.9927,0.0073
2,3.5,right-hand,0.0482,0.9518
2,3.5,left-hand,0.9964,0.0036
2,3.5,left-hand,0.9946,0.0054
2,3.5,right-hand,0.3629,0.6371
2,3.5,left-hand,0.9837,0.0163
2,3.5,left-hand,0.9977,0.0023
2,3.5,left-hand,0.9975,0.0025
2,3.5,left-hand,0.9911,0.0089
2,3.5,left-hand,0.9991,0.0009
2,3.5,right-hand,0.9652,0.0348
2,3.5,left-hand,0.9974,0.0026
2,3.5,right-hand,0.139,0.861
2,3.5,right-hand,0.1071,0.8929
2,3.5,left-hand,0.934,0.066
2,3.5,right-hand,0.0079,0.9921
2,3.5,right-hand,0.0006,0.9994
2,3.5,left-hand,0.8816,0.1184
2,3.5,right-hand,0.0009,0.9991
2,3.5,left-hand,0.9989,0.0011
2,3.5,right-hand,0.0843,0.9157
2,3.5,left-hand,0.8288,0.1712
2,3.5,left-hand,0.9946,0.0054
2,3.5,left-hand,0.7395,0.2605
2,3.5,right-hand,0.6989,0.3011
2,3.5,right-hand,0.9123,0.0877
2,3.5,left-hand,0.5034,0.4966
2,3.5,right-hand,0.1411,0.8589
2,3.5,left-hand,0.999,0.001
2,3.5,left-hand,0.9582,0.0418
2,3.5,right-hand,0.068,0.932
2,3.5,left-hand,0.9978,0.0022
2,3.5,left-hand,0.2001,0.7999
2,3.5,left-hand,0.9969,0.0031
2,3.5,left-hand,0.9845,0.0155
2,3.5,right-hand,0.0112,0.9888
2,3.5,right-hand,0.0003,0.9997
2,3.5,left-hand,0.9285,0.0715
2,3.5,right-hand,0.0174,0.9826
2,3.5,left-hand,0.9915,0.0085
2,3.5,left-hand,0.9931,0.0069
2,3.5,left-hand,0.9787,0.0213
2,3.5,right-hand,0.0015,0.9985
2,3.5,left-hand,0.9991,0.0009
2,3.5,right-hand,0.0465,0.9535
2,3.5,right-hand,0.0004,0.9996
2,3.5,right-hand,0.0019,0.9981
2,3.5,left-hand,0.9976,0.0024
2,3.5,right-hand,0.004,0.996
2,3.5,left-hand,0.9942,0.0058
2,3.5,left-hand,0.2327,0.7673
2,3.5,right-hand,0.0941,0.9059
2,3.5,right-hand,0.0101,0.9899
2,3.5,right-hand,0.0006,0.9994
2,3.5,left-hand,0.9068,0.0932
2,3.5,left-hand,0.7535,0.2465
2,3.5,left-hand,0.9948,0.0052
2,3.5,right-hand,0.0017,0.9983
2,3.5,left-hand,0.9574,0.0426
2,3.5,left-hand,0.9945,0.0055
2,3.5,left-hand,0.7704,0.2296
2,3.5,left-hand,0.9923,0.0077
2,3.5,right-hand,0.0004,0.9996
2,3.5,left-hand,0.9958,0.0042
2,3.5,right-hand,0.0014,0.9986
2,3.5,right-hand,0.0093,0.9907
2,3.5,right-hand,0.0002,0.9998
2,3.5,right-hand,0.0006,0.9994
2,3.5,left-hand,0.9766,0.0234
2,3.5,right-hand,0.0676,0.9324
2,3.5,right-hand,0.0032,0.9968
2,3.5,right-hand,0.0006,0.9994
2,3.5,right-hand,0.0002,0.9998
2,3.5,left-hand,0.9946,0.0054
2,3.5,left-hand,0.137,0.863
2,3.5,right-hand,0.002,0.998
2,3.5,right-hand,0.0017,0.9983
2,3.5,right-hand,0.0007,0.9993
2,3.5,left-hand,0.9967,0.0033
2,3.5,left-hand,0.2636,0.7364
2,3.5,left-hand,0.9955,0.0045
2,3.5,left-hand,0.2651,0.7349
2,3.5,left-hand,0.9732,0.0268
2,3.5,right-hand,0.0015,0.9985
2,3.5,left-hand,0.9366,0.0634
2,3.5,right-hand,0.0018,0.9982
2,3.5,left-hand,0.9971,0.0029
2,3.5,left-hand,0.9967,0.0033
2,3.5,right-hand,0.0461,0.9539
2,3.5,right-hand,0.7034,0.2966
2,3.5,right-hand,0.4884,0.5116
2,3.5,right-hand,0.0056,0.9944
2,3.5,right-hand,0.0088,0.9912
2,3.5,right-hand,0.0428,0.9572
2,3.5,right-hand,0.0802,0.9198
2,3.5,right-hand,0.003,0.997
2,3.5,right-hand,0.0131,0.9869
2,3.5,left-hand,0.9972,0.0028
2,3.5,right-hand,0.8996,0.1004
2,3.5,left-hand,0.6407,0.3593
2,3.5,right-hand,0.0005,0.9995
2,3.5,right-hand,0.0157,0.9843
2,3.5,left-hand,0.9994,0.0006
2,3.5,right-hand,0.0095,0.9905
2,3.5,right-hand,0.0034,0.9966
2,3.5,right-hand,0.4992,0.5008
2,3.5,left-hand,0.9995,0.0005
2,3.5,right-hand,0.1843,0.8157
2,3.5,left-hand,0.9982,0.0018
2,3.5,right-hand,0.0079,0.9921
2,3.5,right-hand,0.149,0.851
2,3.5,right-hand,0.0203,0.9797
2,3.5,right-hand,0.0721,0.9279
2,3.5,left-hand,0.0233,0.9767
2,3.5,left-hand,0.9952,0.0048
2,3.5,left-hand,0.9911,0.0089
2,3.5,left-hand,0.9663,0.0337
2,3.5,right-hand,0.0017,0.9983
2,3.5,right-hand,0.0063,0.9937
2,3.5,right-hand,0.0059,0.9941
2,3.5,left-hand,0.9294,0.0706
2,3.5,left-hand,0.9983,0.0017
3,3.5,right-hand,0.0144,0.9856
3,3.5,right-hand,0.9918,0.0082
3,3.5,left-hand,0.9867,0.0133
3,3.5,left-hand,0.9924,0.0076
3,3.5,right-hand,0.0187,0.9813
3,3.5,left-hand,0.0199,0.9801
3,3.5,right-hand,0.8993,0.1007
3,3.5,left-hand,0.3665,0.6335
3,3.5,left-hand,0.9976,0.0024
3,3.5,right-hand,0.0359,0.9641
3,3.5,right-hand,0.0247,0.9753
3,3.5,left-hand,0.9677,0.0323
3,3.5,left-hand,0.513,0.487
3,3.5,right-hand,0.0471,0.9529
3,3.5,left-hand,0.9983,0.0017
3,3.5,right-hand,0.9736,0.0264
3,3.5,left-hand,0.971,0.029
3,3.5,right-hand,0.3687,0.6313
3,3.5,right-hand,0.0112,0.9888
3,3.5,right-hand,0.0183,0.9817
3,3.5,right-hand,0.0953,0.9047
3,3.5,right-hand,0.0068,0.9932
3,3.5,right-hand,0.8689,0.1311
3,3.5,right-hand,0.0826,0.9174
3,3.5,left-hand,0.8505,0.1495
3,3.5,left-hand,0.851,0.149
3,3.5,right-hand,0.0025,0.9975
3,3.5,left-hand,0.9806,0.0194
3,3.5,left-hand,0.9979,0.0021
3,3.5,right-hand,0.037,0.963
3,3.5,right-hand,0.4809,0.5191
3,3.5,left-hand,0.9976,0.0024
3,3.5,left-hand,0.995,0.005
3,3.5,right-hand,0.0082,0.9918
3,3.5,right-hand,0.0098,0.9902
3,3.5,left-hand,0.9997,0.0003
3,3.5,right-hand,0.0046,0.9954
3,3.5,left-hand,0.9793,0.0207
3,3.5,right-hand,0.592,0.408
3,3.5,right-hand,0.0103,0.9897
3,3.5,left-hand,0.0738,0.9262
3,3.5,left-hand,0.9094,0.0906
3,3.5,right-hand,0.005,0.995
3,3.5,left-hand,0.999,0.001
3,3.5,right-hand,0.0214,0.9786
3,3.5,left-hand,0.8953,0.1047
3,3.5,left-hand,0.9985,0.0015
3,3.5,left-hand,0.7903,0.2097
3,3.5,right-hand,0.0015,0.9985
3,3.5,left-hand,0.7644,0.2356
3,3.5,right-hand,0.2997,0.7003
3,3.5,left-hand,0.8425,0.1575
3,3.5,right-hand,0.578,0.422
3,3.5,right-hand,0.3297,0.6703
3,3.5,right-hand,0.2528,0.7472
3,3.5,left-hand,0.9342,0.0658
3,3.5,left-hand,0.9969,0.0031
3,3.5,right-hand,0.0015,0.9985
3,3.5,right-hand,0.0118,0.9882
3,3.5,left-hand,0.9912,0.0088
3,3.5,right-hand,0.0008,0.9992
3,3.5,right-hand,0.0002,0.9998
3,3.5,left-hand,0.6789,0.3211
3,3.5,left-hand,0.979,0.021
3,3.5,right-hand,0.0006,0.9994
3,3.5,left-hand,0.9715,0.0285
3,3.5,left-hand,0.893,0.107
3,3.5,right-hand,0.0465,0.9535
3,3.5,right-hand,0.1679,0.8321
3,3.5,left-hand,0.9864,0.0136
3,3.5,left-hand,0.9852,0.0148
3,3.5,right-hand,0.229,0.771
3,3.5,right-hand,0.0005,0.9995
3,3.5,right-hand,0.4248,0.5752
3,3.5,left-hand,0.7579,0.2421
3,3.5,left-hand,0.9843,0.0157
3,3.5,left-hand,0.9955,0.0045
3,3.5,right-hand,0.0136,0.9864
3,3.5,left-hand,0.0237,0.9763
3,3.5,left-hand,0.9927,0.0073
3,3.5,left-hand,0.9942,0.0058
3,3.5,right-hand,0.018,0.982
3,3.5,right-hand,0.0009,0.9991
3,3.5,right-hand,0.0004,0.9996
3,3.5,right-hand,0.0163,0.9837
3,3.5,right-hand,0.0005,0.9995
3,3.5,left-hand,0.7709,0.2291
3,3.5,right-hand,0.0047,0.9953
3,3.5,left-hand,0.9982,0.0018
3,3.5,right-hand,0.0004,0.9996
3,3.5,right-hand,0.0008,0.9992
3,3.5,left-hand,0.9918,0.0082
3,3.5,left-hand,0.4652,0.5348
3,3.5,left-hand,0.9942,0.0058
3,3.5,left-hand,0.9968,0.0032
3,3.5,left-hand,0.9925,0.0075
3,3.5,left-hand,0.9803,0.0197
3,3.5,right-hand,0.0018,0.9982
3,3.5,right-hand,0.0022,0.9978
3,3.5,left-hand,0.9937,0.0063
3,3.5,right-hand,0.0004,0.9996
3,3.5,right-hand,0.0005,0.9995
3,3.5,right-hand,0.0002,0.9998
3,3.5,right-hand,0.014,0.986
3,3.5,right-hand,0.001,0.999
3,3.5,left-hand,0.9781,0.0219
3,3.5,left-hand,0.9795,0.0205
3,3.5,left-hand,0.9981,0.0019
3,3.5,left-hand,0.9899,0.0101
3,3.5,right-hand,0.0018,0.9982
3,3.5,left-hand,0.9826,0.0174
3,3.5,right-hand,0.0505,0.9495
3,3.5,right-hand,0.0064,0.9936
3,3.5,left-hand,0.941,0.059
3,3.5,right-hand,0.0017,0.9983
3,3.5,right-hand,0.4107,0.5893
3,3.5,right-hand,0.594,0.406
3,3.5,left-hand,0.9936,0.0064
3,3.5,right-hand,0.3401,0.6599
3,3.5,left-hand,0.9414,0.0586
3,3.5,left-hand,0.9814,0.0186
3,3.5,right-hand,0.5059,0.4941
3,3.5,left-hand,0.7103,0.2897
3,3.5,left-hand,0.2151,0.7849
3,3.5,left-hand,0.0372,0.9628
3,3.5,left-hand,0.9122,0.0878
3,3.5,left-hand,0.9593,0.0407
3,3.5,right-hand,0.021,0.979
3,3.5,left-hand,0.6879,0.3121
3,3.5,right-hand,0.012,0.988
3,3.5,left-hand,0.9765,0.0235
3,3.5,left-hand,0.997,0.003
3,3.5,left-hand,0.9077,0.0923
3,3.5,left-hand,0.282,0.718
3,3.5,right-hand,0.0057,0.9943
3,3.5,right-hand,0.0042,0.9958
3,3.5,left-hand,0.9388,0.0612
3,3.5,left-hand,0.951,0.049
3,3.5,right-hand,0.0075,0.9925
3,3.5,right-hand,0.0173,0.9827
3,3.5,right-hand,0.1172,0.8828
3,3.5,left-hand,0.9292,0.0708
3,3.5,left-hand,0.9618,0.0382
3,3.5,right-hand,0.587,0.413
3,3.5,right-hand,0.0003,0.9997
3,3.5,left-hand,0.5759,0.4241
3,3.5,left-hand,0.9994,0.0006
3,3.5,right-hand,0.7387,0.2613
4,3.5,right-hand,0.0173,0.9827
4,3.5,right-hand,0.0246,0.9754
4,3.5,left-hand,0.9922,0.0078
4,3.5,left-hand,0.9753,0.0247
4,3.5,left-hand,0.0559,0.9441
4,3.5,right-hand,0.0053,0.9947
4,3.5,left-hand,0.9817,0.0183
4,3.5,right-hand,0.039,0.961
4,3.5,left-hand,0.3209,0.6791
4,3.5,left-hand,0.2554,0.7446
4,3.5,left-hand,0.9328,0.0672
4,3.5,right-hand,0.1382,0.8618
4,3.5,right-hand,0.0236,0.9764
4,3.5,left-hand,0.983,0.017
4,3.5,right-hand,0.1437,0.8563
4,3.5,left-hand,0.9978,0.0022
4,3.5,right-hand,0.6768,0.3232
4,3.5,right-hand,0.025,0.975
4,3.5,right-hand,0.6501,0.3499
4,3.5,right-hand,0.4206,0.5794
4,3.5,left-hand,0.0184,0.9816
4,3.5,left-hand,0.9988,0.0012
4,3.5,right-hand,0.0863,0.9137
4,3.5,right-hand,0.1547,0.8453
4,3.5,right-hand,0.0125,0.9875
4,3.5,left-hand,0.9811,0.0189
4,3.5,left-hand,0.9845,0.0155
4,3.5,right-hand,0.0238,0.9762
4,3.5,left-hand,0.2237,0.7763
4,3.5,right-hand,0.0259,0.9741
4,3.5,right-hand,0.9354,0.0646
4,3.5,right-hand,0.0288,0.9712
4,3.5,left-hand,0.9833,0.0167
4,3.5,left-hand,0.9755,0.0245
4,3.5,left-hand,0.9852,0.0148
4,3.5,right-hand,0.7332,0.2668
4,3.5,left-hand,0.9938,0.0062
4,3.5,left-hand,0.999,0.001
4,3.5,right-hand,0.008,0.992
4,3.5,right-hand,0.0049,0.9951
4,3.5,left-hand,0.0194,0.9806
4,3.5,right-hand,0.9913,0.0087
4,3.5,right-hand,0.5069,0.4931
4,3.5,left-hand,0.9929,0.0071
4,3.5,right-hand,0.2746,0.7254
4,3.5,left-hand,0.984,0.016
4,3.5,right-hand,0.7256,0.2744
4,3.5,right-hand,0.5346,0.4654
4,3.5,right-hand,0.6242,0.3758
4,3.5,right-hand,0.0069,0.9931
4,3.5,left-hand,0.2631,0.7369
4,3.5,left-hand,0.9766,0.0234
4,3.5,right-hand,0.0283,0.9717
4,3.5,left-hand,0.6628,0.3372
4,3.5,right-hand,0.0651,0.9349
4,3.5,right-hand,0.0026,0.9974
4,3.5,left-hand,0.9925,0.0075
4,3.5,left-hand,0.9754,0.0246
4,3.5,right-hand,0.0936,0.9064
4,3.5,right-hand,0.0147,0.9853
4,3.5,left-hand,0.9967,0.0033
4,3.5,right-hand,0.1276,0.8724
4,3.5,right-hand,0.6894,0.3106
4,3.5,right-hand,0.0016,0.9984
4,3.5,left-hand,0.96,0.04
4,3.5,right-hand,0.0038,0.9962
4,3.5,left-hand,0.9822,0.0178
4,3.5,left-hand,0.9922,0.0078
4,3.5,right-hand,0.0026,0.9974
4,3.5,left-hand,0.9993,0.0007
4,3.5,left-hand,0.9992,0.0008
4,3.5,right-hand,0.002,0.998
4,3.5,right-hand,0.0008,0.9992
4,3.5,right-hand,0.0615,0.9385
4,3.5,right-hand,0.0027,0.9973
4,3.5,left-hand,0.9991,0.0009
4,3.5,left-hand,0.9876,0.0124
4,3.5,left-hand,0.9213,0.0787
4,3.5,right-hand,0.0013,0.9987
4,3.5,right-hand,0.9128,0.0872
4,3.5,left-hand,0.9968,0.0032
4,3.5,left-hand,0.9976,0.0024
4,3.5,left-hand,0.9986,0.0014
4,3.5,right-hand,0.5527,0.4473
4,3.5,left-hand,0.9684,0.0316
4,3.5,left-hand,0.9798,0.0202
4,3.5,right-hand,0.0022,0.9978
4,3.5,left-hand,0.9978,0.0022
4,3.5,left-hand,0.9986,0.0014
4,3.5,right-hand,0.0236,0.9764
4,3.5,left-hand,0.9987,0.0013
4,3.5,left-hand,0.8144,0.1856
4,3.5,left-hand,0.1051,0.8949
4,3.5,right-hand,0.0064,0.9936
4,3.5,left-hand,0.975,0.025
4,3.5,right-hand,0.0005,0.9995
4,3.5,left-hand,0.9295,0.0705
4,3.5,left-hand,0.997,0.003
4,3.5,left-hand,0.9965,0.0035
4,3.5,left-hand,0.999,0.001
4,3.5,left-hand,0.9984,0.0016
4,3.5,left-hand,0.9754,0.0246
4,3.5,right-hand,0.0008,0.9992
4,3.5,right-hand,0.0004,0.9996
4,3.5,right-hand,0.0024,0.9976
4,3.5,right-hand,0.9817,0.0183
4,3.5,right-hand,0.539,0.461
4,3.5,right-hand,0.0016,0.9984
4,3.5,left-hand,0.4652,0.5348
4,3.5,right-hand,0.001,0.999
4,3.5,right-hand,0.0023,0.9977
4,3.5,right-hand,0.0008,0.9992
4,3.5,left-hand,0.9892,0.0108
4,3.5,left-hand,0.4934,0.5066
4,3.5,left-hand,0.9729,0.0271
4,3.5,right-hand,0.0277,0.9723
4,3.5,right-hand,0.0065,0.9935
4,3.5,right-hand,0.3112,0.6888
4,3.5,right-hand,0.9982,0.0018
4,3.5,left-hand,0.9443,0.0557
4,3.5,left-hand,0.9973,0.0027
4,3.5,left-hand,0.9812,0.0188
4,3.5,left-hand,0.3856,0.6144
4,3.5,right-hand,0.2417,0.7583
4,3.5,left-hand,0.3539,0.6461
4,3.5,right-hand,0.8548,0.1452
4,3.5,right-hand,0.0022,0.9978
4,3.5,right-hand,0.9554,0.0446
4,3.5,left-hand,0.8776,0.1224
4,3.5,right-hand,0.0005,0.9995
4,3.5,right-hand,0.8115,0.1885
4,3.5,right-hand,0.0008,0.9992
4,3.5,left-hand,0.9976,0.0024
4,3.5,left-hand,0.9994,0.0006
4,3.5,left-hand,0.7321,0.2679
4,3.5,right-hand,0.0102,0.9898
4,3.5,left-hand,0.652,0.348
4,3.5,left-hand,0.9902,0.0098
4,3.5,right-hand,0.0596,0.9404
4,3.5,right-hand,0.0017,0.9983
4,3.5,left-hand,0.9762,0.0238
4,3.5,left-hand,0.937,0.063
4,3.5,left-hand,0.9989,0.0011
4,3.5,left-hand,0.9326,0.0674
4,3.5,left-hand,0.9919,0.0081
4,3.5,right-hand,0.0008,0.9992
4,3.5,right-hand,0.3074,0.6926
4,3.5,left-hand,0.5867,0.4133
5,3.5,left-hand,0.0549,0.9451
5,3.5,right-hand,0.1888,0.8112
5,3.5,left-hand,0.9979,0.0021
5,3.5,right-hand,0.0202,0.9798
5,3.5,left-hand,0.9944,0.0056
5,3.5,right-hand,0.014,0.986
5,3.5,right-hand,0.0919,0.9081
5,3.5,right-hand,0.2447,0.7553
5,3.5,left-hand,0.9683,0.0317
5,3.5,right-hand,0.5956,0.4044
5,3.5,right-hand,0.0088,0.9912
5,3.5,right-hand,0.3765,0.6235
5,3.5,left-hand,0.9624,0.0376
5,3.5,right-hand,0.0037,0.9963
5,3.5,right-hand,0.9918,0.0082
5,3.5,left-hand,0.9828,0.0172
5,3.5,right-hand,0.1222,0.8778
5,3.5,right-hand,0.3665,0.6335
5,3.5,left-hand,0.193,0.807
5,3.5,left-hand,0.9919,0.0081
5,3.5,left-hand,0.9334,0.0666
5,3.5,left-hand,0.9864,0.0136
5,3.5,right-hand,0.0144,0.9856
5,3.5,left-hand,0.9993,0.0007
5,3.5,right-hand,0.0136,0.9864
5,3.5,left-hand,0.9682,0.0318
5,3.5,right-hand,0.7877,0.2123
5,3.5,right-hand,0.1986,0.8014
5,3.5,left-hand,0.9982,0.0018
5,3.5,left-hand,0.9174,0.0826
5,3.5,right-hand,0.0052,0.9948
5,3.5,right-hand,0.0015,0.9985
5,3.5,right-hand,0.0015,0.9985
5,3.5,left-hand,0.9989,0.0011
5,3.5,right-hand,0.049,0.951
5,3.5,left-hand,0.9716,0.0284
5,3.5,left-hand,0.5906,0.4094
5,3.5,right-hand,0.0059,0.9941
5,3.5,right-hand,0.4447,0.5553
5,3.5,left-hand,0.9982,0.0018
5,3.5,right-hand,0.0007,0.9993
5,3.5,left-hand,0.9865,0.0135
5,3.5,right-hand,0.0075,0.9925
5,3.5,left-hand,0.9971,0.0029
5,3.5,left-hand,0.9173,0.0827
5,3.5,left-hand,0.9869,0.0131
5,3.5,right-hand,0.006,0.994
5,3.5,left-hand,0.9978,0.0022
5,3.5,left-hand,0.9928,0.0072
5,3.5,left-hand,0.9994,0.0006
5,3.5,left-hand,0.776,0.224
5,3.5,right-hand,0.2908,0.7092
5,3.5,right-hand,0.0014,0.9986
5,3.5,right-hand,0.0747,0.9253
5,3.5,left-hand,0.4649,0.5351
5,3.5,right-hand,0.0232,0.9768
5,3.5,right-hand,0.0192,0.9808
5,3.5,left-hand,0.9941,0.0059
5,3.5,right-hand,0.546,0.454
5,3.5,left-hand,0.8126,0.1874
5,3.5,right-hand,0.0021,0.9979
5,3.5,right-hand,0.0669,0.9331
5,3.5,left-hand,0.6845,0.3155
5,3.5,left-hand,0.9823,0.0177
5,3.5,left-hand,0.9638,0.0362
5,3.5,left-hand,0.9991,0.0009
5,3.5,right-hand,0.001,0.999
5,3.5,right-hand,0.0005,0.9995
5,3.5,left-hand,0.9958,0.0042
5,3.5,right-hand,0.002,0.998
5,3.5,left-hand,0.9992,0.0008
5,3.5,right-hand,0.0024,0.9976
5,3.5,left-hand,0.9949,0.0051
5,3.5,left-hand,0.978,0.022
5,3.5,right-hand,0.1625,0.8375
5,3.5,right-hand,0.0041,0.9959
5,3.5,left-hand,0.9988,0.0012
5,3.5,left-hand,0.9964,0.0036
5,3.5,left-hand,0.9967,0.0033
5,3.5,right-hand,0.0149,0.9851
5,3.5,left-hand,0.9194,0.0806
5,3.5,left-hand,0.9967,0.0033
5,3.5,right-hand,0.0046,0.9954
5,3.5,right-hand,0.0004,0.9996
5,3.5,left-hand,0.9989,0.0011
5,3.5,right-hand,0.8766,0.1234
5,3.5,right-hand,0.0006,0.9994
5,3.5,left-hand,0.9951,0.0049
5,3.5,left-hand,0.999,0.001
5,3.5,right-hand,0.0003,0.9997
5,3.5,right-hand,0.0004,0.9996
5,3.5,left-hand,0.9976,0.0024
5,3.5,right-hand,0.0005,0.9995
5,3.5,left-hand,0.8875,0.1125
5,3.5,left-hand,0.9982,0.0018
5,3.5,right-hand,0.0387,0.9613
5,3.5,left-hand,0.9888,0.0112
5,3.5,right-hand,0.0005,0.9995
5,3.5,right-hand,0.0027,0.9973
5,3.5,right-hand,0.0007,0.9993
5,3.5,right-hand,0.0745,0.9255
5,3.5,left-hand,0.9416,0.0584
5,3.5,right-hand,0.0027,0.9973
5,3.5,left-hand,0.9633,0.0367
5,3.5,left-hand,0.9597,0.0403
5,3.5,left-hand,0.9274,0.0726
5,3.5,right-hand,0.1059,0.8941
5,3.5,right-hand,0.0003,0.9997
5,3.5,right-hand,0.0035,0.9965
5,3.5,left-hand,0.6857,0.3143
5,3.5,left-hand,0.4524,0.5476
5,3.5,right-hand,0.0025,0.9975
5,3.5,right-hand,0.0008,0.9992
5,3.5,right-hand,0.1484,0.8516
5,3.5,left-hand,0.8738,0.1262
5,3.5,left-hand,0.984,0.016
5,3.5,left-hand,0.9941,0.0059
5,3.5,left-hand,0.5794,0.4206
5,3.5,left-hand,0.9687,0.0313
5,3.5,left-hand,0.9012,0.0988
5,3.5,left-hand,0.0781,0.9219
5,3.5,right-hand,0.0011,0.9989
5,3.5,right-hand,0.1681,0.8319
5,3.5,right-hand,0.0076,0.9924
5,3.5,right-hand,0.0018,0.9982
5,3.5,left-hand,0.627,0.373
5,3.5,left-hand,0.9916,0.0084
5,3.5,right-hand,0.0501,0.9499
5,3.5,right-hand,0.0163,0.9837
5,3.5,left-hand,0.977,0.023
5,3.5,left-hand,0.9757,0.0243
5,3.5,left-hand,0.7918,0.2082
5,3.5,right-hand,0.0014,0.9986
5,3.5,left-hand,0.6564,0.3436
5,3.5,right-hand,0.0018,0.9982
5,3.5,left-hand,0.9977,0.0023
5,3.5,right-hand,0.0053,0.9947
5,3.5,right-hand,0.0005,0.9995
5,3.5,right-hand,0.0019,0.9981
5,3.5,left-hand,0.9639,0.0361
5,3.5,left-hand,0.7197,0.2803
5,3.5,right-hand,0.0122,0.9878
5,3.5,left-hand,0.997,0.003
5,3.5,left-hand,0.9848,0.0152
5,3.5,right-hand,0.0015,0.9985
5,3.5,right-hand,0.0011,0.9989
5,3.5,right-hand,0.9946,0.0054
5,3.5,left-hand,0.9787,0.0213
