fold,tmin,true_label,left-hand,right-hand
1,3.5,right-hand,0.7971,0.2029
1,3.5,left-hand,0.6386,0.3614
1,3.5,right-hand,0.0649,0.9351
1,3.5,right-hand,0.9129,0.0871
1,3.5,right-hand,0.3501,0.6499
1,3.5,left-hand,0.8608,0.1392
1,3.5,left-hand,0.9505,0.0495
1,3.5,left-hand,0.9333,0.0667
1,3.5,left-hand,0.7951,0.2049
1,3.5,right-hand,0.2577,0.7423
1,3.5,left-hand,0.35,0.65
1,3.5,right-hand,0.2309,0.7691
1,3.5,left-hand,0.6898,0.3102
1,3.5,left-hand,0.9224,0.0776
1,3.5,right-hand,0.0612,0.9388
1,3.5,right-hand,0.3023,0.6977
1,3.5,right-hand,0.5173,0.4827
1,3.5,left-hand,0.4299,0.5701
1,3.5,right-hand,0.6506,0.3494
1,3.5,right-hand,0.1647,0.8353
1,3.5,left-hand,0.7263,0.2737
1,3.5,right-hand,0.8267,0.1733
1,3.5,right-hand,0.3627,0.6373
1,3.5,left-hand,0.9211,0.0789
1,3.5,left-hand,0.0581,0.9419
1,3.5,left-hand,0.9835,0.0165
1,3.5,right-hand,0.0477,0.9523
1,3.5,right-hand,0.8633,0.1367
1,3.5,right-hand,0.0952,0.9048
1,3.5,left-hand,0.1043,0.8957
1,3.5,left-hand,0.5121,0.4879
1,3.5,left-hand,0.9814,0.0186
1,3.5,left-hand,0.7836,0.2164
1,3.5,left-hand,0.3729,0.6271
1,3.5,right-hand,0.8512,0.1488
1,3.5,right-hand,0.325,0.675
1,3.5,right-hand,0.0549,0.9451
1,3.5,left-hand,0.2059,0.7941
1,3.5,right-hand,0.811,0.189
1,3.5,left-hand,0.9914,0.0086
1,3.5,left-hand,0.9599,0.0401
1,3.5,left-hand,0.586,0.414
1,3.5,right-hand,0.5345,0.4655
1,3.5,right-hand,0.4209,0.5791
1,3.5,left-hand,0.9716,0.0284
1,3.5,left-hand,0.119,0.881
1,3.5,right-hand,0.8711,0.1289
1,3.5,right-hand,0.0205,0.9795
1,3.5,right-hand,0.0042,0.9958
1,3.5,right-hand,0.0097,0.9903
1,3.5,left-hand,0.9036,0.0964
1,3.5,right-hand,0.0171,0.9829
1,3.5,left-hand,0.8672,0.1328
1,3.5,left-hand,0.6574,0.3426
1,3.5,right-hand,0.1484,0.8516
1,3.5,left-hand,0.9793,0.0207
1,3.5,left-hand,0.9534,0.0466
1,3.5,right-hand,0.0112,0.9888
1,3.5,left-hand,0.995,0.005
1,3.5,left-hand,0.5249,0.4751
1,3.5,right-hand,0.4466,0.5534
1,3.5,left-hand,0.7688,0.2312
1,3.5,right-hand,0.2962,0.7038
1,3.5,right-hand,0.1875,0.8125
1,3.5,right-hand,0.0032,0.9968
1,3.5,left-hand,0.9509,0.0491
1,3.5,right-hand,0.0783,0.9217
1,3.5,left-hand,0.6565,0.3435
1,3.5,left-hand,0.0638,0.9362
1,3.5,left-hand,0.6162,0.3838
1,3.5,left-hand,0.8027,0.1973
1,3.5,right-hand,0.5737,0.4263
1,3.5,left-hand,0.7095,0.2905
1,3.5,right-hand,0.001,0.999
1,3.5,left-hand,0.9982,0.0018
1,3.5,left-hand,0.7705,0.2295
1,3.5,left-hand,0.879,0.121
1,3.5,left-hand,0.9911,0.0089
1,3.5,right-hand,0.2217,0.7783
1,3.5,left-hand,0.3553,0.6447
1,3.5,left-hand,0.1036,0.8964
1,3.5,right-hand,0.2306,0.7694
1,3.5,right-hand,0.6329,0.3671
1,3.5,right-hand,0.0085,0.9915
1,3.5,left-hand,0.9351,0.0649
1,3.5,right-hand,0.0023,0.9977
1,3.5,right-hand,0.8292,0.1708
1,3.5,right-hand,0.0528,0.9472
1,3.5,right-hand,0.1776,0.8224
1,3.5,left-hand,0.9142,0.0858
1,3.5,left-hand,0.9366,0.0634
1,3.5,right-hand,0.3833,0.6167
1,3.5,left-hand,0.9923,0.0077
1,3.5,left-hand,0.6489,0.3511
1,3.5,left-hand,0.9749,0.0251
1,3.5,right-hand,0.8449,0.1551
1,3.5,left-hand,0.6948,0.3052
1,3.5,left-hand,0.9894,0.0106
1,3.5,left-hand,0.8416,0.1584
1,3.5,right-hand,0.5224,0.4776
1,3.5,left-hand,0.9371,0.0629
1,3.5,right-hand,0.0799,0.9201
1,3.5,right-hand,0.0264,0.9736
1,3.5,left-hand,0.7533,0.2467
1,3.5,left-hand,0.8384,0.1616
1,3.5,right-hand,0.7937,0.2063
1,3.5,right-hand,0.0176,0.9824
1,3.5,right-hand,0.7154,0.2846
1,3.5,left-hand,0.8157,0.1843
1,3.5,right-hand,0.1928,0.8072
1,3.5,left-hand,0.958,0.042
1,3.5,right-hand,0.1536,0.8464
1,3.5,left-hand,0.2138,0.7862
1,3.5,right-hand,0.5576,0.4424
1,3.5,right-hand,0.046,0.954
1,3.5,right-hand,0.7286,0.2714
1,3.5,right-hand,0.8899,0.1101
1,3.5,left-hand,0.9133,0.0867
1,3.5,left-hand,0.1467,0.8533
1,3.5,right-hand,0.1134,0.8866
1,3.5,left-hand,0.9896,0.0104
1,3.5,right-hand,0.0156,0.9844
1,3.5,right-hand,0.0064,0.9936
1,3.5,right-hand,0.1814,0.8186
1,3.5,right-hand,0.0236,0.9764
1,3.5,right-hand,0.1507,0.8493
1,3.5,right-hand,0.5223,0.4777
1,3.5,left-hand,0.9819,0.0181
1,3.5,right-hand,0.5071,0.4929
1,3.5,right-hand,0.0206,0.9794
1,3.5,left-hand,0.619,0.381
1,3.5,left-hand,0.2228,0.7772
1,3.5,left-hand,0.576,0.424
1,3.5,right-hand,0.0043,0.9957
1,3.5,right-hand,0.0206,0.9794
1,3.5,left-hand,0.5852,0.4148
1,3.5,right-hand,0.0068,0.9932
1,3.5,left-hand,0.948,0.052
1,3.5,left-hand,0.8081,0.1919
1,3.5,left-hand,0.1517,0.8483
1,3.5,right-hand,0.6352,0.3648
1,3.5,right-hand,0.424,0.576
1,3.5,left-hand,0.9237,0.0763
1,3.5,left-hand,0.9804,0.0196
2,3.5,left-hand,0.1947,0.8053
2,3.5,left-hand,0.6372,0.3628
2,3.5,right-hand,0.0985,0.9015
2,3.5,left-hand,0.3964,0.6036
2,3.5,right-hand,0.4187,0.5813
2,3.5,right-hand,0.574,0.426
2,3.5,right-hand,0.359,0.641
2,3.5,right-hand,0.0402,0.9598
2,3.5,left-hand,0.932,0.068
2,3.5,right-hand,0.0396,0.9604
2,3.5,left-hand,0.2199,0.7801
2,3.5,left-hand,0.047,0.953
2,3.5,left-hand,0.1862,0.8138
2,3.5,right-hand,0.2549,0.7451
2,3.5,left-hand,0.265,0.735
2,3.5,right-hand,0.8546,0.1454
2,3.5,right-hand,0.6156,0.3844
2,3.5,left-hand,0.9273,0.0727
2,3.5,right-hand,0.1804,0.8196
2,3.5,left-hand,0.9842,0.0158
2,3.5,right-hand,0.9671,0.0329
2,3.5,left-hand,0.6094,0.3906
2,3.5,right-hand,0.0459,0.9541
2,3.5,left-hand,0.5416,0.4584
2,3.5,right-hand,0.1019,0.8981
2,3.5,right-hand,0.5113,0.4887
2,3.5,left-hand,0.1214,0.8786
2,3.5,right-hand,0.1758,0.8242
2,3.5,right-hand,0.0147,0.9853
2,3.5,right-hand,0.6547,0.3453
2,3.5,right-hand,0.7448,0.2552
2,3.5,left-hand,0.8578,0.1422
2,3.5,left-hand,0.4474,0.5526
2,3.5,right-hand,0.5683,0.4317
2,3.5,left-hand,0.6275,0.3725
2,3.5,right-hand,0.2371,0.7629
2,3.5,left-hand,0.984,0.016
2,3.5,left-hand,0.0361,0.9639
2,3.5,right-hand,0.0847,0.9153
2,3.5,left-hand,0.9486,0.0514
2,3.5,right-hand,0.0564,0.9436
2,3.5,right-hand,0.0109,0.9891
2,3.5,right-hand,0.4812,0.5188
2,3.5,left-hand,0.9411,0.0589
2,3.5,left-hand,0.4717,0.5283
2,3.5,right-hand,0.2291,0.7709
2,3.5,left-hand,0.9853,0.0147
2,3.5,right-hand,0.3019,0.6981
2,3.5,right-hand,0.0584,0.9416
2,3.5,left-hand,0.9322,0.0678
2,3.5,right-hand,0.0639,0.9361
2,3.5,right-hand,0.0063,0.9937
2,3.5,left-hand,0.9478,0.0522
2,3.5,right-hand,0.0271,0.9729
2,3.5,right-hand,0.0054,0.9946
2,3.5,left-hand,0.9939,0.0061
2,3.5,right-hand,0.6787,0.3213
2,3.5,right-hand,0.0184,0.9816
2,3.5,right-hand,0.4966,0.5034
2,3.5,right-hand,0.0052,0.9948
2,3.5,left-hand,0.2153,0.7847
2,3.5,left-hand,0.9713,0.0287
2,3.5,right-hand,0.4006,0.5994
2,3.5,left-hand,0.6847,0.3153
2,3.5,right-hand,0.0383,0.9617
2,3.5,right-hand,0.3967,0.6033
2,3.5,left-hand,0.9273,0.0727
2,3.5,left-hand,0.9665,0.0335
2,3.5,left-hand,0.9498,0.0502
2,3.5,right-hand,0.0754,0.9246
2,3.5,left-hand,0.6861,0.3139
2,3.5,right-hand,0.0022,0.9978
2,3.5,right-hand,0.2123,0.7877
2,3.5,left-hand,0.9603,0.0397
2,3.5,right-hand,0.0092,0.9908
2,3.5,left-hand,0.4036,0.5964
2,3.5,right-hand,0.5049,0.4951
2,3.5,right-hand,0.1148,0.8852
2,3.5,right-hand,0.6124,0.3876
2,3.5,left-hand,0.7957,0.2043
2,3.5,left-hand,0.8354,0.1646
2,3.5,right-hand,0.218,0.782
2,3.5,left-hand,0.2224,0.7776
2,3.5,right-hand,0.1133,0.8867
2,3.5,right-hand,0.0136,0.9864
2,3.5,left-hand,0.5929,0.4071
2,3.5,left-hand,0.9779,0.0221
2,3.5,left-hand,0.5274,0.4726
2,3.5,right-hand,0.0182,0.9818
2,3.5,left-hand,0.9703,0.0297
2,3.5,left-hand,0.3852,0.6148
2,3.5,left-hand,0.3558,0.6442
2,3.5,left-hand,0.9943,0.0057
2,3.5,right-hand,0.2406,0.7594
2,3.5,left-hand,0.9879,0.0121
2,3.5,right-hand,0.2732,0.7268
2,3.5,left-hand,0.1786,0.8214
2,3.5,left-hand,0.0308,0.9692
2,3.5,right-hand,0.7628,0.2372
2,3.5,right-hand,0.0659,0.9341
2,3.5,right-hand,0.037,0.963
2,3.5,right-hand,0.0576,0.9424
2,3.5,right-hand,0.2479,0.7521
2,3.5,left-hand,0.9165,0.0835
2,3.5,left-hand,0.652,0.348
2,3.5,right-hand,0.022,0.978
2,3.5,right-hand,0.0024,0.9976
2,3.5,left-hand,0.9622,0.0378
2,3.5,right-hand,0.8395,0.1605
2,3.5,right-hand,0.4938,0.5062
2,3.5,right-hand,0.9363,0.0637
2,3.5,left-hand,0.5669,0.4331
2,3.5,left-hand,0.9806,0.0194
2,3.5,left-hand,0.9676,0.0324
2,3.5,left-hand,0.35,0.65
2,3.5,left-hand,0.9373,0.0627
2,3.5,left-hand,0.9557,0.0443
2,3.5,left-hand,0.9638,0.0362
2,3.5,right-hand,0.01,0.99
2,3.5,left-hand,0.677,0.323
2,3.5,right-hand,0.9082,0.0918
2,3.5,left-hand,0.4338,0.5662
2,3.5,left-hand,0.896,0.104
2,3.5,left-hand,0.9897,0.0103
2,3.5,right-hand,0.9052,0.0948
2,3.5,left-hand,0.9866,0.0134
2,3.5,left-hand,0.4398,0.5602
2,3.5,right-hand,0.1132,0.8868
2,3.5,left-hand,0.4173,0.5827
2,3.5,left-hand,0.6601,0.3399
2,3.5,right-hand,0.565,0.435
2,3.5,left-hand,0.9513,0.0487
2,3.5,left-hand,0.0406,0.9594
2,3.5,left-hand,0.9979,0.0021
2,3.5,left-hand,0.9378,0.0622
2,3.5,right-hand,0.8079,0.1921
2,3.5,right-hand,0.0237,0.9763
2,3.5,right-hand,0.0533,0.9467
2,3.5,left-hand,0.9659,0.0341
2,3.5,right-hand,0.9229,0.0771
2,3.5,right-hand,0.1086,0.8914
2,3.5,left-hand,0.2761,0.7239
2,3.5,left-hand,0.3668,0.6332
2,3.5,right-hand,0.0349,0.9651
3,3.5,left-hand,0.9581,0.0419
3,3.5,left-hand,0.4566,0.5434
3,3.5,right-hand,0.6719,0.3281
3,3.5,right-hand,0.0163,0.9837
3,3.5,left-hand,0.6637,0.3363
3,3.5,left-hand,0.5766,0.4234
3,3.5,left-hand,0.8327,0.1673
3,3.5,right-hand,0.204,0.796
3,3.5,left-hand,0.9303,0.0697
3,3.5,left-hand,0.7553,0.2447
3,3.5,right-hand,0.1699,0.8301
3,3.5,left-hand,0.9505,0.0495
3,3.5,left-hand,0.9203,0.0797
3,3.5,right-hand,0.3635,0.6365
3,3.5,right-hand,0.7065,0.2935
3,3.5,left-hand,0.5297,0.4703
3,3.5,left-hand,0.7332,0.2668
3,3.5,left-hand,0.9931,0.0069
3,3.5,left-hand,0.958,0.042
3,3.5,right-hand,0.0967,0.9033
3,3.5,right-hand,0.1851,0.8149
3,3.5,left-hand,0.5442,0.4558
3,3.5,right-hand,0.7003,0.2997
3,3.5,left-hand,0.1974,0.8026
3,3.5,left-hand,0.1919,0.8081
3,3.5,right-hand,0.8464,0.1536
3,3.5,right-hand,0.3744,0.6256
3,3.5,right-hand,0.1879,0.8121
3,3.5,left-hand,0.1118,0.8882
3,3.5,right-hand,0.6638,0.3362
3,3.5,right-hand,0.0592,0.9408
3,3.5,left-hand,0.3218,0.6782
3,3.5,right-hand,0.2825,0.7175
3,3.5,right-hand,0.112,0.888
3,3.5,left-hand,0.7303,0.2697
3,3.5,right-hand,0.4269,0.5731
3,3.5,left-hand,0.2758,0.7242
3,3.5,right-hand,0.1764,0.8236
3,3.5,right-hand,0.4037,0.5963
3,3.5,left-hand,0.1693,0.8307
3,3.5,right-hand,0.0096,0.9904
3,3.5,left-hand,0.8945,0.1055
3,3.5,right-hand,0.6227,0.3773
3,3.5,right-hand,0.7524,0.2476
3,3.5,left-hand,0.8593,0.1407
3,3.5,right-hand,0.4097,0.5903
3,3.5,right-hand,0.3065,0.6935
3,3.5,left-hand,0.6315,0.3685
3,3.5,left-hand,0.9959,0.0041
3,3.5,right-hand,0.0134,0.9866
3,3.5,left-hand,0.8219,0.1781
3,3.5,left-hand,0.9882,0.0118
3,3.5,left-hand,0.8877,0.1123
3,3.5,right-hand,0.0036,0.9964
3,3.5,left-hand,0.9703,0.0297
3,3.5,right-hand,0.3944,0.6056
3,3.5,left-hand,0.9983,0.0017
3,3.5,right-hand,0.0352,0.9648
3,3.5,right-hand,0.0185,0.9815
3,3.5,right-hand,0.0021,0.9979
3,3.5,left-hand,0.9124,0.0876
3,3.5,left-hand,0.9932,0.0068
3,3.5,left-hand,0.7441,0.2559
3,3.5,right-hand,0.0785,0.9215
3,3.5,right-hand,0.0208,0.9792
3,3.5,left-hand,0.0301,0.9699
3,3.5,left-hand,0.7696,0.2304
3,3.5,right-hand,0.2927,0.7073
3,3.5,left-hand,0.3066,0.6934
3,3.5,right-hand,0.0897,0.9103
3,3.5,right-hand,0.5032,0.4968
3,3.5,right-hand,0.0075,0.9925
3,3.5,right-hand,0.2412,0.7588
3,3.5,right-hand,0.4745,0.5255
3,3.5,left-hand,0.9913,0.0087
3,3.5,right-hand,0.0909,0.9091
3,3.5,left-hand,0.9945,0.0055
3,3.5,right-hand,0.1666,0.8334
3,3.5,left-hand,0.9781,0.0219
3,3.5,left-hand,0.8382,0.1618
3,3.5,right-hand,0.6946,0.3054
3,3.5,left-hand,0.9405,0.0595
3,3.5,left-hand,0.9865,0.0135
3,3.5,left-hand,0.2794,0.7206
3,3.5,left-hand,0.6798,0.3202
3,3.5,left-hand,0.8415,0.1585
3,3.5,right-hand,0.082,0.918
3,3.5,left-hand,0.9782,0.0218
3,3.5,left-hand,0.9748,0.0252
3,3.5,right-hand,0.1078,0.8922
3,3.5,right-hand,0.3648,0.6352
3,3.5,right-hand,0.0432,0.9568
3,3.5,right-hand,0.2464,0.7536
3,3.5,right-hand,0.2135,0.7865
3,3.5,right-hand,0.3316,0.6684
3,3.5,left-hand,0.9493,0.0507
3,3.5,right-hand,0.931,0.069
3,3.5,left-hand,0.66,0.34
3,3.5,left-hand,0.6166,0.3834
3,3.5,left-hand,0.5203,0.4797
3,3.5,left-hand,0.8868,0.1132
3,3.5,left-hand,0.9303,0.0697
3,3.5,left-hand,0.7911,0.2089
3,3.5,left-hand,0.7762,0.2238
3,3.5,right-hand,0.4099,0.5901
3,3.5,right-hand,0.163,0.837
3,3.5,right-hand,0.0799,0.9201
3,3.5,right-hand,0.6027,0.3973
3,3.5,right-hand,0.5398,0.4602
3,3.5,left-hand,0.9926,0.0074
3,3.5,right-hand,0.2127,0.7873
3,3.5,left-hand,0.8777,0.1223
3,3.5,left-hand,0.9155,0.0845
3,3.5,right-hand,0.1892,0.8108
3,3.5,left-hand,0.9662,0.0338
3,3.5,right-hand,0.0663,0.9337
3,3.5,left-hand,0.9591,0.0409
3,3.5,right-hand,0.6922,0.3078
3,3.5,right-hand,0.0119,0.9881
3,3.5,right-hand,0.5318,0.4682
3,3.5,right-hand,0.0109,0.9891
3,3.5,left-hand,0.984,0.016
3,3.5,left-hand,0.8991,0.1009
3,3.5,left-hand,0.9182,0.0818
3,3.5,right-hand,0.2067,0.7933
3,3.5,left-hand,0.9776,0.0224
3,3.5,right-hand,0.0735,0.9265
3,3.5,right-hand,0.0748,0.9252
3,3.5,right-hand,0.4918,0.5082
3,3.5,right-hand,0.6917,0.3083
3,3.5,left-hand,0.2698,0.7302
3,3.5,right-hand,0.3023,0.6977
3,3.5,left-hand,0.9843,0.0157
3,3.5,right-hand,0.452,0.548
3,3.5,left-hand,0.9876,0.0124
3,3.5,left-hand,0.5704,0.4296
3,3.5,left-hand,0.4426,0.5574
3,3.5,left-hand,0.797,0.203
3,3.5,right-hand,0.0405,0.9595
3,3.5,right-hand,0.5301,0.4699
3,3.5,left-hand,0.9863,0.0137
3,3.5,right-hand,0.0068,0.9932
3,3.5,right-hand,0.0146,0.9854
3,3.5,left-hand,0.1816,0.8184
4,3.5,right-hand,0.7893,0.2107
4,3.5,left-hand,0.3639,0.6361
4,3.5,right-hand,0.938,0.062
4,3.5,left-hand,0.9893,0.0107
4,3.5,left-hand,0.9306,0.0694
4,3.5,right-hand,0.5209,0.4791
4,3.5,right-hand,0.0117,0.9883
4,3.5,left-hand,0.1305,0.8695
4,3.5,right-hand,0.065,0.935
4,3.5,right-hand,0.8451,0.1549
4,3.5,right-hand,0.8941,0.1059
4,3.5,left-hand,0.9177,0.0823
4,3.5,left-hand,0.8477,0.1523
4,3.5,right-hand,0.2574,0.7426
4,3.5,left-hand,0.6669,0.3331
4,3.5,left-hand,0.4385,0.5615
4,3.5,right-hand,0.1569,0.8431
4,3.5,right-hand,0.4805,0.5195
4,3.5,right-hand,0.6125,0.3875
4,3.5,left-hand,0.8009,0.1991
4,3.5,right-hand,0.4613,0.5387
4,3.5,left-hand,0.8581,0.1419
4,3.5,left-hand,0.7033,0.2967
4,3.5,left-hand,0.0605,0.9395
4,3.5,left-hand,0.4978,0.5022
4,3.5,right-hand,0.3082,0.6918
4,3.5,left-hand,0.2803,0.7197
4,3.5,left-hand,0.0147,0.9853
4,3.5,left-hand,0.9915,0.0085
4,3.5,left-hand,0.2851,0.7149
4,3.5,left-hand,0.4322,0.5678
4,3.5,right-hand,0.0818,0.9182
4,3.5,left-hand,0.9667,0.0333
4,3.5,right-hand,0.1528,0.8472
4,3.5,right-hand,0.302,0.698
4,3.5,left-hand,0.0763,0.9237
4,3.5,right-hand,0.9556,0.0444
4,3.5,left-hand,0.9977,0.0023
4,3.5,right-hand,0.0696,0.9304
4,3.5,right-hand,0.6692,0.3308
4,3.5,left-hand,0.7403,0.2597
4,3.5,left-hand,0.6358,0.3642
4,3.5,right-hand,0.8253,0.1747
4,3.5,left-hand,0.9765,0.0235
4,3.5,left-hand,0.9836,0.0164
4,3.5,right-hand,0.0565,0.9435
4,3.5,right-hand,0.0245,0.9755
4,3.5,right-hand,0.011,0.989
4,3.5,right-hand,0.014,0.986
4,3.5,left-hand,0.9959,0.0041
4,3.5,right-hand,0.0142,0.9858
4,3.5,left-hand,0.9977,0.0023
4,3.5,left-hand,0.8528,0.1472
4,3.5,right-hand,0.0291,0.9709
4,3.5,left-hand,0.6922,0.3078
4,3.5,right-hand,0.0256,0.9744
4,3.5,right-hand,0.2391,0.7609
4,3.5,right-hand,0.87,0.13
4,3.5,left-hand,0.9861,0.0139
4,3.5,right-hand,0.1949,0.8051
4,3.5,left-hand,0.9941,0.0059
4,3.5,left-hand,0.8119,0.1881
4,3.5,left-hand,0.9931,0.0069
4,3.5,right-hand,0.9218,0.0782
4,3.5,right-hand,0.173,0.827
4,3.5,left-hand,0.9228,0.0772
4,3.5,right-hand,0.2706,0.7294
4,3.5,left-hand,0.9546,0.0454
4,3.5,left-hand,0.9104,0.0896
4,3.5,left-hand,0.5603,0.4397
4,3.5,right-hand,0.4721,0.5279
4,3.5,left-hand,0.9687,0.0313
4,3.5,left-hand,0.9394,0.0606
4,3.5,right-hand,0.2639,0.7361
4,3.5,right-hand,0.7019,0.2981
4,3.5,right-hand,0.6153,0.3847
4,3.5,left-hand,0.979,0.021
4,3.5,right-hand,0.0044,0.9956
4,3.5,right-hand,0.0462,0.9538
4,3.5,right-hand,0.9174,0.0826
4,3.5,left-hand,0.9862,0.0138
4,3.5,right-hand,0.0173,0.9827
4,3.5,left-hand,0.2021,0.7979
4,3.5,right-hand,0.0229,0.9771
4,3.5,left-hand,0.9762,0.0238
4,3.5,right-hand,0.5479,0.4521
4,3.5,right-hand,0.4631,0.5369
4,3.5,left-hand,0.358,0.642
4,3.5,right-hand,0.066,0.934
4,3.5,right-hand,0.0276,0.9724
4,3.5,left-hand,0.3295,0.6705
4,3.5,left-hand,0.9487,0.0513
4,3.5,right-hand,0.6804,0.3196
4,3.5,right-hand,0.3886,0.6114
4,3.5,left-hand,0.9976,0.0024
4,3.5,right-hand,0.0068,0.9932
4,3.5,left-hand,0.9396,0.0604
4,3.5,right-hand,0.1595,0.8405
4,3.5,right-hand,0.0166,0.9834
4,3.5,left-hand,0.9976,0.0024
4,3.5,right-hand,0.0671,0.9329
4,3.5,left-hand,0.2831,0.7169
4,3.5,left-hand,0.9953,0.0047
4,3.5,left-hand,0.9975,0.0025
4,3.5,left-hand,0.0104,0.9896
4,3.5,left-hand,0.9959,0.0041
4,3.5,right-hand,0.553,0.447
4,3.5,right-hand,0.0081,0.9919
4,3.5,right-hand,0.1045,0.8955
4,3.5,left-hand,0.0509,0.9491
4,3.5,left-hand,0.4407,0.5593
4,3.5,left-hand,0.0566,0.9434
4,3.5,left-hand,0.0938,0.9062
4,3.5,left-hand,0.4053,0.5947
4,3.5,right-hand,0.0356,0.9644
4,3.5,right-hand,0.0092,0.9908
4,3.5,right-hand,0.6187,0.3813
4,3.5,left-hand,0.8584,0.1416
4,3.5,left-hand,0.8102,0.1898
4,3.5,left-hand,0.8362,0.1638
4,3.5,left-hand,0.5185,0.4815
4,3.5,right-hand,0.8019,0.1981
4,3.5,right-hand,0.25,0.75
4,3.5,right-hand,0.1926,0.8074
4,3.5,left-hand,0.6641,0.3359
4,3.5,right-hand,0.8365,0.1635
4,3.5,left-hand,0.9725,0.0275
4,3.5,left-hand,0.9338,0.0662
4,3.5,right-hand,0.6118,0.3882
4,3.5,left-hand,0.0751,0.9249
4,3.5,right-hand,0.949,0.051
4,3.5,right-hand,0.9348,0.0652
4,3.5,right-hand,0.2294,0.7706
4,3.5,left-hand,0.9208,0.0792
4,3.5,right-hand,0.3096,0.6904
4,3.5,left-hand,0.941,0.059
4,3.5,right-hand,0.0134,0.9866
4,3.5,right-hand,0.0255,0.9745
4,3.5,left-hand,0.1705,0.8295
4,3.5,right-hand,0.9747,0.0253
4,3.5,right-hand,0.057,0.943
4,3.5,left-hand,0.9129,0.0871
4,3.5,right-hand,0.8065,0.1935
4,3.5,left-hand,0.9726,0.0274
5,3.5,right-hand,0.475,0.525
5,3.5,left-hand,0.2804,0.7196
5,3.5,left-hand,0.6153,0.3847
5,3.5,right-hand,0.1351,0.8649
5,3.5,right-hand,0.0911,0.9089
5,3.5,right-hand,0.6765,0.3235
5,3.5,left-hand,0.995,0.005
5,3.5,left-hand,0.914,0.086
5,3.5,right-hand,0.0848,0.9152
5,3.5,left-hand,0.9575,0.0425
5,3.5,right-hand,0.5647,0.4353
5,3.5,right-hand,0.7945,0.2055
5,3.5,right-hand,0.781,0.219
5,3.5,left-hand,0.1102,0.8898
5,3.5,left-hand,0.4253,0.5747
5,3.5,right-hand,0.2637,0.7363
5,3.5,right-hand,0.0091,0.9909
5,3.5,right-hand,0.1211,0.8789
5,3.5,left-hand,0.2593,0.7407
5,3.5,left-hand,0.0535,0.9465
5,3.5,right-hand,0.0536,0.9464
5,3.5,left-hand,0.5701,0.4299
5,3.5,left-hand,0.9642,0.0358
5,3.5,left-hand,0.582,0.418
5,3.5,right-hand,0.098,0.902
5,3.5,left-hand,0.1215,0.8785
5,3.5,left-hand,0.9131,0.0869
5,3.5,right-hand,0.9288,0.0712
5,3.5,left-hand,0.8654,0.1346
5,3.5,right-hand,0.7712,0.2288
5,3.5,right-hand,0.9162,0.0838
5,3.5,right-hand,0.0204,0.9796
5,3.5,left-hand,0.7818,0.2182
5,3.5,right-hand,0.4188,0.5812
5,3.5,left-hand,0.0551,0.9449
5,3.5,left-hand,0.0542,0.9458
5,3.5,right-hand,0.0271,0.9729
5,3.5,right-hand,0.2405,0.7595
5,3.5,left-hand,0.1952,0.8048
5,3.5,right-hand,0.0222,0.9778
5,3.5,left-hand,0.8562,0.1438
5,3.5,right-hand,0.135,0.865
5,3.5,left-hand,0.5535,0.4465
5,3.5,left-hand,0.5322,0.4678
5,3.5,right-hand,0.5037,0.4963
5,3.5,left-hand,0.8083,0.1917
5,3.5,left-hand,0.9407,0.0593
5,3.5,right-hand,0.0713,0.9287
5,3.5,left-hand,0.9287,0.0713
5,3.5,left-hand,0.9909,0.0091
5,3.5,left-hand,0.9896,0.0104
5,3.5,right-hand,0.0162,0.9838
5,3.5,right-hand,0.0204,0.9796
5,3.5,left-hand,0.9964,0.0036
5,3.5,right-hand,0.0668,0.9332
5,3.5,right-hand,0.0038,0.9962
5,3.5,left-hand,0.5801,0.4199
5,3.5,left-hand,0.7652,0.2348
5,3.5,left-hand,0.7765,0.2235
5,3.5,left-hand,0.9463,0.0537
5,3.5,left-hand,0.0582,0.9418
5,3.5,left-hand,0.9235,0.0765
5,3.5,left-hand,0.2535,0.7465
5,3.5,right-hand,0.0126,0.9874
5,3.5,right-hand,0.2409,0.7591
5,3.5,left-hand,0.5476,0.4524
5,3.5,right-hand,0.2158,0.7842
5,3.5,right-hand,0.0028,0.9972
5,3.5,right-hand,0.0326,0.9674
5,3.5,right-hand,0.0044,0.9956
5,3.5,left-hand,0.4603,0.5397
5,3.5,left-hand,0.9962,0.0038
5,3.5,right-hand,0.2848,0.7152
5,3.5,right-hand,0.0052,0.9948
5,3.5,right-hand,0.3268,0.6732
5,3.5,right-hand,0.0343,0.9657
5,3.5,left-hand,0.9806,0.0194
5,3.5,left-hand,0.9328,0.0672
5,3.5,left-hand,0.7621,0.2379
5,3.5,left-hand,0.9879,0.0121
5,3.5,left-hand,0.3317,0.6683
5,3.5,right-hand,0.6313,0.3687
5,3.5,left-hand,0.9974,0.0026
5,3.5,right-hand,0.0107,0.9893
5,3.5,right-hand,0.1164,0.8836
5,3.5,left-hand,0.9446,0.0554
5,3.5,right-hand,0.2339,0.7661
5,3.5,left-hand,0.9789,0.0211
5,3.5,right-hand,0.9795,0.0205
5,3.5,right-hand,0.3942,0.6058
5,3.5,left-hand,0.0169,0.9831
5,3.5,right-hand,0.1301,0.8699
5,3.5,right-hand,0.5801,0.4199
5,3.5,left-hand,0.985,0.015
5,3.5,right-hand,0.0252,0.9748
5,3.5,left-hand,0.1955,0.8045
5,3.5,right-hand,0.2409,0.7591
5,3.5,left-hand,0.988,0.012
5,3.5,right-hand,0.0144,0.9856
5,3.5,right-hand,0.5416,0.4584
5,3.5,right-hand,0.7777,0.2223
5,3.5,right-hand,0.6862,0.3138
5,3.5,left-hand,0.7456,0.2544
5,3.5,left-hand,0.9712,0.0288
5,3.5,left-hand,0.9927,0.0073
5,3.5,left-hand,0.7832,0.2168
5,3.5,left-hand,0.9923,0.0077
5,3.5,left-hand,0.6178,0.3822
5,3.5,right-hand,0.6157,0.3843
5,3.5,right-hand,0.5106,0.4894
5,3.5,left-hand,0.742,0.258
5,3.5,left-hand,0.8778,0.1222
5,3.5,right-hand,0.0254,0.9746
5,3.5,right-hand,0.0256,0.9744
5,3.5,left-hand,0.9841,0.0159
5,3.5,right-hand,0.0577,0.9423
5,3.5,right-hand,0.6931,0.3069
5,3.5,right-hand,0.4558,0.5442
5,3.5,right-hand,0.0913,0.9087
5,3.5,left-hand,0.6103,0.3897
5,3.5,left-hand,0.7866,0.2134
5,3.5,left-hand,0.9227,0.0773
5,3.5,left-hand,0.9519,0.0481
5,3.5,right-hand,0.0341,0.9659
5,3.5,right-hand,0.0099,0.9901
5,3.5,left-hand,0.967,0.033
5,3.5,right-hand,0.0096,0.9904
5,3.5,right-hand,0.0761,0.9239
5,3.5,right-hand,0.109,0.891
5,3.5,left-hand,0.4904,0.5096
5,3.5,right-hand,0.4447,0.5553
5,3.5,left-hand,0.9668,0.0332
5,3.5,left-hand,0.1893,0.8107
5,3.5,right-hand,0.0121,0.9879
5,3.5,left-hand,0.3186,0.6814
5,3.5,left-hand,0.9908,0.0092
5,3.5,right-hand,0.0374,0.9626
5,3.5,right-hand,0.0586,0.9414
5,3.5,left-hand,0.609,0.391
5,3.5,right-hand,0.0405,0.9595
5,3.5,left-hand,0.9528,0.0472
5,3.5,right-hand,0.222,0.778
5,3.5,left-hand,0.5997,0.4003
5,3.5,right-hand,0.067,0.933
