fold,tmin,true_label,left-hand,right-hand
1,3.5,left-hand,0.5663,0.4337
1,3.5,right-hand,0.4553,0.5447
1,3.5,left-hand,0.5365,0.4635
1,3.5,left-hand,0.4793,0.5207
1,3.5,left-hand,0.7369,0.2631
1,3.5,right-hand,0.4736,0.5264
1,3.5,right-hand,0.7244,0.2756
1,3.5,right-hand,0.3839,0.6161
1,3.5,right-hand,0.518,0.482
1,3.5,left-hand,0.7233,0.2767
1,3.5,left-hand,0.2984,0.7016
1,3.5,right-hand,0.8965,0.1035
1,3.5,right-hand,0.6087,0.3913
1,3.5,right-hand,0.4927,0.5073
1,3.5,left-hand,0.9703,0.0297
1,3.5,left-hand,0.6772,0.3228
1,3.5,right-hand,0.3467,0.6533
1,3.5,left-hand,0.7601,0.2399
1,3.5,left-hand,0.8654,0.1346
1,3.5,right-hand,0.9416,0.0584
1,3.5,left-hand,0.6643,0.3357
1,3.5,left-hand,0.4449,0.5551
1,3.5,left-hand,0.5769,0.4231
1,3.5,right-hand,0.8852,0.1148
1,3.5,right-hand,0.9453,0.0547
1,3.5,left-hand,0.6198,0.3802
1,3.5,right-hand,0.9051,0.0949
1,3.5,left-hand,0.5618,0.4382
1,3.5,left-hand,0.4246,0.5754
1,3.5,right-hand,0.3578,0.6422
1,3.5,right-hand,0.1452,0.8548
1,3.5,right-hand,0.4904,0.5096
1,3.5,right-hand,0.4906,0.5094
1,3.5,right-hand,0.4141,0.5859
1,3.5,left-hand,0.5806,0.4194
1,3.5,left-hand,0.5243,0.4757
1,3.5,left-hand,0.3742,0.6258
1,3.5,left-hand,0.4929,0.5071
1,3.5,right-hand,0.3357,0.6643
1,3.5,right-hand,0.7597,0.2403
1,3.5,right-hand,0.7526,0.2474
1,3.5,right-hand,0.4018,0.5982
1,3.5,left-hand,0.1768,0.8232
1,3.5,left-hand,0.4253,0.5747
1,3.5,right-hand,0.4583,0.5417
1,3.5,right-hand,0.7128,0.2872
1,3.5,left-hand,0.3786,0.6214
1,3.5,left-hand,0.4716,0.5284
1,3.5,left-hand,0.5054,0.4946
1,3.5,left-hand,0.4037,0.5963
1,3.5,right-hand,0.4947,0.5053
1,3.5,left-hand,0.4435,0.5565
1,3.5,left-hand,0.7748,0.2252
1,3.5,right-hand,0.5375,0.4625
1,3.5,right-hand,0.4332,0.5668
1,3.5,right-hand,0.2836,0.7164
1,3.5,right-hand,0.9064,0.0936
1,3.5,left-hand,0.3253,0.6747
1,3.5,right-hand,0.5717,0.4283
1,3.5,left-hand,0.9,0.1
1,3.5,right-hand,0.4982,0.5018
1,3.5,right-hand,0.7858,0.2142
1,3.5,left-hand,0.7035,0.2965
1,3.5,left-hand,0.8618,0.1382
1,3.5,left-hand,0.709,0.291
1,3.5,right-hand,0.4487,0.5513
1,3.5,left-hand,0.5453,0.4547
1,3.5,right-hand,0.5529,0.4471
1,3.5,right-hand,0.4632,0.5368
1,3.5,right-hand,0.5725,0.4275
1,3.5,right-hand,0.1918,0.8082
1,3.5,left-hand,0.7848,0.2152
1,3.5,left-hand,0.9094,0.0906
1,3.5,right-hand,0.881,0.119
1,3.5,right-hand,0.6129,0.3871
1,3.5,right-hand,0.4491,0.5509
1,3.5,right-hand,0.9494,0.0506
1,3.5,left-hand,0.1617,0.8383
1,3.5,right-hand,0.1483,0.8517
1,3.5,right-hand,0.7226,0.2774
1,3.5,right-hand,0.6323,0.3677
1,3.5,left-hand,0.5198,0.4802
1,3.5,left-hand,0.5041,0.4959
1,3.5,left-hand,0.7266,0.2734
1,3.5,left-hand,0.2868,0.7132
1,3.5,left-hand,0.3226,0.6774
1,3.5,left-hand,0.5303,0.4697
1,3.5,right-hand,0.658,0.342
1,3.5,left-hand,0.1847,0.8153
1,3.5,right-hand,0.1324,0.8676
1,3.5,right-hand,0.1608,0.8392
1,3.5,left-hand,0.9524,0.0476
1,3.5,right-hand,0.5041,0.4959
1,3.5,right-hand,0.5399,0.4601
1,3.5,right-hand,0.433,0.567
1,3.5,left-hand,0.0393,0.9607
1,3.5,right-hand,0.6778,0.3222
1,3.5,right-hand,0.6194,0.3806
1,3.5,right-hand,0.3172,0.6828
1,3.5,left-hand,0.293,0.707
1,3.5,right-hand,0.6619,0.3381
1,3.5,left-hand,0.434,0.566
1,3.5,left-hand,0.5459,0.4541
1,3.5,right-hand,0.3171,0.6829
1,3.5,right-hand,0.2499,0.7501
1,3.5,left-hand,0.7661,0.2339
1,3.5,right-hand,0.8656,0.1344
1,3.5,left-hand,0.6846,0.3154
1,3.5,left-hand,0.6611,0.3389
1,3.5,right-hand,0.5282,0.4718
1,3.5,left-hand,0.723,0.277
1,3.5,left-hand,0.2023,0.7977
1,3.5,right-hand,0.8412,0.1588
1,3.5,left-hand,0.2957,0.7043
1,3.5,left-hand,0.7629,0.2371
1,3.5,left-hand,0.6707,0.3293
1,3.5,left-hand,0.5766,0.4234
1,3.5,right-hand,0.8165,0.1835
1,3.5,left-hand,0.6776,0.3224
1,3.5,right-hand,0.1439,0.8561
1,3.5,right-hand,0.2471,0.7529
1,3.5,left-hand,0.8412,0.1588
1,3.5,left-hand,0.7964,0.2036
1,3.5,left-hand,0.85,0.15
1,3.5,left-hand,0.8076,0.1924
1,3.5,left-hand,0.4955,0.5045
1,3.5,left-hand,0.808,0.192
1,3.5,right-hand,0.0689,0.9311
1,3.5,right-hand,0.9173,0.0827
1,3.5,left-hand,0.8046,0.1954
1,3.5,right-hand,0.8953,0.1047
1,3.5,right-hand,0.9034,0.0966
1,3.5,left-hand,0.9644,0.0356
1,3.5,right-hand,0.959,0.041
1,3.5,left-hand,0.5587,0.4413
1,3.5,left-hand,0.4446,0.5554
1,3.5,left-hand,0.8734,0.1266
1,3.5,right-hand,0.5466,0.4534
1,3.5,right-hand,0.7299,0.2701
1,3.5,right-hand,0.8176,0.1824
1,3.5,left-hand,0.8176,0.1824
1,3.5,right-hand,0.7787,0.2213
1,3.5,right-hand,0.4193,0.5807
1,3.5,left-hand,0.3018,0.6982
2,3.5,right-hand,0.2886,0.7114
2,3.5,right-hand,0.6452,0.3548
2,3.5,left-hand,0.8215,0.1785
2,3.5,right-hand,0.434,0.566
2,3.5,left-hand,0.6655,0.3345
2,3.5,right-hand,0.4422,0.5578
2,3.5,left-hand,0.8023,0.1977
2,3.5,left-hand,0.215,0.785
2,3.5,left-hand,0.1312,0.8688
2,3.5,left-hand,0.9172,0.0828
2,3.5,right-hand,0.1451,0.8549
2,3.5,right-hand,0.4895,0.5105
2,3.5,right-hand,0.3511,0.6489
2,3.5,left-hand,0.6576,0.3424
2,3.5,right-hand,0.5374,0.4626
2,3.5,left-hand,0.2545,0.7455
2,3.5,right-hand,0.1775,0.8225
2,3.5,left-hand,0.1601,0.8399
2,3.5,left-hand,0.7163,0.2837
2,3.5,right-hand,0.3576,0.6424
2,3.5,left-hand,0.9411,0.0589
2,3.5,right-hand,0.9677,0.0323
2,3.5,right-hand,0.1948,0.8052
2,3.5,left-hand,0.2533,0.7467
2,3.5,left-hand,0.5961,0.4039
2,3.5,left-hand,0.7309,0.2691
2,3.5,right-hand,0.7301,0.2699
2,3.5,left-hand,0.3498,0.6502
2,3.5,left-hand,0.7646,0.2354
2,3.5,left-hand,0.4166,0.5834
2,3.5,left-hand,0.1682,0.8318
2,3.5,right-hand,0.7085,0.2915
2,3.5,right-hand,0.49,0.51
2,3.5,right-hand,0.8594,0.1406
2,3.5,left-hand,0.191,0.809
2,3.5,left-hand,0.8216,0.1784
2,3.5,right-hand,0.8055,0.1945
2,3.5,right-hand,0.1833,0.8167
2,3.5,left-hand,0.6131,0.3869
2,3.5,right-hand,0.6816,0.3184
2,3.5,left-hand,0.7369,0.2631
2,3.5,left-hand,0.783,0.217
2,3.5,left-hand,0.7529,0.2471
2,3.5,right-hand,0.7028,0.2972
2,3.5,right-hand,0.806,0.194
2,3.5,left-hand,0.8827,0.1173
2,3.5,left-hand,0.702,0.298
2,3.5,right-hand,0.3176,0.6824
2,3.5,left-hand,0.1858,0.8142
2,3.5,right-hand,0.3142,0.6858
2,3.5,left-hand,0.4956,0.5044
2,3.5,left-hand,0.6344,0.3656
2,3.5,right-hand,0.2853,0.7147
2,3.5,left-hand,0.3591,0.6409
2,3.5,left-hand,0.2389,0.7611
2,3.5,right-hand,0.4576,0.5424
2,3.5,left-hand,0.3868,0.6132
2,3.5,left-hand,0.531,0.469
2,3.5,left-hand,0.5154,0.4846
2,3.5,right-hand,0.5198,0.4802
2,3.5,left-hand,0.7404,0.2596
2,3.5,right-hand,0.3505,0.6495
2,3.5,left-hand,0.5838,0.4162
2,3.5,right-hand,0.7554,0.2446
2,3.5,left-hand,0.8724,0.1276
2,3.5,left-hand,0.0763,0.9237
2,3.5,right-hand,0.352,0.648
2,3.5,right-hand,0.1932,0.8068
2,3.5,right-hand,0.1439,0.8561
2,3.5,left-hand,0.2943,0.7057
2,3.5,left-hand,0.6105,0.3895
2,3.5,left-hand,0.307,0.693
2,3.5,right-hand,0.6788,0.3212
2,3.5,left-hand,0.6535,0.3465
2,3.5,right-hand,0.861,0.139
2,3.5,right-hand,0.2093,0.7907
2,3.5,left-hand,0.6302,0.3698
2,3.5,right-hand,0.5868,0.4132
2,3.5,left-hand,0.6823,0.3177
2,3.5,left-hand,0.2021,0.7979
2,3.5,left-hand,0.7437,0.2563
2,3.5,left-hand,0.1596,0.8404
2,3.5,right-hand,0.0919,0.9081
2,3.5,left-hand,0.3951,0.6049
2,3.5,right-hand,0.3355,0.6645
2,3.5,right-hand,0.0813,0.9187
2,3.5,right-hand,0.607,0.393
2,3.5,right-hand,0.0918,0.9082
2,3.5,left-hand,0.5923,0.4077
2,3.5,right-hand,0.6929,0.3071
2,3.5,right-hand,0.4314,0.5686
2,3.5,right-hand,0.1245,0.8755
2,3.5,left-hand,0.2369,0.7631
2,3.5,right-hand,0.7842,0.2158
2,3.5,left-hand,0.4205,0.5795
2,3.5,right-hand,0.6332,0.3668
2,3.5,right-hand,0.5107,0.4893
2,3.5,left-hand,0.405,0.595
2,3.5,right-hand,0.4078,0.5922
2,3.5,left-hand,0.9098,0.0902
2,3.5,left-hand,0.7737,0.2263
2,3.5,left-hand,0.2115,0.7885
2,3.5,left-hand,0.8047,0.1953
2,3.5,right-hand,0.2802,0.7198
2,3.5,right-hand,0.113,0.887
2,3.5,left-hand,0.3248,0.6752
2,3.5,left-hand,0.8992,0.1008
2,3.5,right-hand,0.3139,0.6861
2,3.5,left-hand,0.3331,0.6669
2,3.5,left-hand,0.8622,0.1378
2,3.5,left-hand,0.032,0.968
2,3.5,right-hand,0.2199,0.7801
2,3.5,right-hand,0.2145,0.7855
2,3.5,right-hand,0.7764,0.2236
2,3.5,right-hand,0.549,0.451
2,3.5,right-hand,0.7527,0.2473
2,3.5,right-hand,0.4041,0.5959
2,3.5,right-hand,0.1876,0.8124
2,3.5,right-hand,0.8572,0.1428
2,3.5,left-hand,0.5839,0.4161
2,3.5,right-hand,0.2874,0.7126
2,3.5,right-hand,0.4943,0.5057
2,3.5,left-hand,0.2488,0.7512
2,3.5,right-hand,0.774,0.226
2,3.5,left-hand,0.4771,0.5229
2,3.5,right-hand,0.2766,0.7234
2,3.5,right-hand,0.2817,0.7183
2,3.5,left-hand,0.6806,0.3194
2,3.5,right-hand,0.588,0.412
2,3.5,right-hand,0.3394,0.6606
2,3.5,left-hand,0.5745,0.4255
2,3.5,right-hand,0.8458,0.1542
2,3.5,right-hand,0.8561,0.1439
2,3.5,right-hand,0.2189,0.7811
2,3.5,right-hand,0.6373,0.3627
2,3.5,left-hand,0.9629,0.0371
2,3.5,right-hand,0.1347,0.8653
2,3.5,right-hand,0.6873,0.3127
2,3.5,right-hand,0.9466,0.0534
2,3.5,left-hand,0.41,0.59
2,3.5,left-hand,0.643,0.357
2,3.5,left-hand,0.9083,0.0917
2,3.5,left-hand,0.152,0.848
2,3.5,left-hand,0.8313,0.1687
3,3.5,right-hand,0.161,0.839
3,3.5,right-hand,0.6292,0.3708
3,3.5,right-hand,0.6869,0.3131
3,3.5,left-hand,0.1698,0.8302
3,3.5,left-hand,0.693,0.307
3,3.5,right-hand,0.296,0.704
3,3.5,left-hand,0.9344,0.0656
3,3.5,right-hand,0.8766,0.1234
3,3.5,right-hand,0.9607,0.0393
3,3.5,right-hand,0.9922,0.0078
3,3.5,right-hand,0.1186,0.8814
3,3.5,left-hand,0.2753,0.7247
3,3.5,right-hand,0.3695,0.6305
3,3.5,left-hand,0.2422,0.7578
3,3.5,right-hand,0.4268,0.5732
3,3.5,left-hand,0.5753,0.4247
3,3.5,right-hand,0.8318,0.1682
3,3.5,right-hand,0.5468,0.4532
3,3.5,left-hand,0.3885,0.6115
3,3.5,right-hand,0.8534,0.1466
3,3.5,left-hand,0.2045,0.7955
3,3.5,right-hand,0.1662,0.8338
3,3.5,left-hand,0.9307,0.0693
3,3.5,right-hand,0.5408,0.4592
3,3.5,right-hand,0.6621,0.3379
3,3.5,left-hand,0.1766,0.8234
3,3.5,left-hand,0.0,1.0
3,3.5,left-hand,0.9986,0.0014
3,3.5,right-hand,0.9294,0.0706
3,3.5,left-hand,0.6853,0.3147
3,3.5,left-hand,0.4786,0.5214
3,3.5,right-hand,0.3179,0.6821
3,3.5,left-hand,0.1654,0.8346
3,3.5,left-hand,0.6992,0.3008
3,3.5,right-hand,0.1614,0.8386
3,3.5,left-hand,0.9353,0.0647
3,3.5,right-hand,0.3686,0.6314
3,3.5,right-hand,0.1701,0.8299
3,3.5,left-hand,0.2606,0.7394
3,3.5,left-hand,0.0516,0.9484
3,3.5,right-hand,0.2871,0.7129
3,3.5,left-hand,0.7624,0.2376
3,3.5,left-hand,0.2391,0.7609
3,3.5,left-hand,0.6997,0.3003
3,3.5,left-hand,0.2499,0.7501
3,3.5,right-hand,0.8549,0.1451
3,3.5,left-hand,0.2425,0.7575
3,3.5,right-hand,0.8946,0.1054
3,3.5,right-hand,0.1965,0.8035
3,3.5,left-hand,0.0797,0.9203
3,3.5,right-hand,0.4143,0.5857
3,3.5,right-hand,0.6575,0.3425
3,3.5,right-hand,0.3226,0.6774
3,3.5,left-hand,0.6296,0.3704
3,3.5,right-hand,0.7682,0.2318
3,3.5,left-hand,0.3185,0.6815
3,3.5,right-hand,0.2743,0.7257
3,3.5,left-hand,0.5731,0.4269
3,3.5,left-hand,0.4226,0.5774
3,3.5,left-hand,0.666,0.334
3,3.5,right-hand,0.1552,0.8448
3,3.5,right-hand,0.0889,0.9111
3,3.5,right-hand,0.3645,0.6355
3,3.5,left-hand,0.3373,0.6627
3,3.5,left-hand,0.7719,0.2281
3,3.5,right-hand,0.517,0.483
3,3.5,right-hand,0.3222,0.6778
3,3.5,right-hand,0.4103,0.5897
3,3.5,left-hand,0.2775,0.7225
3,3.5,left-hand,0.645,0.355
3,3.5,left-hand,0.3937,0.6063
3,3.5,left-hand,0.7517,0.2483
3,3.5,left-hand,0.5404,0.4596
3,3.5,left-hand,0.1432,0.8568
3,3.5,right-hand,0.2565,0.7435
3,3.5,left-hand,0.7751,0.2249
3,3.5,left-hand,0.3487,0.6513
3,3.5,right-hand,0.1597,0.8403
3,3.5,right-hand,0.1335,0.8665
3,3.5,right-hand,0.6374,0.3626
3,3.5,left-hand,0.6341,0.3659
3,3.5,right-hand,0.3117,0.6883
3,3.5,right-hand,0.2503,0.7497
3,3.5,right-hand,0.4746,0.5254
3,3.5,right-hand,0.3055,0.6945
3,3.5,right-hand,0.2012,0.7988
3,3.5,left-hand,0.11,0.89
3,3.5,right-hand,0.1252,0.8748
3,3.5,left-hand,0.2187,0.7813
3,3.5,right-hand,0.0367,0.9633
3,3.5,left-hand,0.4095,0.5905
3,3.5,left-hand,0.3308,0.6692
3,3.5,left-hand,0.182,0.818
3,3.5,right-hand,0.2713,0.7287
3,3.5,left-hand,0.6089,0.3911
3,3.5,left-hand,0.4828,0.5172
3,3.5,left-hand,0.349,0.651
3,3.5,right-hand,0.1206,0.8794
3,3.5,right-hand,0.1776,0.8224
3,3.5,right-hand,0.3148,0.6852
3,3.5,right-hand,0.7522,0.2478
3,3.5,right-hand,0.0839,0.9161
3,3.5,right-hand,0.5732,0.4268
3,3.5,right-hand,0.2003,0.7997
3,3.5,left-hand,0.1138,0.8862
3,3.5,left-hand,0.1409,0.8591
3,3.5,left-hand,0.3417,0.6583
3,3.5,left-hand,0.1317,0.8683
3,3.5,left-hand,0.7896,0.2104
3,3.5,right-hand,0.7729,0.2271
3,3.5,left-hand,0.4657,0.5343
3,3.5,right-hand,0.4336,0.5664
3,3.5,right-hand,0.5548,0.4452
3,3.5,left-hand,0.5068,0.4932
3,3.5,left-hand,0.4204,0.5796
3,3.5,right-hand,0.6349,0.3651
3,3.5,right-hand,0.4351,0.5649
3,3.5,left-hand,0.1692,0.8308
3,3.5,left-hand,0.7842,0.2158
3,3.5,left-hand,0.2858,0.7142
3,3.5,left-hand,0.6596,0.3404
3,3.5,right-hand,0.8812,0.1188
3,3.5,right-hand,0.4449,0.5551
3,3.5,right-hand,0.2231,0.7769
3,3.5,left-hand,0.205,0.795
3,3.5,right-hand,0.1609,0.8391
3,3.5,left-hand,0.5828,0.4172
3,3.5,left-hand,0.8414,0.1586
3,3.5,left-hand,0.4312,0.5688
3,3.5,left-hand,0.3723,0.6277
3,3.5,left-hand,0.5956,0.4044
3,3.5,right-hand,0.5404,0.4596
3,3.5,right-hand,0.1794,0.8206
3,3.5,left-hand,0.4292,0.5708
3,3.5,right-hand,0.3164,0.6836
3,3.5,right-hand,0.9247,0.0753
3,3.5,left-hand,0.0,1.0
3,3.5,right-hand,0.6825,0.3175
3,3.5,right-hand,0.4776,0.5224
3,3.5,right-hand,0.5337,0.4663
3,3.5,left-hand,0.9881,0.0119
3,3.5,left-hand,0.8164,0.1836
3,3.5,right-hand,0.2045,0.7955
3,3.5,left-hand,0.5553,0.4447
4,3.5,left-hand,0.3726,0.6274
4,3.5,right-hand,0.6335,0.3665
4,3.5,left-hand,0.362,0.638
4,3.5,left-hand,0.3022,0.6978
4,3.5,right-hand,0.9995,0.0005
4,3.5,left-hand,0.3674,0.6326
4,3.5,right-hand,0.2565,0.7435
4,3.5,right-hand,0.1383,0.8617
4,3.5,left-hand,0.5154,0.4846
4,3.5,left-hand,0.8765,0.1235
4,3.5,left-hand,0.4092,0.5908
4,3.5,right-hand,0.5194,0.4806
4,3.5,right-hand,0.4713,0.5287
4,3.5,right-hand,0.898,0.102
4,3.5,left-hand,0.7125,0.2875
4,3.5,right-hand,1.0,0.0
4,3.5,left-hand,0.4485,0.5515
4,3.5,left-hand,0.7397,0.2603
4,3.5,left-hand,0.6092,0.3908
4,3.5,right-hand,0.4469,0.5531
4,3.5,left-hand,0.9632,0.0368
4,3.5,right-hand,0.409,0.591
4,3.5,right-hand,0.2583,0.7417
4,3.5,right-hand,0.4088,0.5912
4,3.5,right-hand,0.9743,0.0257
4,3.5,left-hand,0.9066,0.0934
4,3.5,right-hand,0.6154,0.3846
4,3.5,right-hand,0.0785,0.9215
4,3.5,right-hand,0.5991,0.4009
4,3.5,left-hand,0.5729,0.4271
4,3.5,right-hand,0.6924,0.3076
4,3.5,right-hand,0.8482,0.1518
4,3.5,left-hand,0.8934,0.1066
4,3.5,right-hand,0.3941,0.6059
4,3.5,left-hand,0.3873,0.6127
4,3.5,right-hand,0.606,0.394
4,3.5,left-hand,0.6782,0.3218
4,3.5,left-hand,0.8467,0.1533
4,3.5,left-hand,0.5676,0.4324
4,3.5,right-hand,0.435,0.565
4,3.5,right-hand,0.6099,0.3901
4,3.5,left-hand,0.4519,0.5481
4,3.5,right-hand,0.2865,0.7135
4,3.5,left-hand,0.8051,0.1949
4,3.5,right-hand,0.5198,0.4802
4,3.5,right-hand,0.3874,0.6126
4,3.5,left-hand,0.4647,0.5353
4,3.5,left-hand,0.7801,0.2199
4,3.5,left-hand,0.7468,0.2532
4,3.5,left-hand,0.7108,0.2892
4,3.5,right-hand,0.7527,0.2473
4,3.5,right-hand,0.9154,0.0846
4,3.5,right-hand,0.2533,0.7467
4,3.5,left-hand,0.2231,0.7769
4,3.5,left-hand,0.5055,0.4945
4,3.5,right-hand,0.557,0.443
4,3.5,left-hand,0.789,0.211
4,3.5,left-hand,0.4903,0.5097
4,3.5,right-hand,0.5927,0.4073
4,3.5,right-hand,0.8075,0.1925
4,3.5,left-hand,0.2731,0.7269
4,3.5,right-hand,0.4878,0.5122
4,3.5,right-hand,0.3853,0.6147
4,3.5,left-hand,0.6978,0.3022
4,3.5,left-hand,0.7469,0.2531
4,3.5,left-hand,0.5116,0.4884
4,3.5,right-hand,0.9117,0.0883
4,3.5,right-hand,0.5131,0.4869
4,3.5,right-hand,0.6339,0.3661
4,3.5,right-hand,0.4662,0.5338
4,3.5,left-hand,0.485,0.515
4,3.5,left-hand,0.7372,0.2628
4,3.5,left-hand,0.8403,0.1597
4,3.5,right-hand,0.4845,0.5155
4,3.5,right-hand,0.4372,0.5628
4,3.5,left-hand,0.4658,0.5342
4,3.5,right-hand,0.5761,0.4239
4,3.5,left-hand,0.735,0.265
4,3.5,left-hand,0.9,0.1
4,3.5,left-hand,0.7649,0.2351
4,3.5,left-hand,0.8204,0.1796
4,3.5,right-hand,0.7151,0.2849
4,3.5,right-hand,0.479,0.521
4,3.5,left-hand,0.2864,0.7136
4,3.5,right-hand,0.4147,0.5853
4,3.5,left-hand,0.5572,0.4428
4,3.5,right-hand,0.5071,0.4929
4,3.5,left-hand,0.5602,0.4398
4,3.5,left-hand,0.708,0.292
4,3.5,left-hand,0.5156,0.4844
4,3.5,right-hand,0.594,0.406
4,3.5,right-hand,0.4531,0.5469
4,3.5,left-hand,0.3475,0.6525
4,3.5,left-hand,0.5629,0.4371
4,3.5,right-hand,0.3101,0.6899
4,3.5,left-hand,0.4935,0.5065
4,3.5,right-hand,0.4701,0.5299
4,3.5,left-hand,0.2391,0.7609
4,3.5,left-hand,0.4959,0.5041
4,3.5,right-hand,0.3474,0.6526
4,3.5,right-hand,0.2704,0.7296
4,3.5,left-hand,0.7289,0.2711
4,3.5,right-hand,0.4417,0.5583
4,3.5,right-hand,0.2378,0.7622
4,3.5,right-hand,0.4755,0.5245
4,3.5,right-hand,0.5668,0.4332
4,3.5,right-hand,0.574,0.426
4,3.5,left-hand,0.335,0.665
4,3.5,right-hand,0.6696,0.3304
4,3.5,left-hand,0.3945,0.6055
4,3.5,left-hand,0.5924,0.4076
4,3.5,right-hand,0.4663,0.5337
4,3.5,right-hand,0.5082,0.4918
4,3.5,right-hand,0.439,0.561
4,3.5,left-hand,0.7907,0.2093
4,3.5,left-hand,0.85,0.15
4,3.5,left-hand,0.7161,0.2839
4,3.5,right-hand,0.8006,0.1994
4,3.5,right-hand,0.3442,0.6558
4,3.5,left-hand,0.7928,0.2072
4,3.5,right-hand,0.3934,0.6066
4,3.5,right-hand,0.341,0.659
4,3.5,left-hand,0.908,0.092
4,3.5,left-hand,0.8934,0.1066
4,3.5,left-hand,0.2738,0.7262
4,3.5,right-hand,0.7162,0.2838
4,3.5,right-hand,0.4421,0.5579
4,3.5,left-hand,0.5651,0.4349
4,3.5,right-hand,0.6372,0.3628
4,3.5,right-hand,0.7223,0.2777
4,3.5,left-hand,0.6453,0.3547
4,3.5,left-hand,0.6301,0.3699
4,3.5,right-hand,0.8119,0.1881
4,3.5,left-hand,0.3883,0.6117
4,3.5,right-hand,0.5,0.5
4,3.5,left-hand,0.7192,0.2808
4,3.5,left-hand,0.8773,0.1227
4,3.5,right-hand,0.8105,0.1895
4,3.5,left-hand,0.6894,0.3106
4,3.5,left-hand,0.4059,0.5941
4,3.5,left-hand,0.7525,0.2475
4,3.5,right-hand,0.9473,0.0527
4,3.5,right-hand,0.6502,0.3498
4,3.5,left-hand,0.9704,0.0296
5,3.5,left-hand,0.8278,0.1722
5,3.5,right-hand,0.752,0.248
5,3.5,right-hand,0.2541,0.7459
5,3.5,right-hand,0.5165,0.4835
5,3.5,left-hand,0.4355,0.5645
5,3.5,left-hand,0.6047,0.3953
5,3.5,left-hand,0.611,0.389
5,3.5,right-hand,0.5878,0.4122
5,3.5,left-hand,0.3444,0.6556
5,3.5,right-hand,0.3914,0.6086
5,3.5,left-hand,0.419,0.581
5,3.5,left-hand,0.5509,0.4491
5,3.5,left-hand,0.142,0.858
5,3.5,right-hand,0.1807,0.8193
5,3.5,right-hand,0.394,0.606
5,3.5,left-hand,0.4834,0.5166
5,3.5,left-hand,0.9085,0.0915
5,3.5,left-hand,0.8879,0.1121
5,3.5,right-hand,0.374,0.626
5,3.5,left-hand,0.3506,0.6494
5,3.5,right-hand,0.3493,0.6507
5,3.5,right-hand,0.5992,0.4008
5,3.5,right-hand,0.2593,0.7407
5,3.5,right-hand,0.7037,0.2963
5,3.5,left-hand,0.6511,0.3489
5,3.5,right-hand,0.4991,0.5009
5,3.5,right-hand,0.5466,0.4534
5,3.5,left-hand,0.6902,0.3098
5,3.5,left-hand,0.3434,0.6566
5,3.5,right-hand,0.911,0.089
5,3.5,right-hand,0.374,0.626
5,3.5,left-hand,0.5084,0.4916
5,3.5,left-hand,0.1555,0.8445
5,3.5,left-hand,0.8142,0.1858
5,3.5,right-hand,0.9032,0.0968
5,3.5,right-hand,0.3757,0.6243
5,3.5,right-hand,0.4514,0.5486
5,3.5,left-hand,0.5497,0.4503
5,3.5,left-hand,0.5993,0.4007
5,3.5,left-hand,0.7708,0.2292
5,3.5,right-hand,0.8959,0.1041
5,3.5,left-hand,0.814,0.186
5,3.5,right-hand,0.5701,0.4299
5,3.5,right-hand,0.2665,0.7335
5,3.5,left-hand,0.7037,0.2963
5,3.5,right-hand,0.6418,0.3582
5,3.5,right-hand,0.473,0.527
5,3.5,left-hand,0.4995,0.5005
5,3.5,right-hand,0.6128,0.3872
5,3.5,right-hand,0.493,0.507
5,3.5,left-hand,0.5117,0.4883
5,3.5,left-hand,0.7593,0.2407
5,3.5,right-hand,0.5193,0.4807
5,3.5,right-hand,0.2337,0.7663
5,3.5,left-hand,0.6751,0.3249
5,3.5,left-hand,0.6845,0.3155
5,3.5,right-hand,0.3051,0.6949
5,3.5,right-hand,0.6529,0.3471
5,3.5,right-hand,0.5775,0.4225
5,3.5,right-hand,0.5083,0.4917
5,3.5,right-hand,0.3681,0.6319
5,3.5,right-hand,0.3203,0.6797
5,3.5,left-hand,0.2053,0.7947
5,3.5,right-hand,0.3723,0.6277
5,3.5,left-hand,0.2686,0.7314
5,3.5,right-hand,0.3654,0.6346
5,3.5,left-hand,0.1194,0.8806
5,3.5,left-hand,0.5231,0.4769
5,3.5,left-hand,0.4833,0.5167
5,3.5,left-hand,0.4406,0.5594
5,3.5,right-hand,0.5821,0.4179
5,3.5,right-hand,0.8162,0.1838
5,3.5,left-hand,0.8054,0.1946
5,3.5,left-hand,0.433,0.567
5,3.5,left-hand,0.1157,0.8843
5,3.5,left-hand,0.5509,0.4491
5,3.5,right-hand,0.2003,0.7997
5,3.5,right-hand,0.7199,0.2801
5,3.5,right-hand,0.8044,0.1956
5,3.5,right-hand,0.0734,0.9266
5,3.5,right-hand,0.73,0.27
5,3.5,left-hand,0.2854,0.7146
5,3.5,left-hand,0.1437,0.8563
5,3.5,right-hand,0.6871,0.3129
5,3.5,left-hand,0.4673,0.5327
5,3.5,left-hand,0.8485,0.1515
5,3.5,left-hand,0.5319,0.4681
5,3.5,right-hand,0.0844,0.9156
5,3.5,right-hand,0.1321,0.8679
5,3.5,left-hand,0.361,0.639
5,3.5,right-hand,0.1698,0.8302
5,3.5,left-hand,0.9111,0.0889
5,3.5,left-hand,0.2128,0.7872
5,3.5,right-hand,0.351,0.649
5,3.5,left-hand,0.365,0.635
5,3.5,right-hand,0.4429,0.5571
5,3.5,right-hand,0.575,0.425
5,3.5,left-hand,0.5698,0.4302
5,3.5,left-hand,0.8006,0.1994
5,3.5,left-hand,0.3649,0.6351
5,3.5,right-hand,0.9968,0.0032
5,3.5,left-hand,0.7341,0.2659
5,3.5,left-hand,0.7236,0.2764
5,3.5,right-hand,0.3538,0.6462
5,3.5,right-hand,0.0929,0.9071
5,3.5,right-hand,0.4983,0.5017
5,3.5,right-hand,0.2793,0.7207
5,3.5,right-hand,0.6362,0.3638
5,3.5,left-hand,0.5907,0.4093
5,3.5,left-hand,0.4394,0.5606
5,3.5,right-hand,0.5618,0.4382
5,3.5,right-hand,0.3455,0.6545
5,3.5,left-hand,0.3105,0.6895
5,3.5,left-hand,0.6577,0.3423
5,3.5,right-hand,0.725,0.275
5,3.5,left-hand,0.3236,0.6764
5,3.5,left-hand,0.5861,0.4139
5,3.5,left-hand,0.564,0.436
5,3.5,left-hand,0.3147,0.6853
5,3.5,right-hand,0.1266,0.8734
5,3.5,right-hand,0.0735,0.9265
5,3.5,right-hand,0.2234,0.7766
5,3.5,right-hand,0.6343,0.3657
5,3.5,left-hand,0.5429,0.4571
5,3.5,left-hand,0.47,0.53
5,3.5,right-hand,0.9217,0.0783
5,3.5,right-hand,0.6956,0.3044
5,3.5,left-hand,0.1677,0.8323
5,3.5,left-hand,0.6116,0.3884
5,3.5,left-hand,0.4309,0.5691
5,3.5,right-hand,0.5434,0.4566
5,3.5,left-hand,0.4577,0.5423
5,3.5,left-hand,0.8995,0.1005
5,3.5,right-hand,0.8197,0.1803
5,3.5,right-hand,0.4341,0.5659
5,3.5,right-hand,0.4259,0.5741
5,3.5,left-hand,0.6281,0.3719
5,3.5,left-hand,0.4649,0.5351
5,3.5,right-hand,0.4046,0.5954
5,3.5,right-hand,0.1728,0.8272
5,3.5,left-hand,0.2036,0.7964
5,3.5,left-hand,0.4086,0.5914
5,3.5,right-hand,0.3357,0.6643
5,3.5,left-hand,0.5509,0.4491
