fold,tmin,true_label,left-hand,right-hand
1,2.5,left-hand,0.0087,0.9913
1,2.5,left-hand,0.9994,0.0006
1,2.5,right-hand,0.9637,0.0363
1,2.5,right-hand,0.05,0.95
1,2.5,left-hand,0.9143,0.0857
1,2.5,right-hand,0.7253,0.2747
1,2.5,right-hand,0.0355,0.9645
1,2.5,left-hand,0.9981,0.0019
1,2.5,left-hand,0.812,0.188
1,2.5,right-hand,0.0016,0.9984
1,2.5,right-hand,0.5454,0.4546
1,2.5,left-hand,0.5499,0.4501
1,2.5,left-hand,0.8136,0.1864
1,2.5,right-hand,0.8155,0.1845
1,2.5,left-hand,0.7094,0.2906
1,2.5,left-hand,0.0412,0.9588
1,2.5,left-hand,0.9987,0.0013
1,2.5,right-hand,0.7335,0.2665
1,2.5,right-hand,0.3681,0.6319
1,2.5,right-hand,0.4475,0.5525
1,2.5,left-hand,0.157,0.843
1,2.5,left-hand,0.922,0.078
1,2.5,right-hand,0.6111,0.3889
1,2.5,left-hand,0.9961,0.0039
1,2.5,left-hand,0.0092,0.9908
1,2.5,left-hand,0.991,0.009
1,2.5,left-hand,0.9894,0.0106
1,2.5,right-hand,0.9977,0.0023
1,2.5,right-hand,0.0132,0.9868
1,2.5,left-hand,0.3052,0.6948
1,2.5,right-hand,0.2622,0.7378
1,2.5,right-hand,0.9949,0.0051
1,2.5,right-hand,0.0001,0.9999
1,2.5,right-hand,0.1775,0.8225
1,2.5,left-hand,0.0058,0.9942
1,2.5,left-hand,0.9997,0.0003
1,2.5,right-hand,0.927,0.073
1,2.5,right-hand,0.9998,0.0002
1,2.5,left-hand,0.0001,0.9999
1,2.5,left-hand,0.9003,0.0997
1,2.5,right-hand,0.0014,0.9986
1,2.5,left-hand,0.3752,0.6248
1,2.5,left-hand,0.9857,0.0143
1,2.5,right-hand,0.7028,0.2972
1,2.5,left-hand,0.7894,0.2106
1,2.5,left-hand,0.0011,0.9989
1,2.5,right-hand,0.957,0.043
1,2.5,right-hand,0.0,1.0
1,2.5,right-hand,0.1551,0.8449
1,2.5,left-hand,0.0111,0.9889
1,2.5,right-hand,0.0616,0.9384
1,2.5,right-hand,0.0436,0.9564
1,2.5,right-hand,0.2623,0.7377
1,2.5,left-hand,0.7623,0.2377
1,2.5,right-hand,0.3736,0.6264
1,2.5,left-hand,0.0025,0.9975
1,2.5,right-hand,0.1161,0.8839
1,2.5,left-hand,0.1884,0.8116
2,2.5,right-hand,0.0,1.0
2,2.5,left-hand,0.7696,0.2304
2,2.5,right-hand,0.2189,0.7811
2,2.5,right-hand,0.9899,0.0101
2,2.5,right-hand,0.0216,0.9784
2,2.5,left-hand,0.9476,0.0524
2,2.5,right-hand,0.6855,0.3145
2,2.5,right-hand,0.6991,0.3009
2,2.5,right-hand,0.2541,0.7459
2,2.5,left-hand,0.644,0.356
2,2.5,right-hand,0.8398,0.1602
2,2.5,left-hand,0.1549,0.8451
2,2.5,left-hand,0.8615,0.1385
2,2.5,left-hand,0.4522,0.5478
2,2.5,right-hand,0.305,0.695
2,2.5,left-hand,0.1063,0.8937
2,2.5,left-hand,0.1825,0.8175
2,2.5,right-hand,0.1025,0.8975
2,2.5,left-hand,0.5525,0.4475
2,2.5,right-hand,0.7736,0.2264
2,2.5,left-hand,0.9297,0.0703
2,2.5,right-hand,0.0023,0.9977
2,2.5,right-hand,0.2026,0.7974
2,2.5,left-hand,0.5831,0.4169
2,2.5,left-hand,0.9363,0.0637
2,2.5,right-hand,0.7404,0.2596
2,2.5,left-hand,0.881,0.119
2,2.5,right-hand,0.962,0.038
2,2.5,left-hand,0.0545,0.9455
2,2.5,right-hand,0.5283,0.4717
2,2.5,left-hand,0.4548,0.5452
2,2.5,left-hand,0.9916,0.0084
2,2.5,right-hand,0.007,0.993
2,2.5,left-hand,0.0942,0.9058
2,2.5,right-hand,0.564,0.436
2,2.5,left-hand,0.0207,0.9793
2,2.5,right-hand,0.0735,0.9265
2,2.5,left-hand,0.8518,0.1482
2,2.5,right-hand,0.0167,0.9833
2,2.5,right-hand,0.0068,0.9932
2,2.5,left-hand,0.4359,0.5641
2,2.5,left-hand,0.9381,0.0619
2,2.5,left-hand,0.1788,0.8212
2,2.5,right-hand,0.0205,0.9795
2,2.5,left-hand,0.5035,0.4965
2,2.5,right-hand,0.0007,0.9993
2,2.5,left-hand,0.9992,0.0008
2,2.5,left-hand,0.898,0.102
2,2.5,right-hand,0.1035,0.8965
2,2.5,left-hand,0.1223,0.8777
2,2.5,right-hand,0.6333,0.3667
2,2.5,right-hand,0.0021,0.9979
2,2.5,left-hand,0.9872,0.0128
2,2.5,right-hand,0.9089,0.0911
2,2.5,left-hand,0.4097,0.5903
2,2.5,left-hand,0.0156,0.9844
2,2.5,right-hand,0.659,0.341
2,2.5,right-hand,0.0001,0.9999
3,2.5,left-hand,0.2021,0.7979
3,2.5,right-hand,0.0196,0.9804
3,2.5,left-hand,0.9941,0.0059
3,2.5,left-hand,0.8972,0.1028
3,2.5,left-hand,0.9986,0.0014
3,2.5,right-hand,0.0012,0.9988
3,2.5,right-hand,0.7612,0.2388
3,2.5,left-hand,0.9249,0.0751
3,2.5,left-hand,0.3646,0.6354
3,2.5,right-hand,0.8928,0.1072
3,2.5,left-hand,0.0068,0.9932
3,2.5,right-hand,0.0068,0.9932
3,2.5,right-hand,0.9702,0.0298
3,2.5,right-hand,0.0,1.0
3,2.5,right-hand,0.9967,0.0033
3,2.5,left-hand,0.8717,0.1283
3,2.5,left-hand,0.6698,0.3302
3,2.5,right-hand,0.9702,0.0298
3,2.5,left-hand,0.0039,0.9961
3,2.5,right-hand,0.9764,0.0236
3,2.5,left-hand,0.4252,0.5748
3,2.5,right-hand,0.0218,0.9782
3,2.5,left-hand,0.2165,0.7835
3,2.5,left-hand,0.3733,0.6267
3,2.5,right-hand,0.1125,0.8875
3,2.5,right-hand,0.9994,0.0006
3,2.5,left-hand,0.9969,0.0031
3,2.5,right-hand,0.0069,0.9931
3,2.5,left-hand,0.2726,0.7274
3,2.5,left-hand,0.8834,0.1166
3,2.5,right-hand,0.0083,0.9917
3,2.5,left-hand,0.0041,0.9959
3,2.5,right-hand,0.1691,0.8309
3,2.5,left-hand,0.0303,0.9697
3,2.5,left-hand,0.1332,0.8668
3,2.5,right-hand,0.0261,0.9739
3,2.5,left-hand,0.873,0.127
3,2.5,right-hand,0.0185,0.9815
3,2.5,left-hand,0.7616,0.2384
3,2.5,right-hand,0.631,0.369
3,2.5,right-hand,0.2987,0.7013
3,2.5,right-hand,0.3217,0.6783
3,2.5,left-hand,0.9445,0.0555
3,2.5,right-hand,0.0,1.0
3,2.5,left-hand,0.982,0.018
3,2.5,left-hand,0.7685,0.2315
3,2.5,right-hand,0.0609,0.9391
3,2.5,left-hand,0.0002,0.9998
3,2.5,right-hand,0.025,0.975
3,2.5,left-hand,0.0895,0.9105
3,2.5,left-hand,0.9073,0.0927
3,2.5,right-hand,0.0146,0.9854
3,2.5,right-hand,0.0206,0.9794
3,2.5,right-hand,0.0983,0.9017
3,2.5,right-hand,0.0658,0.9342
3,2.5,right-hand,0.5986,0.4014
3,2.5,left-hand,0.5379,0.4621
3,2.5,left-hand,0.0014,0.9986
4,2.5,left-hand,0.8569,0.1431
4,2.5,right-hand,0.3852,0.6148
4,2.5,right-hand,0.9759,0.0241
4,2.5,left-hand,0.8066,0.1934
4,2.5,left-hand,0.0201,0.9799
4,2.5,right-hand,0.9837,0.0163
4,2.5,right-hand,0.0004,0.9996
4,2.5,left-hand,1.0,0.0
4,2.5,left-hand,0.9931,0.0069
4,2.5,right-hand,0.3997,0.6003
4,2.5,right-hand,0.7582,0.2418
4,2.5,left-hand,0.0045,0.9955
4,2.5,left-hand,0.9868,0.0132
4,2.5,left-hand,0.3269,0.6731
4,2.5,left-hand,0.9711,0.0289
4,2.5,right-hand,0.868,0.132
4,2.5,right-hand,0.0002,0.9998
4,2.5,left-hand,0.0084,0.9916
4,2.5,left-hand,0.9985,0.0015
4,2.5,right-hand,0.0356,0.9644
4,2.5,left-hand,0.992,0.008
4,2.5,right-hand,0.161,0.839
4,2.5,right-hand,0.9124,0.0876
4,2.5,right-hand,0.6411,0.3589
4,2.5,right-hand,0.0004,0.9996
4,2.5,left-hand,0.2484,0.7516
4,2.5,right-hand,0.407,0.593
4,2.5,right-hand,0.1591,0.8409
4,2.5,left-hand,0.9301,0.0699
4,2.5,left-hand,0.3201,0.6799
4,2.5,left-hand,0.7334,0.2666
4,2.5,right-hand,0.9604,0.0396
4,2.5,right-hand,0.0511,0.9489
4,2.5,right-hand,0.2003,0.7997
4,2.5,left-hand,0.8321,0.1679
4,2.5,right-hand,0.0009,0.9991
4,2.5,right-hand,0.3835,0.6165
4,2.5,right-hand,0.0435,0.9565
4,2.5,left-hand,0.9796,0.0204
4,2.5,left-hand,0.6556,0.3444
4,2.5,right-hand,0.0086,0.9914
4,2.5,right-hand,0.0,1.0
4,2.5,left-hand,0.531,0.469
4,2.5,left-hand,0.5788,0.4212
4,2.5,right-hand,0.0329,0.9671
4,2.5,left-hand,0.3543,0.6457
4,2.5,right-hand,0.8708,0.1292
4,2.5,left-hand,0.8922,0.1078
4,2.5,left-hand,0.4655,0.5345
4,2.5,left-hand,0.1074,0.8926
4,2.5,right-hand,0.0557,0.9443
4,2.5,right-hand,0.3101,0.6899
4,2.5,left-hand,0.9649,0.0351
4,2.5,left-hand,0.7534,0.2466
4,2.5,right-hand,0.098,0.902
4,2.5,left-hand,0.0591,0.9409
4,2.5,left-hand,0.8006,0.1994
5,2.5,left-hand,0.3664,0.6336
5,2.5,right-hand,0.0812,0.9188
5,2.5,right-hand,0.0211,0.9789
5,2.5,right-hand,0.5146,0.4854
5,2.5,left-hand,0.1941,0.8059
5,2.5,left-hand,0.9373,0.0627
5,2.5,left-hand,0.9515,0.0485
5,2.5,left-hand,0.7724,0.2276
5,2.5,right-hand,0.2476,0.7524
5,2.5,left-hand,0.9908,0.0092
5,2.5,right-hand,0.3954,0.6046
5,2.5,right-hand,0.0208,0.9792
5,2.5,right-hand,0.338,0.662
5,2.5,left-hand,0.0193,0.9807
5,2.5,left-hand,0.392,0.608
5,2.5,right-hand,0.0027,0.9973
5,2.5,right-hand,0.8075,0.1925
5,2.5,right-hand,0.7366,0.2634
5,2.5,right-hand,0.9792,0.0208
5,2.5,right-hand,0.0914,0.9086
5,2.5,left-hand,0.0481,0.9519
5,2.5,left-hand,0.9781,0.0219
5,2.5,right-hand,0.0283,0.9717
5,2.5,right-hand,0.0087,0.9913
5,2.5,left-hand,0.222,0.778
5,2.5,left-hand,0.9942,0.0058
5,2.5,left-hand,0.9056,0.0944
5,2.5,left-hand,0.8771,0.1229
5,2.5,left-hand,0.5703,0.4297
5,2.5,right-hand,0.0061,0.9939
5,2.5,left-hand,0.9944,0.0056
5,2.5,right-hand,0.0161,0.9839
5,2.5,right-hand,0.6427,0.3573
5,2.5,left-hand,0.9448,0.0552
5,2.5,left-hand,0.0894,0.9106
5,2.5,right-hand,0.0543,0.9457
5,2.5,right-hand,0.9662,0.0338
5,2.5,left-hand,0.4528,0.5472
5,2.5,right-hand,0.0758,0.9242
5,2.5,left-hand,0.9994,0.0006
5,2.5,right-hand,0.0124,0.9876
5,2.5,right-hand,0.1369,0.8631
5,2.5,right-hand,0.0082,0.9918
5,2.5,left-hand,0.3489,0.6511
5,2.5,left-hand,0.9896,0.0104
5,2.5,right-hand,0.588,0.412
5,2.5,left-hand,0.0378,0.9622
5,2.5,left-hand,0.9244,0.0756
5,2.5,left-hand,0.3117,0.6883
5,2.5,right-hand,0.7105,0.2895
5,2.5,right-hand,0.057,0.943
5,2.5,left-hand,0.9995,0.0005
5,2.5,right-hand,0.7495,0.2505
5,2.5,left-hand,0.2667,0.7333
5,2.5,left-hand,0.5392,0.4608
5,2.5,right-hand,0.2279,0.7721
5,2.5,right-hand,0.7633,0.2367
