fold,tmin,true_label,left-hand,right-hand
1,3.5,left-hand,0.002,0.998
1,3.5,right-hand,0.6525,0.3475
1,3.5,left-hand,0.3379,0.6621
1,3.5,right-hand,0.7908,0.2092
1,3.5,right-hand,0.394,0.606
1,3.5,right-hand,0.0,1.0
1,3.5,left-hand,0.3155,0.6845
1,3.5,right-hand,0.7546,0.2454
1,3.5,right-hand,0.6451,0.3549
1,3.5,left-hand,0.9202,0.0798
1,3.5,right-hand,0.776,0.224
1,3.5,right-hand,0.4154,0.5846
1,3.5,left-hand,0.3876,0.6124
1,3.5,right-hand,0.5101,0.4899
1,3.5,left-hand,0.6359,0.3641
1,3.5,left-hand,0.6454,0.3546
1,3.5,left-hand,0.5014,0.4986
1,3.5,left-hand,0.5962,0.4038
1,3.5,right-hand,0.9027,0.0973
1,3.5,right-hand,0.7471,0.2529
1,3.5,left-hand,0.3472,0.6528
1,3.5,right-hand,0.4444,0.5556
1,3.5,left-hand,0.443,0.557
1,3.5,left-hand,0.3494,0.6506
1,3.5,right-hand,0.371,0.629
1,3.5,right-hand,0.4768,0.5232
1,3.5,right-hand,0.5656,0.4344
1,3.5,left-hand,0.4682,0.5318
1,3.5,left-hand,0.4333,0.5667
1,3.5,left-hand,0.5267,0.4733
1,3.5,right-hand,0.3158,0.6842
1,3.5,right-hand,0.6669,0.3331
1,3.5,right-hand,0.5488,0.4512
1,3.5,right-hand,0.1596,0.8404
1,3.5,left-hand,0.6375,0.3625
1,3.5,left-hand,0.5618,0.4382
1,3.5,right-hand,0.2146,0.7854
1,3.5,right-hand,0.3979,0.6021
1,3.5,left-hand,0.6045,0.3955
1,3.5,right-hand,0.6787,0.3213
1,3.5,left-hand,0.5513,0.4487
1,3.5,right-hand,0.7761,0.2239
1,3.5,left-hand,0.631,0.369
1,3.5,left-hand,0.723,0.277
1,3.5,right-hand,0.5809,0.4191
1,3.5,left-hand,0.4519,0.5481
1,3.5,left-hand,0.4399,0.5601
1,3.5,right-hand,0.3881,0.6119
1,3.5,right-hand,0.4143,0.5857
1,3.5,left-hand,0.3554,0.6446
1,3.5,right-hand,0.5627,0.4373
1,3.5,right-hand,0.2025,0.7975
1,3.5,left-hand,0.4352,0.5648
1,3.5,left-hand,0.5053,0.4947
1,3.5,left-hand,0.1483,0.8517
1,3.5,right-hand,0.5757,0.4243
1,3.5,right-hand,0.134,0.866
1,3.5,right-hand,0.6132,0.3868
1,3.5,left-hand,0.6444,0.3556
1,3.5,left-hand,0.6479,0.3521
1,3.5,left-hand,0.591,0.409
1,3.5,left-hand,0.6101,0.3899
1,3.5,left-hand,0.0079,0.9921
1,3.5,left-hand,0.4056,0.5944
1,3.5,left-hand,0.4523,0.5477
1,3.5,right-hand,0.6177,0.3823
1,3.5,left-hand,0.3171,0.6829
1,3.5,right-hand,0.4992,0.5008
1,3.5,left-hand,0.3299,0.6701
1,3.5,right-hand,0.6265,0.3735
1,3.5,left-hand,0.5814,0.4186
1,3.5,right-hand,0.5419,0.4581
1,3.5,left-hand,0.3618,0.6382
1,3.5,right-hand,0.8259,0.1741
1,3.5,left-hand,0.4477,0.5523
1,3.5,left-hand,0.4807,0.5193
1,3.5,left-hand,0.6367,0.3633
1,3.5,left-hand,0.3842,0.6158
1,3.5,right-hand,0.2511,0.7489
1,3.5,right-hand,0.4582,0.5418
1,3.5,right-hand,0.4381,0.5619
1,3.5,left-hand,0.3106,0.6894
1,3.5,left-hand,0.2987,0.7013
1,3.5,right-hand,0.5197,0.4803
1,3.5,left-hand,0.2688,0.7312
1,3.5,right-hand,0.2963,0.7037
1,3.5,right-hand,0.2266,0.7734
1,3.5,left-hand,0.6132,0.3868
1,3.5,left-hand,0.2148,0.7852
1,3.5,right-hand,0.2834,0.7166
1,3.5,right-hand,0.5265,0.4735
1,3.5,left-hand,0.7408,0.2592
1,3.5,left-hand,0.4454,0.5546
1,3.5,left-hand,0.8752,0.1248
1,3.5,left-hand,0.445,0.555
1,3.5,left-hand,0.3162,0.6838
1,3.5,right-hand,0.3334,0.6666
1,3.5,left-hand,0.4061,0.5939
1,3.5,right-hand,0.0881,0.9119
1,3.5,right-hand,0.353,0.647
1,3.5,right-hand,0.521,0.479
1,3.5,right-hand,0.6208,0.3792
1,3.5,right-hand,0.4292,0.5708
1,3.5,right-hand,0.273,0.727
1,3.5,right-hand,0.0783,0.9217
1,3.5,right-hand,0.1413,0.8587
1,3.5,right-hand,0.4429,0.5571
1,3.5,right-hand,0.3842,0.6158
1,3.5,left-hand,0.433,0.567
1,3.5,left-hand,0.4367,0.5633
1,3.5,right-hand,0.1479,0.8521
1,3.5,right-hand,0.5954,0.4046
1,3.5,right-hand,0.3514,0.6486
1,3.5,right-hand,0.4325,0.5675
1,3.5,right-hand,0.3394,0.6606
1,3.5,right-hand,0.4427,0.5573
1,3.5,left-hand,0.4225,0.5775
1,3.5,right-hand,0.2875,0.7125
1,3.5,left-hand,0.7197,0.2803
1,3.5,left-hand,0.3129,0.6871
1,3.5,left-hand,0.1632,0.8368
1,3.5,right-hand,0.3668,0.6332
1,3.5,right-hand,0.33,0.67
1,3.5,left-hand,0.0804,0.9196
1,3.5,right-hand,0.3762,0.6238
1,3.5,right-hand,0.3771,0.6229
1,3.5,right-hand,0.5287,0.4713
1,3.5,left-hand,0.3187,0.6813
1,3.5,left-hand,0.551,0.449
1,3.5,left-hand,0.5329,0.4671
1,3.5,left-hand,0.2497,0.7503
1,3.5,right-hand,0.2762,0.7238
1,3.5,left-hand,0.4625,0.5375
1,3.5,left-hand,0.5439,0.4561
1,3.5,left-hand,0.1843,0.8157
1,3.5,left-hand,0.2687,0.7313
2,3.5,right-hand,0.9067,0.0933
2,3.5,right-hand,0.9912,0.0088
2,3.5,left-hand,0.6863,0.3137
2,3.5,right-hand,0.7838,0.2162
2,3.5,right-hand,0.4678,0.5322
2,3.5,right-hand,0.3189,0.6811
2,3.5,right-hand,0.3585,0.6415
2,3.5,left-hand,0.8062,0.1938
2,3.5,left-hand,0.4342,0.5658
2,3.5,left-hand,0.3544,0.6456
2,3.5,left-hand,0.7616,0.2384
2,3.5,left-hand,0.1112,0.8888
2,3.5,right-hand,0.868,0.132
2,3.5,right-hand,0.7034,0.2966
2,3.5,right-hand,0.8541,0.1459
2,3.5,left-hand,0.436,0.564
2,3.5,right-hand,0.4686,0.5314
2,3.5,left-hand,0.724,0.276
2,3.5,left-hand,0.9681,0.0319
2,3.5,right-hand,0.3449,0.6551
2,3.5,left-hand,0.7129,0.2871
2,3.5,right-hand,0.25,0.75
2,3.5,right-hand,0.6,0.4
2,3.5,right-hand,0.941,0.059
2,3.5,left-hand,0.6425,0.3575
2,3.5,right-hand,0.8253,0.1747
2,3.5,right-hand,0.5939,0.4061
2,3.5,left-hand,0.5176,0.4824
2,3.5,left-hand,0.506,0.494
2,3.5,right-hand,0.5218,0.4782
2,3.5,right-hand,0.5784,0.4216
2,3.5,right-hand,0.6574,0.3426
2,3.5,left-hand,0.5565,0.4435
2,3.5,right-hand,0.4614,0.5386
2,3.5,left-hand,0.634,0.366
2,3.5,right-hand,0.5948,0.4052
2,3.5,right-hand,0.3345,0.6655
2,3.5,left-hand,0.4209,0.5791
2,3.5,left-hand,0.2554,0.7446
2,3.5,left-hand,0.8265,0.1735
2,3.5,left-hand,0.4512,0.5488
2,3.5,left-hand,0.3027,0.6973
2,3.5,left-hand,0.5598,0.4402
2,3.5,right-hand,0.603,0.397
2,3.5,left-hand,0.4533,0.5467
2,3.5,left-hand,0.4345,0.5655
2,3.5,right-hand,0.1612,0.8388
2,3.5,right-hand,0.305,0.695
2,3.5,left-hand,0.1609,0.8391
2,3.5,right-hand,0.8345,0.1655
2,3.5,left-hand,0.2292,0.7708
2,3.5,right-hand,0.293,0.707
2,3.5,left-hand,0.3324,0.6676
2,3.5,right-hand,0.3161,0.6839
2,3.5,right-hand,0.3541,0.6459
2,3.5,right-hand,0.2318,0.7682
2,3.5,left-hand,0.2011,0.7989
2,3.5,right-hand,0.1201,0.8799
2,3.5,right-hand,0.6341,0.3659
2,3.5,right-hand,0.1927,0.8073
2,3.5,left-hand,0.4632,0.5368
2,3.5,left-hand,0.5703,0.4297
2,3.5,right-hand,0.2192,0.7808
2,3.5,right-hand,0.3632,0.6368
2,3.5,left-hand,0.3339,0.6661
2,3.5,right-hand,0.4717,0.5283
2,3.5,left-hand,0.1899,0.8101
2,3.5,right-hand,0.3201,0.6799
2,3.5,left-hand,0.4043,0.5957
2,3.5,right-hand,0.6549,0.3451
2,3.5,right-hand,0.3976,0.6024
2,3.5,right-hand,0.2682,0.7318
2,3.5,right-hand,0.2713,0.7287
2,3.5,right-hand,0.2092,0.7908
2,3.5,left-hand,0.1612,0.8388
2,3.5,left-hand,0.3483,0.6517
2,3.5,left-hand,0.2649,0.7351
2,3.5,left-hand,0.3641,0.6359
2,3.5,left-hand,0.1845,0.8155
2,3.5,right-hand,0.126,0.874
2,3.5,right-hand,0.323,0.677
2,3.5,left-hand,0.2617,0.7383
2,3.5,right-hand,0.0112,0.9888
2,3.5,left-hand,0.1339,0.8661
2,3.5,left-hand,0.336,0.664
2,3.5,left-hand,0.4172,0.5828
2,3.5,left-hand,0.9549,0.0451
2,3.5,right-hand,0.0763,0.9237
2,3.5,left-hand,0.5933,0.4067
2,3.5,right-hand,0.2093,0.7907
2,3.5,right-hand,0.4182,0.5818
2,3.5,right-hand,0.251,0.749
2,3.5,right-hand,0.6822,0.3178
2,3.5,right-hand,0.4257,0.5743
2,3.5,left-hand,0.5571,0.4429
2,3.5,left-hand,0.5159,0.4841
2,3.5,left-hand,0.4662,0.5338
2,3.5,right-hand,0.3631,0.6369
2,3.5,right-hand,0.2865,0.7135
2,3.5,right-hand,0.6281,0.3719
2,3.5,left-hand,0.3406,0.6594
2,3.5,left-hand,0.6785,0.3215
2,3.5,left-hand,0.2849,0.7151
2,3.5,right-hand,0.3584,0.6416
2,3.5,right-hand,0.2248,0.7752
2,3.5,left-hand,0.1391,0.8609
2,3.5,left-hand,0.3219,0.6781
2,3.5,left-hand,0.3794,0.6206
2,3.5,left-hand,0.4146,0.5854
2,3.5,left-hand,0.4142,0.5858
2,3.5,left-hand,0.2332,0.7668
2,3.5,left-hand,0.1226,0.8774
2,3.5,left-hand,0.5099,0.4901
2,3.5,left-hand,0.9071,0.0929
2,3.5,left-hand,0.48,0.52
2,3.5,left-hand,0.0274,0.9726
2,3.5,right-hand,0.4101,0.5899
2,3.5,left-hand,0.6437,0.3563
2,3.5,left-hand,0.1584,0.8416
2,3.5,left-hand,0.3379,0.6621
2,3.5,right-hand,0.4659,0.5341
2,3.5,right-hand,0.3842,0.6158
2,3.5,right-hand,0.4368,0.5632
2,3.5,left-hand,0.0434,0.9566
2,3.5,left-hand,0.136,0.864
2,3.5,right-hand,0.4982,0.5018
2,3.5,left-hand,0.3284,0.6716
2,3.5,left-hand,0.2268,0.7732
2,3.5,right-hand,0.4242,0.5758
2,3.5,right-hand,0.1528,0.8472
2,3.5,right-hand,0.1267,0.8733
2,3.5,left-hand,0.2982,0.7018
2,3.5,right-hand,0.1822,0.8178
2,3.5,right-hand,0.0906,0.9094
2,3.5,right-hand,0.9065,0.0935
2,3.5,right-hand,0.2503,0.7497
3,3.5,left-hand,0.4233,0.5767
3,3.5,left-hand,0.4431,0.5569
3,3.5,left-hand,0.5837,0.4163
3,3.5,right-hand,0.4462,0.5538
3,3.5,left-hand,0.364,0.636
3,3.5,left-hand,0.2289,0.7711
3,3.5,right-hand,0.355,0.645
3,3.5,right-hand,0.856,0.144
3,3.5,left-hand,0.6805,0.3195
3,3.5,right-hand,0.6479,0.3521
3,3.5,right-hand,0.2054,0.7946
3,3.5,left-hand,0.2783,0.7217
3,3.5,right-hand,0.8172,0.1828
3,3.5,right-hand,0.4296,0.5704
3,3.5,left-hand,0.8748,0.1252
3,3.5,left-hand,0.3944,0.6056
3,3.5,left-hand,0.9209,0.0791
3,3.5,right-hand,0.5518,0.4482
3,3.5,left-hand,0.4855,0.5145
3,3.5,right-hand,0.6663,0.3337
3,3.5,right-hand,0.141,0.859
3,3.5,left-hand,0.3174,0.6826
3,3.5,right-hand,0.6236,0.3764
3,3.5,left-hand,0.6493,0.3507
3,3.5,left-hand,0.5811,0.4189
3,3.5,left-hand,0.9982,0.0018
3,3.5,right-hand,0.7004,0.2996
3,3.5,right-hand,0.7182,0.2818
3,3.5,right-hand,0.7141,0.2859
3,3.5,right-hand,0.5357,0.4643
3,3.5,left-hand,0.7261,0.2739
3,3.5,left-hand,0.2793,0.7207
3,3.5,right-hand,0.3404,0.6596
3,3.5,right-hand,0.4631,0.5369
3,3.5,left-hand,0.4774,0.5226
3,3.5,right-hand,0.519,0.481
3,3.5,left-hand,0.7447,0.2553
3,3.5,right-hand,0.6298,0.3702
3,3.5,right-hand,0.7641,0.2359
3,3.5,left-hand,0.6777,0.3223
3,3.5,left-hand,0.519,0.481
3,3.5,right-hand,0.3692,0.6308
3,3.5,right-hand,0.5804,0.4196
3,3.5,right-hand,0.7945,0.2055
3,3.5,left-hand,0.2964,0.7036
3,3.5,right-hand,0.6387,0.3613
3,3.5,left-hand,0.7175,0.2825
3,3.5,left-hand,0.1833,0.8167
3,3.5,right-hand,0.4712,0.5288
3,3.5,left-hand,0.5359,0.4641
3,3.5,right-hand,0.3471,0.6529
3,3.5,left-hand,0.1687,0.8313
3,3.5,right-hand,0.4221,0.5779
3,3.5,right-hand,0.4247,0.5753
3,3.5,right-hand,0.6075,0.3925
3,3.5,left-hand,0.6541,0.3459
3,3.5,left-hand,0.4251,0.5749
3,3.5,right-hand,0.5283,0.4717
3,3.5,right-hand,0.7834,0.2166
3,3.5,right-hand,0.5239,0.4761
3,3.5,left-hand,0.0658,0.9342
3,3.5,right-hand,0.3113,0.6887
3,3.5,right-hand,0.4917,0.5083
3,3.5,left-hand,0.4452,0.5548
3,3.5,left-hand,0.7202,0.2798
3,3.5,right-hand,0.7948,0.2052
3,3.5,left-hand,0.3263,0.6737
3,3.5,left-hand,0.2758,0.7242
3,3.5,right-hand,0.2457,0.7543
3,3.5,right-hand,0.3351,0.6649
3,3.5,right-hand,0.3716,0.6284
3,3.5,left-hand,0.3902,0.6098
3,3.5,right-hand,0.3458,0.6542
3,3.5,left-hand,0.5458,0.4542
3,3.5,left-hand,0.4353,0.5647
3,3.5,left-hand,0.354,0.646
3,3.5,right-hand,0.3399,0.6601
3,3.5,right-hand,0.5453,0.4547
3,3.5,left-hand,0.242,0.758
3,3.5,right-hand,0.9569,0.0431
3,3.5,left-hand,0.1897,0.8103
3,3.5,right-hand,0.4356,0.5644
3,3.5,right-hand,0.6391,0.3609
3,3.5,right-hand,0.4476,0.5524
3,3.5,left-hand,0.4871,0.5129
3,3.5,left-hand,0.5237,0.4763
3,3.5,left-hand,0.4918,0.5082
3,3.5,right-hand,0.2628,0.7372
3,3.5,left-hand,0.5745,0.4255
3,3.5,left-hand,0.7614,0.2386
3,3.5,left-hand,0.1637,0.8363
3,3.5,left-hand,0.3819,0.6181
3,3.5,right-hand,0.4827,0.5173
3,3.5,left-hand,0.2967,0.7033
3,3.5,right-hand,0.511,0.489
3,3.5,left-hand,0.132,0.868
3,3.5,right-hand,0.5976,0.4024
3,3.5,right-hand,0.4998,0.5002
3,3.5,right-hand,0.2985,0.7015
3,3.5,left-hand,0.6247,0.3753
3,3.5,left-hand,0.421,0.579
3,3.5,right-hand,0.3429,0.6571
3,3.5,right-hand,0.2499,0.7501
3,3.5,right-hand,0.6995,0.3005
3,3.5,left-hand,0.6646,0.3354
3,3.5,left-hand,0.694,0.306
3,3.5,right-hand,0.2122,0.7878
3,3.5,left-hand,0.1191,0.8809
3,3.5,left-hand,0.3136,0.6864
3,3.5,right-hand,0.6778,0.3222
3,3.5,right-hand,0.6021,0.3979
3,3.5,right-hand,0.3182,0.6818
3,3.5,left-hand,0.5367,0.4633
3,3.5,left-hand,0.5528,0.4472
3,3.5,left-hand,0.3481,0.6519
3,3.5,left-hand,0.506,0.494
3,3.5,left-hand,0.746,0.254
3,3.5,right-hand,0.5926,0.4074
3,3.5,right-hand,0.81,0.19
3,3.5,right-hand,0.5993,0.4007
3,3.5,right-hand,0.4409,0.5591
3,3.5,left-hand,0.1379,0.8621
3,3.5,right-hand,0.1895,0.8105
3,3.5,left-hand,0.3403,0.6597
3,3.5,right-hand,0.4208,0.5792
3,3.5,left-hand,0.6526,0.3474
3,3.5,left-hand,0.4604,0.5396
3,3.5,left-hand,0.4643,0.5357
3,3.5,right-hand,0.2583,0.7417
3,3.5,right-hand,0.2575,0.7425
3,3.5,right-hand,0.8531,0.1469
3,3.5,left-hand,0.7124,0.2876
3,3.5,left-hand,0.1756,0.8244
3,3.5,left-hand,0.7031,0.2969
3,3.5,right-hand,0.4294,0.5706
3,3.5,left-hand,0.3295,0.6705
4,3.5,left-hand,0.277,0.723
4,3.5,right-hand,0.3238,0.6762
4,3.5,left-hand,0.5824,0.4176
4,3.5,left-hand,0.4617,0.5383
4,3.5,right-hand,0.3225,0.6775
4,3.5,right-hand,0.5513,0.4487
4,3.5,right-hand,0.7327,0.2673
4,3.5,left-hand,0.464,0.536
4,3.5,left-hand,0.5183,0.4817
4,3.5,right-hand,0.7919,0.2081
4,3.5,left-hand,0.0942,0.9058
4,3.5,left-hand,0.3655,0.6345
4,3.5,left-hand,0.6854,0.3146
4,3.5,right-hand,0.4267,0.5733
4,3.5,left-hand,0.371,0.629
4,3.5,left-hand,0.6625,0.3375
4,3.5,left-hand,0.3244,0.6756
4,3.5,left-hand,0.7183,0.2817
4,3.5,left-hand,0.2531,0.7469
4,3.5,left-hand,0.8121,0.1879
4,3.5,right-hand,0.507,0.493
4,3.5,left-hand,0.5095,0.4905
4,3.5,left-hand,0.7044,0.2956
4,3.5,right-hand,0.6653,0.3347
4,3.5,left-hand,0.4105,0.5895
4,3.5,left-hand,0.4855,0.5145
4,3.5,left-hand,0.6739,0.3261
4,3.5,right-hand,0.1484,0.8516
4,3.5,right-hand,0.3867,0.6133
4,3.5,left-hand,0.4447,0.5553
4,3.5,right-hand,0.7812,0.2188
4,3.5,right-hand,0.4347,0.5653
4,3.5,right-hand,0.8988,0.1012
4,3.5,right-hand,0.5165,0.4835
4,3.5,right-hand,0.452,0.548
4,3.5,right-hand,0.3073,0.6927
4,3.5,left-hand,0.4764,0.5236
4,3.5,right-hand,0.6531,0.3469
4,3.5,left-hand,0.6949,0.3051
4,3.5,left-hand,0.8082,0.1918
4,3.5,left-hand,0.5077,0.4923
4,3.5,right-hand,0.3627,0.6373
4,3.5,left-hand,0.5513,0.4487
4,3.5,left-hand,0.2167,0.7833
4,3.5,right-hand,0.4339,0.5661
4,3.5,right-hand,0.5094,0.4906
4,3.5,left-hand,0.0603,0.9397
4,3.5,right-hand,0.3285,0.6715
4,3.5,right-hand,0.5417,0.4583
4,3.5,left-hand,0.5326,0.4674
4,3.5,left-hand,0.5684,0.4316
4,3.5,right-hand,0.3033,0.6967
4,3.5,left-hand,0.3631,0.6369
4,3.5,left-hand,0.5165,0.4835
4,3.5,left-hand,0.6776,0.3224
4,3.5,right-hand,0.5444,0.4556
4,3.5,left-hand,0.6643,0.3357
4,3.5,left-hand,0.3843,0.6157
4,3.5,left-hand,0.6463,0.3537
4,3.5,left-hand,0.6443,0.3557
4,3.5,right-hand,0.3419,0.6581
4,3.5,right-hand,0.6855,0.3145
4,3.5,right-hand,0.6247,0.3753
4,3.5,left-hand,0.7853,0.2147
4,3.5,left-hand,0.4745,0.5255
4,3.5,left-hand,0.4124,0.5876
4,3.5,right-hand,0.1588,0.8412
4,3.5,left-hand,0.5653,0.4347
4,3.5,right-hand,0.35,0.65
4,3.5,right-hand,0.4054,0.5946
4,3.5,left-hand,0.5023,0.4977
4,3.5,right-hand,0.5083,0.4917
4,3.5,left-hand,0.3117,0.6883
4,3.5,left-hand,0.227,0.773
4,3.5,right-hand,0.304,0.696
4,3.5,right-hand,0.4658,0.5342
4,3.5,right-hand,0.3801,0.6199
4,3.5,right-hand,0.9173,0.0827
4,3.5,right-hand,0.701,0.299
4,3.5,left-hand,0.5412,0.4588
4,3.5,right-hand,0.6148,0.3852
4,3.5,right-hand,0.5381,0.4619
4,3.5,left-hand,0.5972,0.4028
4,3.5,left-hand,0.3209,0.6791
4,3.5,right-hand,0.3883,0.6117
4,3.5,left-hand,0.457,0.543
4,3.5,right-hand,0.4698,0.5302
4,3.5,left-hand,0.255,0.745
4,3.5,right-hand,0.442,0.558
4,3.5,right-hand,0.3897,0.6103
4,3.5,right-hand,0.4491,0.5509
4,3.5,left-hand,0.2941,0.7059
4,3.5,left-hand,0.6594,0.3406
4,3.5,right-hand,0.6765,0.3235
4,3.5,right-hand,0.129,0.871
4,3.5,left-hand,0.3239,0.6761
4,3.5,right-hand,0.6419,0.3581
4,3.5,left-hand,0.3047,0.6953
4,3.5,left-hand,0.5409,0.4591
4,3.5,left-hand,0.2209,0.7791
4,3.5,right-hand,0.2522,0.7478
4,3.5,left-hand,0.2643,0.7357
4,3.5,left-hand,0.4454,0.5546
4,3.5,left-hand,0.6368,0.3632
4,3.5,left-hand,0.3961,0.6039
4,3.5,right-hand,0.3254,0.6746
4,3.5,right-hand,0.5119,0.4881
4,3.5,right-hand,0.3792,0.6208
4,3.5,left-hand,0.3613,0.6387
4,3.5,right-hand,0.2758,0.7242
4,3.5,right-hand,0.098,0.902
4,3.5,left-hand,0.4993,0.5007
4,3.5,right-hand,0.2829,0.7171
4,3.5,right-hand,0.542,0.458
4,3.5,right-hand,0.0422,0.9578
4,3.5,right-hand,0.2063,0.7937
4,3.5,left-hand,0.3919,0.6081
4,3.5,right-hand,0.3699,0.6301
4,3.5,right-hand,0.4985,0.5015
4,3.5,left-hand,0.3701,0.6299
4,3.5,right-hand,0.2586,0.7414
4,3.5,right-hand,0.4791,0.5209
4,3.5,left-hand,0.4059,0.5941
4,3.5,right-hand,0.3354,0.6646
4,3.5,right-hand,0.3639,0.6361
4,3.5,left-hand,0.5177,0.4823
4,3.5,right-hand,0.4887,0.5113
4,3.5,left-hand,0.7864,0.2136
4,3.5,right-hand,0.4789,0.5211
4,3.5,right-hand,0.4769,0.5231
4,3.5,left-hand,0.1888,0.8112
4,3.5,right-hand,0.3416,0.6584
4,3.5,left-hand,0.7822,0.2178
4,3.5,right-hand,0.3346,0.6654
4,3.5,left-hand,0.3057,0.6943
4,3.5,right-hand,0.3689,0.6311
5,3.5,right-hand,0.3919,0.6081
5,3.5,right-hand,0.7094,0.2906
5,3.5,left-hand,0.7453,0.2547
5,3.5,right-hand,0.4073,0.5927
5,3.5,left-hand,0.9019,0.0981
5,3.5,left-hand,0.4138,0.5862
5,3.5,right-hand,0.1516,0.8484
5,3.5,left-hand,0.2477,0.7523
5,3.5,left-hand,0.4667,0.5333
5,3.5,right-hand,0.5121,0.4879
5,3.5,left-hand,0.6079,0.3921
5,3.5,left-hand,0.5623,0.4377
5,3.5,left-hand,0.635,0.365
5,3.5,right-hand,0.5181,0.4819
5,3.5,left-hand,0.5952,0.4048
5,3.5,right-hand,0.755,0.245
5,3.5,left-hand,0.901,0.099
5,3.5,right-hand,0.425,0.575
5,3.5,right-hand,0.7978,0.2022
5,3.5,left-hand,0.6326,0.3674
5,3.5,left-hand,0.6719,0.3281
5,3.5,right-hand,0.3502,0.6498
5,3.5,right-hand,0.6853,0.3147
5,3.5,left-hand,0.6202,0.3798
5,3.5,right-hand,0.5318,0.4682
5,3.5,right-hand,0.1688,0.8312
5,3.5,left-hand,0.1916,0.8084
5,3.5,right-hand,0.4819,0.5181
5,3.5,right-hand,0.3949,0.6051
5,3.5,right-hand,0.7418,0.2582
5,3.5,right-hand,0.3631,0.6369
5,3.5,right-hand,0.5281,0.4719
5,3.5,left-hand,0.2866,0.7134
5,3.5,right-hand,0.1748,0.8252
5,3.5,right-hand,0.6386,0.3614
5,3.5,right-hand,0.3137,0.6863
5,3.5,left-hand,0.149,0.851
5,3.5,right-hand,0.4111,0.5889
5,3.5,left-hand,0.4626,0.5374
5,3.5,left-hand,0.088,0.912
5,3.5,right-hand,0.1836,0.8164
5,3.5,left-hand,0.3265,0.6735
5,3.5,left-hand,0.2174,0.7826
5,3.5,left-hand,0.3908,0.6092
5,3.5,right-hand,0.3523,0.6477
5,3.5,right-hand,0.0321,0.9679
5,3.5,left-hand,0.2534,0.7466
5,3.5,left-hand,0.5506,0.4494
5,3.5,left-hand,0.4022,0.5978
5,3.5,left-hand,0.6056,0.3944
5,3.5,left-hand,0.5456,0.4544
5,3.5,right-hand,0.5513,0.4487
5,3.5,right-hand,0.2294,0.7706
5,3.5,right-hand,0.1103,0.8897
5,3.5,left-hand,0.5779,0.4221
5,3.5,left-hand,0.4642,0.5358
5,3.5,right-hand,0.3694,0.6306
5,3.5,left-hand,0.3907,0.6093
5,3.5,left-hand,0.4698,0.5302
5,3.5,left-hand,0.5133,0.4867
5,3.5,right-hand,0.3846,0.6154
5,3.5,left-hand,0.5465,0.4535
5,3.5,right-hand,0.3245,0.6755
5,3.5,left-hand,0.2527,0.7473
5,3.5,right-hand,0.7043,0.2957
5,3.5,right-hand,0.7281,0.2719
5,3.5,left-hand,0.0503,0.9497
5,3.5,right-hand,0.4042,0.5958
5,3.5,left-hand,0.3986,0.6014
5,3.5,right-hand,0.2112,0.7888
5,3.5,right-hand,0.5968,0.4032
5,3.5,right-hand,0.3536,0.6464
5,3.5,left-hand,0.3811,0.6189
5,3.5,left-hand,0.2303,0.7697
5,3.5,right-hand,0.3177,0.6823
5,3.5,left-hand,0.3743,0.6257
5,3.5,right-hand,0.2472,0.7528
5,3.5,left-hand,0.441,0.559
5,3.5,right-hand,0.5611,0.4389
5,3.5,right-hand,0.6298,0.3702
5,3.5,right-hand,0.2822,0.7178
5,3.5,left-hand,0.3827,0.6173
5,3.5,left-hand,0.6552,0.3448
5,3.5,left-hand,0.5363,0.4637
5,3.5,right-hand,0.3106,0.6894
5,3.5,right-hand,0.6978,0.3022
5,3.5,right-hand,0.6142,0.3858
5,3.5,right-hand,0.6841,0.3159
5,3.5,right-hand,0.8417,0.1583
5,3.5,left-hand,0.7656,0.2344
5,3.5,left-hand,0.3473,0.6527
5,3.5,left-hand,0.3112,0.6888
5,3.5,left-hand,0.1846,0.8154
5,3.5,right-hand,0.2976,0.7024
5,3.5,left-hand,0.2493,0.7507
5,3.5,left-hand,0.7417,0.2583
5,3.5,left-hand,0.3978,0.6022
5,3.5,right-hand,0.4253,0.5747
5,3.5,right-hand,0.6256,0.3744
5,3.5,right-hand,0.343,0.657
5,3.5,right-hand,0.5053,0.4947
5,3.5,left-hand,0.5177,0.4823
5,3.5,left-hand,0.611,0.389
5,3.5,left-hand,0.1176,0.8824
5,3.5,right-hand,0.5326,0.4674
5,3.5,left-hand,0.5396,0.4604
5,3.5,right-hand,0.1747,0.8253
5,3.5,right-hand,0.5147,0.4853
5,3.5,right-hand,0.2406,0.7594
5,3.5,right-hand,0.1841,0.8159
5,3.5,right-hand,0.2509,0.7491
5,3.5,left-hand,0.6642,0.3358
5,3.5,left-hand,0.4588,0.5412
5,3.5,left-hand,0.1584,0.8416
5,3.5,left-hand,0.4225,0.5775
5,3.5,left-hand,0.2178,0.7822
5,3.5,right-hand,0.5087,0.4913
5,3.5,right-hand,0.5658,0.4342
5,3.5,left-hand,0.6508,0.3492
5,3.5,right-hand,0.7214,0.2786
5,3.5,right-hand,0.4334,0.5666
5,3.5,left-hand,0.3911,0.6089
5,3.5,left-hand,0.2481,0.7519
5,3.5,left-hand,0.5482,0.4518
5,3.5,right-hand,0.4163,0.5837
5,3.5,right-hand,0.2347,0.7653
5,3.5,right-hand,0.286,0.714
5,3.5,left-hand,0.3055,0.6945
5,3.5,left-hand,0.0916,0.9084
5,3.5,right-hand,0.5727,0.4273
5,3.5,right-hand,0.0524,0.9476
5,3.5,left-hand,0.5636,0.4364
5,3.5,right-hand,0.3147,0.6853
5,3.5,left-hand,0.4521,0.5479
5,3.5,left-hand,0.4276,0.5724
5,3.5,left-hand,0.4135,0.5865
