fold,tmin,true_label,left-hand,right-hand
1,2.5,left-hand,0.014,0.986
1,2.5,left-hand,0.9705,0.0295
1,2.5,right-hand,0.7566,0.2434
1,2.5,right-hand,0.365,0.635
1,2.5,left-hand,0.9013,0.0987
1,2.5,right-hand,0.539,0.461
1,2.5,right-hand,0.0225,0.9775
1,2.5,left-hand,0.9812,0.0188
1,2.5,left-hand,0.221,0.779
1,2.5,right-hand,0.0037,0.9963
1,2.5,right-hand,0.4688,0.5312
1,2.5,left-hand,0.7382,0.2618
1,2.5,left-hand,0.1841,0.8159
1,2.5,right-hand,0.4812,0.5188
1,2.5,left-hand,0.6787,0.3213
1,2.5,left-hand,0.0206,0.9794
1,2.5,left-hand,0.1341,0.8659
1,2.5,right-hand,0.1042,0.8958
1,2.5,right-hand,0.5858,0.4142
1,2.5,right-hand,0.2351,0.7649
1,2.5,left-hand,0.2505,0.7495
1,2.5,left-hand,0.913,0.087
1,2.5,right-hand,0.8228,0.1772
1,2.5,left-hand,0.9001,0.0999
1,2.5,left-hand,0.0985,0.9015
1,2.5,left-hand,0.9954,0.0046
1,2.5,left-hand,0.9928,0.0072
1,2.5,right-hand,0.9521,0.0479
1,2.5,right-hand,0.1375,0.8625
1,2.5,left-hand,0.2582,0.7418
1,2.5,right-hand,0.5017,0.4983
1,2.5,right-hand,0.9899,0.0101
1,2.5,right-hand,0.0044,0.9956
1,2.5,right-hand,0.0807,0.9193
1,2.5,left-hand,0.0245,0.9755
1,2.5,left-hand,0.8544,0.1456
1,2.5,right-hand,0.964,0.036
1,2.5,right-hand,0.9897,0.0103
1,2.5,left-hand,0.0085,0.9915
1,2.5,left-hand,0.8043,0.1957
1,2.5,right-hand,0.0143,0.9857
1,2.5,left-hand,0.6469,0.3531
1,2.5,left-hand,0.7401,0.2599
1,2.5,right-hand,0.7409,0.2591
1,2.5,left-hand,0.7972,0.2028
1,2.5,left-hand,0.008,0.992
1,2.5,right-hand,0.6498,0.3502
1,2.5,right-hand,0.0819,0.9181
1,2.5,right-hand,0.2179,0.7821
1,2.5,left-hand,0.0283,0.9717
1,2.5,right-hand,0.2503,0.7497
1,2.5,right-hand,0.0712,0.9288
1,2.5,right-hand,0.0738,0.9262
1,2.5,left-hand,0.9709,0.0291
1,2.5,right-hand,0.7252,0.2748
1,2.5,left-hand,0.0039,0.9961
1,2.5,right-hand,0.2455,0.7545
1,2.5,left-hand,0.5165,0.4835
2,2.5,right-hand,0.023,0.977
2,2.5,left-hand,0.9581,0.0419
2,2.5,right-hand,0.1822,0.8178
2,2.5,right-hand,0.9254,0.0746
2,2.5,right-hand,0.07,0.93
2,2.5,left-hand,0.9811,0.0189
2,2.5,right-hand,0.1564,0.8436
2,2.5,right-hand,0.1706,0.8294
2,2.5,right-hand,0.0797,0.9203
2,2.5,left-hand,0.9781,0.0219
2,2.5,right-hand,0.9532,0.0468
2,2.5,left-hand,0.6573,0.3427
2,2.5,left-hand,0.5354,0.4646
2,2.5,left-hand,0.1868,0.8132
2,2.5,right-hand,0.7891,0.2109
2,2.5,left-hand,0.7173,0.2827
2,2.5,left-hand,0.1908,0.8092
2,2.5,right-hand,0.1438,0.8562
2,2.5,left-hand,0.111,0.889
2,2.5,right-hand,0.9106,0.0894
2,2.5,left-hand,0.9811,0.0189
2,2.5,right-hand,0.2071,0.7929
2,2.5,right-hand,0.2967,0.7033
2,2.5,left-hand,0.4683,0.5317
2,2.5,left-hand,0.9267,0.0733
2,2.5,right-hand,0.9426,0.0574
2,2.5,left-hand,0.5011,0.4989
2,2.5,right-hand,0.5123,0.4877
2,2.5,left-hand,0.0138,0.9862
2,2.5,right-hand,0.2365,0.7635
2,2.5,left-hand,0.596,0.404
2,2.5,left-hand,0.9941,0.0059
2,2.5,right-hand,0.022,0.978
2,2.5,left-hand,0.5719,0.4281
2,2.5,right-hand,0.958,0.042
2,2.5,left-hand,0.1051,0.8949
2,2.5,right-hand,0.102,0.898
2,2.5,left-hand,0.9604,0.0396
2,2.5,right-hand,0.0048,0.9952
2,2.5,right-hand,0.0096,0.9904
2,2.5,left-hand,0.6769,0.3231
2,2.5,left-hand,0.9639,0.0361
2,2.5,left-hand,0.8913,0.1087
2,2.5,right-hand,0.0179,0.9821
2,2.5,left-hand,0.678,0.322
2,2.5,right-hand,0.0431,0.9569
2,2.5,left-hand,0.8483,0.1517
2,2.5,left-hand,0.7799,0.2201
2,2.5,right-hand,0.6958,0.3042
2,2.5,left-hand,0.4313,0.5687
2,2.5,right-hand,0.6651,0.3349
2,2.5,right-hand,0.0212,0.9788
2,2.5,left-hand,0.9185,0.0815
2,2.5,right-hand,0.9855,0.0145
2,2.5,left-hand,0.3226,0.6774
2,2.5,left-hand,0.2788,0.7212
2,2.5,right-hand,0.8521,0.1479
2,2.5,right-hand,0.0082,0.9918
3,2.5,left-hand,0.0534,0.9466
3,2.5,right-hand,0.0128,0.9872
3,2.5,left-hand,0.9928,0.0072
3,2.5,left-hand,0.9445,0.0555
3,2.5,left-hand,0.997,0.003
3,2.5,right-hand,0.0037,0.9963
3,2.5,right-hand,0.7722,0.2278
3,2.5,left-hand,0.9092,0.0908
3,2.5,left-hand,0.1707,0.8293
3,2.5,right-hand,0.4558,0.5442
3,2.5,left-hand,0.0028,0.9972
3,2.5,right-hand,0.0262,0.9738
3,2.5,right-hand,0.8627,0.1373
3,2.5,right-hand,0.3537,0.6463
3,2.5,right-hand,0.1004,0.8996
3,2.5,left-hand,0.8554,0.1446
3,2.5,left-hand,0.9093,0.0907
3,2.5,right-hand,0.9425,0.0575
3,2.5,left-hand,0.5613,0.4387
3,2.5,right-hand,0.948,0.052
3,2.5,left-hand,0.4403,0.5597
3,2.5,right-hand,0.3218,0.6782
3,2.5,left-hand,0.9854,0.0146
3,2.5,left-hand,0.1577,0.8423
3,2.5,right-hand,0.3572,0.6428
3,2.5,right-hand,0.8106,0.1894
3,2.5,left-hand,0.9944,0.0056
3,2.5,right-hand,0.1883,0.8117
3,2.5,left-hand,0.0156,0.9844
3,2.5,left-hand,0.9791,0.0209
3,2.5,right-hand,0.0044,0.9956
3,2.5,left-hand,0.0059,0.9941
3,2.5,right-hand,0.5136,0.4864
3,2.5,left-hand,0.0654,0.9346
3,2.5,left-hand,0.3043,0.6957
3,2.5,right-hand,0.0867,0.9133
3,2.5,left-hand,0.8271,0.1729
3,2.5,right-hand,0.0052,0.9948
3,2.5,left-hand,0.6204,0.3796
3,2.5,right-hand,0.9005,0.0995
3,2.5,right-hand,0.1958,0.8042
3,2.5,right-hand,0.3239,0.6761
3,2.5,left-hand,0.9651,0.0349
3,2.5,right-hand,0.1842,0.8158
3,2.5,left-hand,0.94,0.06
3,2.5,left-hand,0.8396,0.1604
3,2.5,right-hand,0.0163,0.9837
3,2.5,left-hand,0.634,0.366
3,2.5,right-hand,0.0267,0.9733
3,2.5,left-hand,0.3948,0.6052
3,2.5,left-hand,0.951,0.049
3,2.5,right-hand,0.0026,0.9974
3,2.5,right-hand,0.0678,0.9322
3,2.5,right-hand,0.0943,0.9057
3,2.5,right-hand,0.0793,0.9207
3,2.5,right-hand,0.2948,0.7052
3,2.5,left-hand,0.7312,0.2688
3,2.5,left-hand,0.0028,0.9972
4,2.5,left-hand,0.6691,0.3309
4,2.5,right-hand,0.0216,0.9784
4,2.5,right-hand,0.9965,0.0035
4,2.5,left-hand,0.4724,0.5276
4,2.5,left-hand,0.2632,0.7368
4,2.5,right-hand,0.8936,0.1064
4,2.5,right-hand,0.0052,0.9948
4,2.5,left-hand,0.9609,0.0391
4,2.5,left-hand,0.9987,0.0013
4,2.5,right-hand,0.5755,0.4245
4,2.5,right-hand,0.5586,0.4414
4,2.5,left-hand,0.3718,0.6282
4,2.5,left-hand,0.9738,0.0262
4,2.5,left-hand,0.8041,0.1959
4,2.5,left-hand,0.9251,0.0749
4,2.5,right-hand,0.337,0.663
4,2.5,right-hand,0.0393,0.9607
4,2.5,left-hand,0.0209,0.9791
4,2.5,left-hand,0.9892,0.0108
4,2.5,right-hand,0.0756,0.9244
4,2.5,left-hand,0.8667,0.1333
4,2.5,right-hand,0.6087,0.3913
4,2.5,right-hand,0.8108,0.1892
4,2.5,right-hand,0.4771,0.5229
4,2.5,right-hand,0.0094,0.9906
4,2.5,left-hand,0.4741,0.5259
4,2.5,right-hand,0.6902,0.3098
4,2.5,right-hand,0.162,0.838
4,2.5,left-hand,0.7973,0.2027
4,2.5,left-hand,0.0562,0.9438
4,2.5,left-hand,0.9991,0.0009
4,2.5,right-hand,0.7751,0.2249
4,2.5,right-hand,0.3437,0.6563
4,2.5,right-hand,0.1252,0.8748
4,2.5,left-hand,0.456,0.544
4,2.5,right-hand,0.0023,0.9977
4,2.5,right-hand,0.7558,0.2442
4,2.5,right-hand,0.0724,0.9276
4,2.5,left-hand,0.997,0.003
4,2.5,left-hand,0.4877,0.5123
4,2.5,right-hand,0.1492,0.8508
4,2.5,right-hand,0.0044,0.9956
4,2.5,left-hand,0.5692,0.4308
4,2.5,left-hand,0.5299,0.4701
4,2.5,right-hand,0.0185,0.9815
4,2.5,left-hand,0.2839,0.7161
4,2.5,right-hand,0.9076,0.0924
4,2.5,left-hand,0.9377,0.0623
4,2.5,left-hand,0.8541,0.1459
4,2.5,left-hand,0.1696,0.8304
4,2.5,right-hand,0.0729,0.9271
4,2.5,right-hand,0.4846,0.5154
4,2.5,left-hand,0.4828,0.5172
4,2.5,left-hand,0.527,0.473
4,2.5,right-hand,0.098,0.902
4,2.5,left-hand,0.1052,0.8948
4,2.5,left-hand,0.6187,0.3813
5,2.5,left-hand,0.3656,0.6344
5,2.5,right-hand,0.0388,0.9612
5,2.5,right-hand,0.0056,0.9944
5,2.5,right-hand,0.7396,0.2604
5,2.5,left-hand,0.0824,0.9176
5,2.5,left-hand,0.6064,0.3936
5,2.5,left-hand,0.9518,0.0482
5,2.5,left-hand,0.8096,0.1904
5,2.5,right-hand,0.1326,0.8674
5,2.5,left-hand,0.9944,0.0056
5,2.5,right-hand,0.3249,0.6751
5,2.5,right-hand,0.8229,0.1771
5,2.5,right-hand,0.2452,0.7548
5,2.5,left-hand,0.2378,0.7622
5,2.5,left-hand,0.1548,0.8452
5,2.5,right-hand,0.0887,0.9113
5,2.5,right-hand,0.4446,0.5554
5,2.5,right-hand,0.8438,0.1562
5,2.5,right-hand,0.942,0.058
5,2.5,right-hand,0.005,0.995
5,2.5,left-hand,0.0467,0.9533
5,2.5,left-hand,0.991,0.009
5,2.5,right-hand,0.1117,0.8883
5,2.5,right-hand,0.0548,0.9452
5,2.5,left-hand,0.3931,0.6069
5,2.5,left-hand,0.7871,0.2129
5,2.5,left-hand,0.9384,0.0616
5,2.5,left-hand,0.7489,0.2511
5,2.5,left-hand,0.1979,0.8021
5,2.5,right-hand,0.0073,0.9927
5,2.5,left-hand,0.9965,0.0035
5,2.5,right-hand,0.0305,0.9695
5,2.5,right-hand,0.0462,0.9538
5,2.5,left-hand,0.9637,0.0363
5,2.5,left-hand,0.0136,0.9864
5,2.5,right-hand,0.0234,0.9766
5,2.5,right-hand,0.9172,0.0828
5,2.5,left-hand,0.01,0.99
5,2.5,right-hand,0.1557,0.8443
5,2.5,left-hand,0.9987,0.0013
5,2.5,right-hand,0.0583,0.9417
5,2.5,right-hand,0.5914,0.4086
5,2.5,right-hand,0.0027,0.9973
5,2.5,left-hand,0.0216,0.9784
5,2.5,left-hand,0.9884,0.0116
5,2.5,right-hand,0.1749,0.8251
5,2.5,left-hand,0.0083,0.9917
5,2.5,left-hand,0.9883,0.0117
5,2.5,left-hand,0.0597,0.9403
5,2.5,right-hand,0.2661,0.7339
5,2.5,right-hand,0.2147,0.7853
5,2.5,left-hand,0.9973,0.0027
5,2.5,right-hand,0.3406,0.6594
5,2.5,left-hand,0.0901,0.9099
5,2.5,left-hand,0.8946,0.1054
5,2.5,right-hand,0.0286,0.9714
5,2.5,right-hand,0.7429,0.2571
