fold,tmin,true_label,left-hand,right-hand
1,2.5,left-hand,0.9856,0.0144
1,2.5,right-hand,0.4654,0.5346
1,2.5,left-hand,0.8803,0.1197
1,2.5,right-hand,0.0092,0.9908
1,2.5,left-hand,0.9838,0.0162
1,2.5,right-hand,0.494,0.506
1,2.5,left-hand,0.7816,0.2184
1,2.5,right-hand,0.0191,0.9809
1,2.5,left-hand,0.4018,0.5982
1,2.5,left-hand,0.0822,0.9178
1,2.5,left-hand,0.8129,0.1871
1,2.5,right-hand,0.6165,0.3835
1,2.5,left-hand,0.9777,0.0223
1,2.5,right-hand,0.6831,0.3169
1,2.5,right-hand,0.0037,0.9963
1,2.5,left-hand,0.9809,0.0191
1,2.5,left-hand,0.1783,0.8217
1,2.5,right-hand,0.8801,0.1199
1,2.5,right-hand,0.0249,0.9751
1,2.5,right-hand,0.0118,0.9882
1,2.5,right-hand,0.0857,0.9143
1,2.5,left-hand,0.9823,0.0177
1,2.5,left-hand,0.9628,0.0372
1,2.5,left-hand,0.9776,0.0224
1,2.5,left-hand,0.1217,0.8783
1,2.5,left-hand,0.113,0.887
1,2.5,right-hand,0.0619,0.9381
1,2.5,right-hand,0.6118,0.3882
1,2.5,left-hand,0.9725,0.0275
1,2.5,left-hand,0.9944,0.0056
1,2.5,right-hand,0.5132,0.4868
1,2.5,right-hand,0.4182,0.5818
1,2.5,right-hand,0.0046,0.9954
1,2.5,right-hand,0.1714,0.8286
1,2.5,left-hand,0.8169,0.1831
1,2.5,right-hand,0.0792,0.9208
1,2.5,left-hand,0.2457,0.7543
1,2.5,right-hand,0.0115,0.9885
1,2.5,left-hand,0.9966,0.0034
1,2.5,left-hand,0.8864,0.1136
1,2.5,right-hand,0.0066,0.9934
1,2.5,left-hand,0.9876,0.0124
1,2.5,left-hand,0.9713,0.0287
1,2.5,right-hand,0.0119,0.9881
1,2.5,left-hand,0.5458,0.4542
1,2.5,left-hand,0.4401,0.5599
1,2.5,right-hand,0.4335,0.5665
1,2.5,right-hand,0.0048,0.9952
1,2.5,right-hand,0.0423,0.9577
1,2.5,left-hand,0.9634,0.0366
1,2.5,right-hand,0.0326,0.9674
1,2.5,right-hand,0.0081,0.9919
1,2.5,left-hand,0.9398,0.0602
1,2.5,right-hand,0.2923,0.7077
1,2.5,right-hand,0.0235,0.9765
1,2.5,right-hand,0.031,0.969
1,2.5,left-hand,0.9916,0.0084
1,2.5,left-hand,0.6727,0.3273
2,2.5,right-hand,0.6203,0.3797
2,2.5,left-hand,0.3409,0.6591
2,2.5,right-hand,0.0726,0.9274
2,2.5,left-hand,0.9433,0.0567
2,2.5,right-hand,0.0612,0.9388
2,2.5,right-hand,0.117,0.883
2,2.5,right-hand,0.0023,0.9977
2,2.5,right-hand,0.2877,0.7123
2,2.5,right-hand,0.1609,0.8391
2,2.5,left-hand,0.7427,0.2573
2,2.5,left-hand,0.256,0.744
2,2.5,right-hand,0.6378,0.3622
2,2.5,left-hand,0.9995,0.0005
2,2.5,left-hand,0.8654,0.1346
2,2.5,right-hand,0.0029,0.9971
2,2.5,left-hand,0.0455,0.9545
2,2.5,left-hand,0.9873,0.0127
2,2.5,right-hand,0.0034,0.9966
2,2.5,left-hand,0.9839,0.0161
2,2.5,right-hand,0.0027,0.9973
2,2.5,right-hand,0.6227,0.3773
2,2.5,left-hand,0.9951,0.0049
2,2.5,right-hand,0.1177,0.8823
2,2.5,left-hand,0.2717,0.7283
2,2.5,left-hand,0.9402,0.0598
2,2.5,right-hand,0.0006,0.9994
2,2.5,right-hand,0.0055,0.9945
2,2.5,left-hand,0.8656,0.1344
2,2.5,left-hand,0.996,0.004
2,2.5,right-hand,0.0011,0.9989
2,2.5,right-hand,0.0345,0.9655
2,2.5,left-hand,0.9925,0.0075
2,2.5,left-hand,0.9906,0.0094
2,2.5,left-hand,0.7869,0.2131
2,2.5,left-hand,0.7539,0.2461
2,2.5,right-hand,0.0979,0.9021
2,2.5,right-hand,0.0148,0.9852
2,2.5,right-hand,0.0053,0.9947
2,2.5,right-hand,0.0143,0.9857
2,2.5,left-hand,0.9921,0.0079
2,2.5,left-hand,0.9803,0.0197
2,2.5,left-hand,0.9011,0.0989
2,2.5,left-hand,0.8867,0.1133
2,2.5,left-hand,0.755,0.245
2,2.5,right-hand,0.8159,0.1841
2,2.5,right-hand,0.0586,0.9414
2,2.5,left-hand,0.9724,0.0276
2,2.5,right-hand,0.0541,0.9459
2,2.5,left-hand,0.9765,0.0235
2,2.5,right-hand,0.0111,0.9889
2,2.5,left-hand,0.9953,0.0047
2,2.5,left-hand,0.9978,0.0022
2,2.5,left-hand,0.9977,0.0023
2,2.5,right-hand,0.023,0.977
2,2.5,left-hand,0.9474,0.0526
2,2.5,right-hand,0.9315,0.0685
2,2.5,right-hand,0.0023,0.9977
2,2.5,right-hand,0.0021,0.9979
3,2.5,right-hand,0.0021,0.9979
3,2.5,left-hand,0.999,0.001
3,2.5,left-hand,0.9706,0.0294
3,2.5,left-hand,0.982,0.018
3,2.5,left-hand,0.5914,0.4086
3,2.5,right-hand,0.0573,0.9427
3,2.5,right-hand,0.0095,0.9905
3,2.5,left-hand,0.9607,0.0393
3,2.5,right-hand,0.4944,0.5056
3,2.5,left-hand,0.9957,0.0043
3,2.5,left-hand,0.9572,0.0428
3,2.5,right-hand,0.1213,0.8787
3,2.5,right-hand,0.0014,0.9986
3,2.5,right-hand,0.0036,0.9964
3,2.5,right-hand,0.2256,0.7744
3,2.5,left-hand,0.9097,0.0903
3,2.5,left-hand,0.9704,0.0296
3,2.5,right-hand,0.0069,0.9931
3,2.5,left-hand,0.9638,0.0362
3,2.5,right-hand,0.3191,0.6809
3,2.5,left-hand,0.9759,0.0241
3,2.5,right-hand,0.2257,0.7743
3,2.5,right-hand,0.1676,0.8324
3,2.5,left-hand,0.9931,0.0069
3,2.5,left-hand,0.9067,0.0933
3,2.5,right-hand,0.0752,0.9248
3,2.5,left-hand,0.7727,0.2273
3,2.5,right-hand,0.0072,0.9928
3,2.5,right-hand,0.0399,0.9601
3,2.5,left-hand,0.8892,0.1108
3,2.5,left-hand,0.7435,0.2565
3,2.5,left-hand,0.9785,0.0215
3,2.5,right-hand,0.0059,0.9941
3,2.5,left-hand,0.0951,0.9049
3,2.5,left-hand,0.987,0.013
3,2.5,right-hand,0.9052,0.0948
3,2.5,left-hand,0.9966,0.0034
3,2.5,right-hand,0.405,0.595
3,2.5,left-hand,0.995,0.005
3,2.5,right-hand,0.0009,0.9991
3,2.5,right-hand,0.0705,0.9295
3,2.5,right-hand,0.0168,0.9832
3,2.5,left-hand,0.9802,0.0198
3,2.5,right-hand,0.2616,0.7384
3,2.5,left-hand,0.9908,0.0092
3,2.5,right-hand,0.0019,0.9981
3,2.5,left-hand,0.997,0.003
3,2.5,right-hand,0.9807,0.0193
3,2.5,left-hand,0.7875,0.2125
3,2.5,left-hand,0.1916,0.8084
3,2.5,right-hand,0.0113,0.9887
3,2.5,left-hand,0.7677,0.2323
3,2.5,right-hand,0.0161,0.9839
3,2.5,right-hand,0.0326,0.9674
3,2.5,right-hand,0.1518,0.8482
3,2.5,right-hand,0.1333,0.8667
3,2.5,left-hand,0.9835,0.0165
3,2.5,left-hand,0.9857,0.0143
4,2.5,left-hand,0.9755,0.0245
4,2.5,right-hand,0.0004,0.9996
4,2.5,right-hand,0.5987,0.4013
4,2.5,left-hand,0.9754,0.0246
4,2.5,left-hand,0.0425,0.9575
4,2.5,right-hand,0.4698,0.5302
4,2.5,left-hand,0.9904,0.0096
4,2.5,right-hand,0.0013,0.9987
4,2.5,left-hand,0.5664,0.4336
4,2.5,right-hand,0.0381,0.9619
4,2.5,left-hand,0.7685,0.2315
4,2.5,right-hand,0.0063,0.9937
4,2.5,left-hand,0.9352,0.0648
4,2.5,left-hand,0.5462,0.4538
4,2.5,left-hand,0.9118,0.0882
4,2.5,right-hand,0.0029,0.9971
4,2.5,right-hand,0.0078,0.9922
4,2.5,left-hand,0.0574,0.9426
4,2.5,left-hand,0.2242,0.7758
4,2.5,right-hand,0.0111,0.9889
4,2.5,left-hand,0.1494,0.8506
4,2.5,right-hand,0.9159,0.0841
4,2.5,right-hand,0.2123,0.7877
4,2.5,right-hand,0.0109,0.9891
4,2.5,right-hand,0.0062,0.9938
4,2.5,left-hand,0.9501,0.0499
4,2.5,right-hand,0.9951,0.0049
4,2.5,left-hand,0.9919,0.0081
4,2.5,right-hand,0.003,0.997
4,2.5,left-hand,0.9986,0.0014
4,2.5,left-hand,0.9969,0.0031
4,2.5,right-hand,0.0109,0.9891
4,2.5,right-hand,0.0087,0.9913
4,2.5,right-hand,0.0012,0.9988
4,2.5,left-hand,0.9566,0.0434
4,2.5,left-hand,0.687,0.313
4,2.5,right-hand,0.0087,0.9913
4,2.5,left-hand,0.998,0.002
4,2.5,right-hand,0.041,0.959
4,2.5,right-hand,0.6088,0.3912
4,2.5,right-hand,0.0003,0.9997
4,2.5,right-hand,0.0015,0.9985
4,2.5,left-hand,0.9968,0.0032
4,2.5,left-hand,0.9947,0.0053
4,2.5,right-hand,0.2559,0.7441
4,2.5,left-hand,0.9586,0.0414
4,2.5,right-hand,0.0017,0.9983
4,2.5,left-hand,0.7678,0.2322
4,2.5,left-hand,0.9685,0.0315
4,2.5,left-hand,0.6902,0.3098
4,2.5,left-hand,0.9921,0.0079
4,2.5,right-hand,0.0012,0.9988
4,2.5,right-hand,0.0026,0.9974
4,2.5,right-hand,0.0397,0.9603
4,2.5,left-hand,0.8605,0.1395
4,2.5,left-hand,0.994,0.006
4,2.5,left-hand,0.1715,0.8285
5,2.5,left-hand,0.8817,0.1183
5,2.5,right-hand,0.019,0.981
5,2.5,right-hand,0.0163,0.9837
5,2.5,right-hand,0.0664,0.9336
5,2.5,left-hand,0.4466,0.5534
5,2.5,left-hand,0.987,0.013
5,2.5,left-hand,0.9802,0.0198
5,2.5,left-hand,0.9963,0.0037
5,2.5,left-hand,0.9748,0.0252
5,2.5,right-hand,0.4369,0.5631
5,2.5,right-hand,0.0177,0.9823
5,2.5,right-hand,0.0819,0.9181
5,2.5,left-hand,0.6799,0.3201
5,2.5,right-hand,0.4215,0.5785
5,2.5,left-hand,0.7575,0.2425
5,2.5,right-hand,0.6124,0.3876
5,2.5,right-hand,0.0057,0.9943
5,2.5,right-hand,0.133,0.867
5,2.5,right-hand,0.0252,0.9748
5,2.5,right-hand,0.5772,0.4228
5,2.5,left-hand,0.6979,0.3021
5,2.5,right-hand,0.2393,0.7607
5,2.5,right-hand,0.9537,0.0463
5,2.5,left-hand,0.4106,0.5894
5,2.5,left-hand,0.9003,0.0997
5,2.5,left-hand,0.9479,0.0521
5,2.5,left-hand,0.0775,0.9225
5,2.5,left-hand,0.991,0.009
5,2.5,right-hand,0.0091,0.9909
5,2.5,left-hand,0.9966,0.0034
5,2.5,right-hand,0.0097,0.9903
5,2.5,right-hand,0.0299,0.9701
5,2.5,left-hand,0.8917,0.1083
5,2.5,left-hand,0.9973,0.0027
5,2.5,left-hand,0.221,0.779
5,2.5,right-hand,0.1431,0.8569
5,2.5,left-hand,0.8594,0.1406
5,2.5,right-hand,0.0311,0.9689
5,2.5,right-hand,0.0559,0.9441
5,2.5,left-hand,0.8162,0.1838
5,2.5,right-hand,0.0019,0.9981
5,2.5,right-hand,0.0054,0.9946
5,2.5,left-hand,0.9542,0.0458
5,2.5,right-hand,0.0112,0.9888
5,2.5,right-hand,0.0025,0.9975
5,2.5,left-hand,0.7958,0.2042
5,2.5,left-hand,0.9695,0.0305
5,2.5,left-hand,0.9863,0.0137
5,2.5,left-hand,0.8937,0.1063
5,2.5,right-hand,0.0064,0.9936
5,2.5,right-hand,0.7943,0.2057
5,2.5,left-hand,0.0305,0.9695
5,2.5,right-hand,0.2382,0.7618
5,2.5,right-hand,0.0051,0.9949
5,2.5,left-hand,0.9975,0.0025
5,2.5,left-hand,0.9506,0.0494
5,2.5,right-hand,0.6257,0.3743
