fold,tmin,true_label,left-hand,right-hand
1,3.5,left-hand,0.823,0.177
1,3.5,right-hand,0.1981,0.8019
1,3.5,left-hand,0.9605,0.0395
1,3.5,left-hand,0.4081,0.5919
1,3.5,left-hand,0.4843,0.5157
1,3.5,right-hand,0.2481,0.7519
1,3.5,right-hand,0.0371,0.9629
1,3.5,right-hand,0.1561,0.8439
1,3.5,right-hand,0.693,0.307
1,3.5,left-hand,0.7334,0.2666
1,3.5,left-hand,0.6927,0.3073
1,3.5,right-hand,0.0527,0.9473
1,3.5,right-hand,0.8022,0.1978
1,3.5,left-hand,0.269,0.731
1,3.5,right-hand,0.6262,0.3738
1,3.5,right-hand,0.3728,0.6272
1,3.5,left-hand,0.603,0.397
1,3.5,left-hand,0.4292,0.5708
1,3.5,left-hand,0.8979,0.1021
1,3.5,left-hand,0.4638,0.5362
1,3.5,left-hand,0.7385,0.2615
1,3.5,right-hand,0.2296,0.7704
1,3.5,left-hand,0.5763,0.4237
1,3.5,right-hand,0.2666,0.7334
1,3.5,right-hand,0.5052,0.4948
1,3.5,left-hand,0.9357,0.0643
1,3.5,right-hand,0.6705,0.3295
1,3.5,left-hand,0.2496,0.7504
1,3.5,left-hand,0.5202,0.4798
1,3.5,right-hand,0.238,0.762
1,3.5,right-hand,0.8725,0.1275
1,3.5,right-hand,0.7561,0.2439
1,3.5,right-hand,0.8428,0.1572
1,3.5,right-hand,0.3829,0.6171
1,3.5,left-hand,1.0,0.0
1,3.5,left-hand,0.9403,0.0597
1,3.5,left-hand,0.9135,0.0865
1,3.5,left-hand,0.8161,0.1839
1,3.5,right-hand,0.4143,0.5857
1,3.5,right-hand,0.1796,0.8204
1,3.5,right-hand,0.4852,0.5148
1,3.5,right-hand,0.6435,0.3565
1,3.5,left-hand,0.2938,0.7062
1,3.5,left-hand,0.5938,0.4062
1,3.5,right-hand,0.8049,0.1951
1,3.5,right-hand,0.5111,0.4889
1,3.5,left-hand,0.6521,0.3479
1,3.5,left-hand,0.8447,0.1553
1,3.5,left-hand,0.9877,0.0123
1,3.5,left-hand,0.9976,0.0024
1,3.5,right-hand,0.8091,0.1909
1,3.5,right-hand,0.1488,0.8512
1,3.5,right-hand,0.6407,0.3593
1,3.5,left-hand,0.9481,0.0519
1,3.5,right-hand,0.9182,0.0818
1,3.5,right-hand,0.2331,0.7669
1,3.5,left-hand,1.0,0.0
1,3.5,left-hand,0.5268,0.4732
1,3.5,right-hand,0.9579,0.0421
1,3.5,right-hand,0.0756,0.9244
1,3.5,left-hand,0.992,0.008
1,3.5,left-hand,0.9751,0.0249
1,3.5,left-hand,0.9282,0.0718
1,3.5,left-hand,0.9881,0.0119
1,3.5,right-hand,0.1963,0.8037
1,3.5,right-hand,0.1763,0.8237
1,3.5,left-hand,0.9947,0.0053
1,3.5,right-hand,0.437,0.563
1,3.5,right-hand,0.9355,0.0645
1,3.5,left-hand,0.2643,0.7357
1,3.5,right-hand,0.1963,0.8037
1,3.5,right-hand,0.904,0.096
1,3.5,left-hand,0.9576,0.0424
1,3.5,right-hand,0.1172,0.8828
1,3.5,right-hand,0.9346,0.0654
1,3.5,right-hand,0.9008,0.0992
1,3.5,right-hand,0.4152,0.5848
1,3.5,right-hand,0.9534,0.0466
1,3.5,right-hand,0.6445,0.3555
1,3.5,left-hand,0.8802,0.1198
1,3.5,left-hand,0.9482,0.0518
1,3.5,right-hand,0.0897,0.9103
1,3.5,left-hand,0.9991,0.0009
1,3.5,left-hand,0.3784,0.6216
1,3.5,left-hand,0.7875,0.2125
1,3.5,right-hand,0.7421,0.2579
1,3.5,left-hand,0.2863,0.7137
1,3.5,left-hand,0.9413,0.0587
1,3.5,left-hand,0.9669,0.0331
1,3.5,right-hand,0.0759,0.9241
1,3.5,right-hand,0.2646,0.7354
1,3.5,left-hand,0.9513,0.0487
1,3.5,right-hand,0.2978,0.7022
1,3.5,right-hand,0.3276,0.6724
1,3.5,right-hand,0.1651,0.8349
1,3.5,left-hand,0.871,0.129
1,3.5,right-hand,0.8392,0.1608
1,3.5,right-hand,0.1375,0.8625
1,3.5,right-hand,0.4571,0.5429
1,3.5,left-hand,0.8129,0.1871
1,3.5,left-hand,0.9773,0.0227
1,3.5,left-hand,0.4732,0.5268
1,3.5,right-hand,0.0772,0.9228
1,3.5,right-hand,0.4214,0.5786
1,3.5,right-hand,0.4317,0.5683
1,3.5,left-hand,0.9955,0.0045
1,3.5,left-hand,0.9454,0.0546
1,3.5,right-hand,0.7507,0.2493
1,3.5,left-hand,0.9771,0.0229
1,3.5,right-hand,0.3359,0.6641
1,3.5,left-hand,0.9576,0.0424
1,3.5,right-hand,0.7714,0.2286
1,3.5,left-hand,0.6417,0.3583
1,3.5,left-hand,0.9545,0.0455
1,3.5,left-hand,0.856,0.144
1,3.5,left-hand,0.8652,0.1348
1,3.5,left-hand,0.8372,0.1628
1,3.5,right-hand,0.3337,0.6663
1,3.5,right-hand,0.13,0.87
1,3.5,left-hand,0.9464,0.0536
1,3.5,right-hand,0.6627,0.3373
1,3.5,left-hand,0.8738,0.1262
1,3.5,left-hand,0.89,0.11
1,3.5,left-hand,0.9573,0.0427
1,3.5,left-hand,0.858,0.142
1,3.5,left-hand,0.9087,0.0913
1,3.5,left-hand,0.8046,0.1954
1,3.5,left-hand,0.9826,0.0174
1,3.5,left-hand,0.9739,0.0261
1,3.5,right-hand,0.4871,0.5129
1,3.5,right-hand,0.3233,0.6767
1,3.5,right-hand,0.4997,0.5003
1,3.5,right-hand,0.8836,0.1164
1,3.5,left-hand,0.742,0.258
1,3.5,right-hand,0.0536,0.9464
1,3.5,left-hand,0.9692,0.0308
1,3.5,left-hand,0.8579,0.1421
1,3.5,right-hand,0.6302,0.3698
1,3.5,right-hand,0.4602,0.5398
1,3.5,right-hand,0.1005,0.8995
1,3.5,left-hand,0.9383,0.0617
1,3.5,right-hand,0.192,0.808
1,3.5,left-hand,0.9469,0.0531
1,3.5,right-hand,0.2826,0.7174
2,3.5,right-hand,0.6084,0.3916
2,3.5,right-hand,0.3121,0.6879
2,3.5,left-hand,0.0909,0.9091
2,3.5,left-hand,0.4138,0.5862
2,3.5,right-hand,0.4173,0.5827
2,3.5,left-hand,0.633,0.367
2,3.5,left-hand,0.4369,0.5631
2,3.5,right-hand,0.9159,0.0841
2,3.5,left-hand,0.216,0.784
2,3.5,left-hand,0.9264,0.0736
2,3.5,right-hand,0.132,0.868
2,3.5,right-hand,0.5573,0.4427
2,3.5,right-hand,0.3415,0.6585
2,3.5,left-hand,0.444,0.556
2,3.5,right-hand,0.765,0.235
2,3.5,right-hand,0.9755,0.0245
2,3.5,left-hand,0.9645,0.0355
2,3.5,right-hand,0.5559,0.4441
2,3.5,left-hand,0.9335,0.0665
2,3.5,left-hand,0.9055,0.0945
2,3.5,left-hand,0.045,0.955
2,3.5,right-hand,0.073,0.927
2,3.5,left-hand,0.8597,0.1403
2,3.5,right-hand,0.0535,0.9465
2,3.5,left-hand,0.7265,0.2735
2,3.5,left-hand,0.5628,0.4372
2,3.5,right-hand,0.135,0.865
2,3.5,left-hand,0.8461,0.1539
2,3.5,left-hand,0.8273,0.1727
2,3.5,left-hand,0.9786,0.0214
2,3.5,left-hand,0.4482,0.5518
2,3.5,right-hand,0.3357,0.6643
2,3.5,right-hand,0.7603,0.2397
2,3.5,right-hand,0.7866,0.2134
2,3.5,left-hand,0.3173,0.6827
2,3.5,left-hand,0.9579,0.0421
2,3.5,right-hand,0.4354,0.5646
2,3.5,right-hand,0.9994,0.0006
2,3.5,left-hand,0.9825,0.0175
2,3.5,right-hand,0.1124,0.8876
2,3.5,left-hand,0.8793,0.1207
2,3.5,left-hand,0.7666,0.2334
2,3.5,left-hand,0.839,0.161
2,3.5,right-hand,0.5108,0.4892
2,3.5,right-hand,1.0,0.0
2,3.5,left-hand,0.8511,0.1489
2,3.5,left-hand,0.5069,0.4931
2,3.5,right-hand,0.7151,0.2849
2,3.5,left-hand,0.4566,0.5434
2,3.5,right-hand,0.3543,0.6457
2,3.5,left-hand,0.8126,0.1874
2,3.5,left-hand,0.3532,0.6468
2,3.5,right-hand,0.9354,0.0646
2,3.5,left-hand,0.8272,0.1728
2,3.5,left-hand,0.9588,0.0412
2,3.5,right-hand,0.8285,0.1715
2,3.5,left-hand,0.8011,0.1989
2,3.5,left-hand,0.9826,0.0174
2,3.5,left-hand,0.9371,0.0629
2,3.5,right-hand,0.5618,0.4382
2,3.5,left-hand,0.8998,0.1002
2,3.5,left-hand,0.8804,0.1196
2,3.5,right-hand,0.2713,0.7287
2,3.5,left-hand,0.8815,0.1185
2,3.5,right-hand,0.3192,0.6808
2,3.5,left-hand,0.9082,0.0918
2,3.5,right-hand,0.0883,0.9117
2,3.5,right-hand,0.5658,0.4342
2,3.5,right-hand,0.8681,0.1319
2,3.5,left-hand,0.9905,0.0095
2,3.5,right-hand,0.0324,0.9676
2,3.5,left-hand,0.6123,0.3877
2,3.5,left-hand,0.8518,0.1482
2,3.5,right-hand,0.7441,0.2559
2,3.5,left-hand,0.9229,0.0771
2,3.5,right-hand,0.137,0.863
2,3.5,left-hand,0.8355,0.1645
2,3.5,left-hand,0.6951,0.3049
2,3.5,left-hand,0.6918,0.3082
2,3.5,right-hand,0.0256,0.9744
2,3.5,left-hand,0.7146,0.2854
2,3.5,left-hand,0.9689,0.0311
2,3.5,left-hand,0.6252,0.3748
2,3.5,right-hand,0.4321,0.5679
2,3.5,right-hand,0.8851,0.1149
2,3.5,right-hand,0.1928,0.8072
2,3.5,right-hand,0.1359,0.8641
2,3.5,right-hand,0.3834,0.6166
2,3.5,left-hand,0.3487,0.6513
2,3.5,right-hand,0.1445,0.8555
2,3.5,right-hand,0.2296,0.7704
2,3.5,right-hand,0.3861,0.6139
2,3.5,right-hand,0.4684,0.5316
2,3.5,left-hand,0.9612,0.0388
2,3.5,left-hand,0.7823,0.2177
2,3.5,right-hand,0.1385,0.8615
2,3.5,right-hand,0.0565,0.9435
2,3.5,left-hand,0.9497,0.0503
2,3.5,right-hand,0.1253,0.8747
2,3.5,left-hand,0.9108,0.0892
2,3.5,left-hand,0.8259,0.1741
2,3.5,left-hand,0.3557,0.6443
2,3.5,left-hand,0.9577,0.0423
2,3.5,right-hand,0.7973,0.2027
2,3.5,left-hand,0.5728,0.4272
2,3.5,right-hand,0.5574,0.4426
2,3.5,left-hand,0.8972,0.1028
2,3.5,right-hand,0.1839,0.8161
2,3.5,left-hand,0.9924,0.0076
2,3.5,left-hand,0.8237,0.1763
2,3.5,left-hand,0.8431,0.1569
2,3.5,right-hand,0.8898,0.1102
2,3.5,right-hand,0.5506,0.4494
2,3.5,right-hand,0.1281,0.8719
2,3.5,right-hand,0.4829,0.5171
2,3.5,right-hand,0.1798,0.8202
2,3.5,right-hand,0.3569,0.6431
2,3.5,right-hand,0.7203,0.2797
2,3.5,left-hand,0.4242,0.5758
2,3.5,right-hand,0.3006,0.6994
2,3.5,left-hand,0.6703,0.3297
2,3.5,right-hand,0.9188,0.0812
2,3.5,left-hand,0.6741,0.3259
2,3.5,right-hand,0.5946,0.4054
2,3.5,right-hand,0.6268,0.3732
2,3.5,right-hand,0.9092,0.0908
2,3.5,left-hand,0.8926,0.1074
2,3.5,right-hand,0.7878,0.2122
2,3.5,right-hand,0.0513,0.9487
2,3.5,left-hand,0.997,0.003
2,3.5,right-hand,0.5581,0.4419
2,3.5,right-hand,0.8632,0.1368
2,3.5,right-hand,0.6851,0.3149
2,3.5,right-hand,0.9029,0.0971
2,3.5,right-hand,0.9605,0.0395
2,3.5,left-hand,0.9303,0.0697
2,3.5,left-hand,0.9667,0.0333
2,3.5,left-hand,0.9953,0.0047
2,3.5,left-hand,0.9696,0.0304
2,3.5,right-hand,0.7644,0.2356
2,3.5,right-hand,0.2515,0.7485
2,3.5,right-hand,0.504,0.496
2,3.5,left-hand,0.8758,0.1242
2,3.5,left-hand,0.884,0.116
3,3.5,right-hand,0.8693,0.1307
3,3.5,right-hand,0.6308,0.3692
3,3.5,right-hand,0.0405,0.9595
3,3.5,left-hand,0.054,0.946
3,3.5,left-hand,0.8522,0.1478
3,3.5,right-hand,0.0688,0.9312
3,3.5,left-hand,0.1397,0.8603
3,3.5,right-hand,0.1687,0.8313
3,3.5,right-hand,0.8551,0.1449
3,3.5,right-hand,0.7456,0.2544
3,3.5,right-hand,0.6448,0.3552
3,3.5,right-hand,0.7456,0.2544
3,3.5,left-hand,0.8863,0.1137
3,3.5,left-hand,0.8719,0.1281
3,3.5,left-hand,0.4555,0.5445
3,3.5,right-hand,0.5465,0.4535
3,3.5,right-hand,0.0482,0.9518
3,3.5,right-hand,0.3381,0.6619
3,3.5,left-hand,0.8771,0.1229
3,3.5,right-hand,0.3989,0.6011
3,3.5,left-hand,0.2548,0.7452
3,3.5,right-hand,0.1615,0.8385
3,3.5,left-hand,0.336,0.664
3,3.5,right-hand,0.3499,0.6501
3,3.5,right-hand,0.122,0.878
3,3.5,left-hand,0.418,0.582
3,3.5,left-hand,0.9802,0.0198
3,3.5,left-hand,0.957,0.043
3,3.5,right-hand,0.9115,0.0885
3,3.5,left-hand,0.4159,0.5841
3,3.5,left-hand,0.5265,0.4735
3,3.5,right-hand,0.6306,0.3694
3,3.5,left-hand,0.835,0.165
3,3.5,left-hand,0.9849,0.0151
3,3.5,right-hand,0.5082,0.4918
3,3.5,left-hand,0.8183,0.1817
3,3.5,right-hand,0.5719,0.4281
3,3.5,right-hand,0.8109,0.1891
3,3.5,left-hand,0.8799,0.1201
3,3.5,left-hand,0.9829,0.0171
3,3.5,right-hand,0.3904,0.6096
3,3.5,left-hand,0.8749,0.1251
3,3.5,left-hand,0.9904,0.0096
3,3.5,left-hand,0.8907,0.1093
3,3.5,left-hand,0.7812,0.2188
3,3.5,right-hand,0.5513,0.4487
3,3.5,left-hand,0.2667,0.7333
3,3.5,right-hand,0.6553,0.3447
3,3.5,right-hand,0.2232,0.7768
3,3.5,left-hand,0.7882,0.2118
3,3.5,right-hand,0.859,0.141
3,3.5,right-hand,0.2907,0.7093
3,3.5,right-hand,0.8436,0.1564
3,3.5,right-hand,0.7409,0.2591
3,3.5,left-hand,0.8462,0.1538
3,3.5,left-hand,0.9885,0.0115
3,3.5,right-hand,0.1855,0.8145
3,3.5,left-hand,0.836,0.164
3,3.5,left-hand,0.6575,0.3425
3,3.5,left-hand,0.6314,0.3686
3,3.5,right-hand,0.3381,0.6619
3,3.5,right-hand,0.6754,0.3246
3,3.5,right-hand,0.2516,0.7484
3,3.5,left-hand,0.9609,0.0391
3,3.5,left-hand,0.5414,0.4586
3,3.5,right-hand,0.3262,0.6738
3,3.5,right-hand,0.33,0.67
3,3.5,left-hand,0.9951,0.0049
3,3.5,left-hand,0.9787,0.0213
3,3.5,right-hand,0.0844,0.9156
3,3.5,left-hand,0.3028,0.6972
3,3.5,left-hand,0.7534,0.2466
3,3.5,left-hand,0.6598,0.3402
3,3.5,left-hand,0.9891,0.0109
3,3.5,right-hand,0.0792,0.9208
3,3.5,right-hand,0.0654,0.9346
3,3.5,left-hand,0.7261,0.2739
3,3.5,right-hand,0.6842,0.3158
3,3.5,left-hand,0.8896,0.1104
3,3.5,right-hand,0.743,0.257
3,3.5,left-hand,0.8581,0.1419
3,3.5,right-hand,0.2713,0.7287
3,3.5,right-hand,0.3591,0.6409
3,3.5,right-hand,0.0292,0.9708
3,3.5,right-hand,0.5415,0.4585
3,3.5,left-hand,0.973,0.027
3,3.5,right-hand,0.3719,0.6281
3,3.5,right-hand,0.6635,0.3365
3,3.5,right-hand,0.2165,0.7835
3,3.5,left-hand,0.9135,0.0865
3,3.5,left-hand,0.1846,0.8154
3,3.5,left-hand,0.852,0.148
3,3.5,left-hand,0.2439,0.7561
3,3.5,left-hand,0.7529,0.2471
3,3.5,left-hand,0.8349,0.1651
3,3.5,right-hand,0.397,0.603
3,3.5,left-hand,0.9882,0.0118
3,3.5,right-hand,0.9079,0.0921
3,3.5,right-hand,0.0128,0.9872
3,3.5,right-hand,0.7372,0.2628
3,3.5,right-hand,0.7039,0.2961
3,3.5,right-hand,0.9693,0.0307
3,3.5,right-hand,0.1365,0.8635
3,3.5,right-hand,0.1387,0.8613
3,3.5,left-hand,0.4031,0.5969
3,3.5,left-hand,0.8073,0.1927
3,3.5,left-hand,0.3086,0.6914
3,3.5,left-hand,0.969,0.031
3,3.5,left-hand,0.6341,0.3659
3,3.5,right-hand,0.1037,0.8963
3,3.5,left-hand,0.9413,0.0587
3,3.5,right-hand,0.8967,0.1033
3,3.5,right-hand,0.3529,0.6471
3,3.5,right-hand,0.9271,0.0729
3,3.5,left-hand,0.8938,0.1062
3,3.5,left-hand,0.832,0.168
3,3.5,right-hand,0.5423,0.4577
3,3.5,left-hand,0.846,0.154
3,3.5,left-hand,0.608,0.392
3,3.5,left-hand,0.9648,0.0352
3,3.5,left-hand,0.9562,0.0438
3,3.5,right-hand,0.5395,0.4605
3,3.5,right-hand,0.0365,0.9635
3,3.5,right-hand,0.5239,0.4761
3,3.5,left-hand,0.957,0.043
3,3.5,left-hand,0.9634,0.0366
3,3.5,left-hand,0.3502,0.6498
3,3.5,right-hand,0.6995,0.3005
3,3.5,left-hand,0.9334,0.0666
3,3.5,left-hand,0.9907,0.0093
3,3.5,right-hand,0.5646,0.4354
3,3.5,right-hand,0.1314,0.8686
3,3.5,left-hand,0.5169,0.4831
3,3.5,right-hand,0.8787,0.1213
3,3.5,left-hand,0.9854,0.0146
3,3.5,right-hand,0.2557,0.7443
3,3.5,left-hand,0.9565,0.0435
3,3.5,right-hand,0.6334,0.3666
3,3.5,left-hand,0.8011,0.1989
3,3.5,right-hand,0.9887,0.0113
3,3.5,right-hand,0.8498,0.1502
3,3.5,left-hand,0.7548,0.2452
3,3.5,right-hand,0.5216,0.4784
3,3.5,left-hand,0.6506,0.3494
4,3.5,left-hand,0.8902,0.1098
4,3.5,right-hand,0.6518,0.3482
4,3.5,left-hand,0.3969,0.6031
4,3.5,right-hand,0.2212,0.7788
4,3.5,left-hand,0.8704,0.1296
4,3.5,right-hand,0.1648,0.8352
4,3.5,left-hand,0.8659,0.1341
4,3.5,right-hand,0.1375,0.8625
4,3.5,left-hand,0.3082,0.6918
4,3.5,left-hand,0.4158,0.5842
4,3.5,left-hand,0.3809,0.6191
4,3.5,right-hand,0.463,0.537
4,3.5,right-hand,0.4391,0.5609
4,3.5,right-hand,0.3498,0.6502
4,3.5,left-hand,0.8177,0.1823
4,3.5,right-hand,0.0325,0.9675
4,3.5,left-hand,0.9915,0.0085
4,3.5,left-hand,0.9197,0.0803
4,3.5,left-hand,0.648,0.352
4,3.5,right-hand,0.052,0.948
4,3.5,left-hand,0.9542,0.0458
4,3.5,right-hand,0.366,0.634
4,3.5,right-hand,0.5576,0.4424
4,3.5,right-hand,0.2149,0.7851
4,3.5,right-hand,0.4189,0.5811
4,3.5,left-hand,0.4122,0.5878
4,3.5,right-hand,0.9281,0.0719
4,3.5,right-hand,0.3735,0.6265
4,3.5,right-hand,0.2529,0.7471
4,3.5,left-hand,0.7691,0.2309
4,3.5,right-hand,0.0339,0.9661
4,3.5,right-hand,0.3336,0.6664
4,3.5,left-hand,0.9659,0.0341
4,3.5,right-hand,0.4846,0.5154
4,3.5,left-hand,0.7545,0.2455
4,3.5,right-hand,0.3657,0.6343
4,3.5,left-hand,0.4383,0.5617
4,3.5,left-hand,0.9319,0.0681
4,3.5,left-hand,0.5871,0.4129
4,3.5,right-hand,0.7885,0.2115
4,3.5,right-hand,0.3012,0.6988
4,3.5,left-hand,0.8338,0.1662
4,3.5,right-hand,0.4257,0.5743
4,3.5,left-hand,0.6399,0.3601
4,3.5,right-hand,0.2791,0.7209
4,3.5,right-hand,0.5832,0.4168
4,3.5,left-hand,0.9784,0.0216
4,3.5,left-hand,0.7922,0.2078
4,3.5,right-hand,0.3862,0.6138
4,3.5,left-hand,0.8898,0.1102
4,3.5,right-hand,0.9354,0.0646
4,3.5,left-hand,0.8233,0.1767
4,3.5,right-hand,0.6327,0.3673
4,3.5,right-hand,0.7005,0.2995
4,3.5,left-hand,0.8204,0.1796
4,3.5,left-hand,0.6642,0.3358
4,3.5,left-hand,0.9656,0.0344
4,3.5,left-hand,0.8383,0.1617
4,3.5,right-hand,0.6149,0.3851
4,3.5,left-hand,0.6479,0.3521
4,3.5,right-hand,0.866,0.134
4,3.5,right-hand,0.3429,0.6571
4,3.5,right-hand,0.2688,0.7312
4,3.5,left-hand,0.5602,0.4398
4,3.5,left-hand,0.974,0.026
4,3.5,left-hand,0.9197,0.0803
4,3.5,right-hand,0.7694,0.2306
4,3.5,right-hand,0.5214,0.4786
4,3.5,right-hand,0.221,0.779
4,3.5,right-hand,0.6584,0.3416
4,3.5,left-hand,0.9621,0.0379
4,3.5,right-hand,0.35,0.65
4,3.5,right-hand,0.5725,0.4275
4,3.5,left-hand,0.908,0.092
4,3.5,right-hand,0.3598,0.6402
4,3.5,left-hand,0.8601,0.1399
4,3.5,left-hand,0.852,0.148
4,3.5,left-hand,0.4882,0.5118
4,3.5,left-hand,0.8106,0.1894
4,3.5,left-hand,0.5443,0.4557
4,3.5,right-hand,0.6274,0.3726
4,3.5,left-hand,0.8709,0.1291
4,3.5,right-hand,0.3678,0.6322
4,3.5,left-hand,0.9091,0.0909
4,3.5,left-hand,0.8067,0.1933
4,3.5,left-hand,0.7319,0.2681
4,3.5,right-hand,0.3396,0.6604
4,3.5,right-hand,0.5893,0.4107
4,3.5,left-hand,0.7977,0.2023
4,3.5,left-hand,0.8408,0.1592
4,3.5,right-hand,0.081,0.919
4,3.5,right-hand,0.8107,0.1893
4,3.5,left-hand,0.8754,0.1246
4,3.5,left-hand,0.839,0.161
4,3.5,right-hand,0.1098,0.8902
4,3.5,left-hand,0.4688,0.5312
4,3.5,right-hand,0.3158,0.6842
4,3.5,left-hand,0.8493,0.1507
4,3.5,left-hand,0.8933,0.1067
4,3.5,left-hand,0.9415,0.0585
4,3.5,right-hand,0.1127,0.8873
4,3.5,right-hand,0.3959,0.6041
4,3.5,right-hand,0.0904,0.9096
4,3.5,right-hand,0.1421,0.8579
4,3.5,right-hand,0.0929,0.9071
4,3.5,right-hand,0.9007,0.0993
4,3.5,right-hand,0.1466,0.8534
4,3.5,left-hand,0.9667,0.0333
4,3.5,right-hand,0.0927,0.9073
4,3.5,left-hand,0.7362,0.2638
4,3.5,right-hand,0.1418,0.8582
4,3.5,left-hand,0.9199,0.0801
4,3.5,right-hand,0.3075,0.6925
4,3.5,right-hand,0.5935,0.4065
4,3.5,left-hand,0.9546,0.0454
4,3.5,left-hand,0.9974,0.0026
4,3.5,right-hand,0.2511,0.7489
4,3.5,left-hand,0.9068,0.0932
4,3.5,right-hand,0.6382,0.3618
4,3.5,left-hand,0.8983,0.1017
4,3.5,right-hand,0.6783,0.3217
4,3.5,right-hand,0.2005,0.7995
4,3.5,left-hand,0.7888,0.2112
4,3.5,left-hand,0.7682,0.2318
4,3.5,right-hand,0.4749,0.5251
4,3.5,left-hand,0.4373,0.5627
4,3.5,left-hand,0.875,0.125
4,3.5,right-hand,0.8057,0.1943
4,3.5,left-hand,0.8438,0.1562
4,3.5,right-hand,0.0907,0.9093
4,3.5,left-hand,0.854,0.146
4,3.5,right-hand,0.0426,0.9574
4,3.5,left-hand,0.8401,0.1599
4,3.5,right-hand,0.5451,0.4549
4,3.5,left-hand,0.7373,0.2627
4,3.5,right-hand,0.5917,0.4083
4,3.5,left-hand,0.976,0.024
4,3.5,right-hand,0.5996,0.4004
4,3.5,left-hand,0.5292,0.4708
4,3.5,left-hand,0.9625,0.0375
4,3.5,left-hand,0.9662,0.0338
4,3.5,right-hand,0.5372,0.4628
4,3.5,right-hand,0.8216,0.1784
4,3.5,left-hand,0.6605,0.3395
5,3.5,left-hand,0.8666,0.1334
5,3.5,right-hand,0.1172,0.8828
5,3.5,right-hand,0.1389,0.8611
5,3.5,left-hand,0.8361,0.1639
5,3.5,left-hand,0.9587,0.0413
5,3.5,right-hand,0.5062,0.4938
5,3.5,left-hand,0.6323,0.3677
5,3.5,right-hand,0.0664,0.9336
5,3.5,left-hand,0.8065,0.1935
5,3.5,left-hand,0.3953,0.6047
5,3.5,left-hand,0.815,0.185
5,3.5,right-hand,0.355,0.645
5,3.5,left-hand,0.3464,0.6536
5,3.5,left-hand,0.1669,0.8331
5,3.5,right-hand,0.5089,0.4911
5,3.5,right-hand,0.8752,0.1248
5,3.5,left-hand,0.626,0.374
5,3.5,left-hand,0.6637,0.3363
5,3.5,right-hand,0.4448,0.5552
5,3.5,left-hand,0.6112,0.3888
5,3.5,right-hand,0.8419,0.1581
5,3.5,right-hand,0.9797,0.0203
5,3.5,right-hand,0.3773,0.6227
5,3.5,left-hand,0.779,0.221
5,3.5,right-hand,0.572,0.428
5,3.5,right-hand,0.3394,0.6606
5,3.5,right-hand,0.6085,0.3915
5,3.5,left-hand,0.6131,0.3869
5,3.5,left-hand,0.5772,0.4228
5,3.5,right-hand,0.8744,0.1256
5,3.5,right-hand,0.4735,0.5265
5,3.5,left-hand,0.6015,0.3985
5,3.5,left-hand,0.7368,0.2632
5,3.5,left-hand,0.6678,0.3322
5,3.5,right-hand,0.4172,0.5828
5,3.5,right-hand,0.8705,0.1295
5,3.5,right-hand,0.7455,0.2545
5,3.5,left-hand,0.6664,0.3336
5,3.5,left-hand,0.9919,0.0081
5,3.5,left-hand,0.7202,0.2798
5,3.5,right-hand,0.9346,0.0654
5,3.5,left-hand,0.8137,0.1863
5,3.5,right-hand,0.9916,0.0084
5,3.5,right-hand,0.3075,0.6925
5,3.5,left-hand,0.5426,0.4574
5,3.5,right-hand,0.269,0.731
5,3.5,right-hand,0.5118,0.4882
5,3.5,left-hand,0.7072,0.2928
5,3.5,right-hand,0.7812,0.2188
5,3.5,right-hand,0.4424,0.5576
5,3.5,left-hand,0.6203,0.3797
5,3.5,left-hand,0.9795,0.0205
5,3.5,right-hand,0.5093,0.4907
5,3.5,right-hand,0.56,0.44
5,3.5,left-hand,0.9777,0.0223
5,3.5,left-hand,0.4809,0.5191
5,3.5,right-hand,0.6978,0.3022
5,3.5,right-hand,0.0905,0.9095
5,3.5,right-hand,0.8954,0.1046
5,3.5,right-hand,0.753,0.247
5,3.5,right-hand,0.7883,0.2117
5,3.5,right-hand,0.025,0.975
5,3.5,right-hand,0.1547,0.8453
5,3.5,left-hand,0.9911,0.0089
5,3.5,left-hand,0.8657,0.1343
5,3.5,left-hand,0.9093,0.0907
5,3.5,left-hand,0.9534,0.0466
5,3.5,left-hand,0.8694,0.1306
5,3.5,right-hand,0.1388,0.8612
5,3.5,left-hand,0.9972,0.0028
5,3.5,right-hand,0.6531,0.3469
5,3.5,right-hand,0.9748,0.0252
5,3.5,left-hand,0.9863,0.0137
5,3.5,left-hand,0.7124,0.2876
5,3.5,left-hand,0.9037,0.0963
5,3.5,left-hand,0.9691,0.0309
5,3.5,right-hand,0.5563,0.4437
5,3.5,right-hand,0.3403,0.6597
5,3.5,right-hand,0.1614,0.8386
5,3.5,right-hand,0.4316,0.5684
5,3.5,right-hand,0.588,0.412
5,3.5,left-hand,0.9875,0.0125
5,3.5,left-hand,0.8787,0.1213
5,3.5,left-hand,0.8905,0.1095
5,3.5,left-hand,0.9014,0.0986
5,3.5,right-hand,0.8564,0.1436
5,3.5,left-hand,0.73,0.27
5,3.5,right-hand,0.1998,0.8002
5,3.5,right-hand,0.4913,0.5087
5,3.5,left-hand,0.6345,0.3655
5,3.5,right-hand,0.28,0.72
5,3.5,left-hand,0.9321,0.0679
5,3.5,left-hand,0.906,0.094
5,3.5,right-hand,0.7999,0.2001
5,3.5,left-hand,0.8331,0.1669
5,3.5,right-hand,0.7719,0.2281
5,3.5,left-hand,0.7103,0.2897
5,3.5,left-hand,0.966,0.034
5,3.5,right-hand,0.2743,0.7257
5,3.5,left-hand,0.9836,0.0164
5,3.5,left-hand,0.9814,0.0186
5,3.5,left-hand,0.9441,0.0559
5,3.5,right-hand,0.5703,0.4297
5,3.5,right-hand,0.9763,0.0237
5,3.5,right-hand,0.1401,0.8599
5,3.5,right-hand,0.182,0.818
5,3.5,right-hand,0.363,0.637
5,3.5,right-hand,0.0555,0.9445
5,3.5,left-hand,0.5922,0.4078
5,3.5,left-hand,0.9303,0.0697
5,3.5,right-hand,0.6462,0.3538
5,3.5,right-hand,0.2418,0.7582
5,3.5,left-hand,0.8931,0.1069
5,3.5,left-hand,0.9575,0.0425
5,3.5,right-hand,0.6815,0.3185
5,3.5,left-hand,0.9253,0.0747
5,3.5,left-hand,0.8364,0.1636
5,3.5,left-hand,0.3447,0.6553
5,3.5,left-hand,0.68,0.32
5,3.5,right-hand,0.4112,0.5888
5,3.5,right-hand,0.2272,0.7728
5,3.5,right-hand,0.405,0.595
5,3.5,right-hand,0.6104,0.3896
5,3.5,left-hand,0.9268,0.0732
5,3.5,left-hand,0.9466,0.0534
5,3.5,left-hand,0.8322,0.1678
5,3.5,left-hand,0.8424,0.1576
5,3.5,right-hand,0.3451,0.6549
5,3.5,left-hand,0.6946,0.3054
5,3.5,right-hand,0.3496,0.6504
5,3.5,left-hand,0.6869,0.3131
5,3.5,right-hand,0.6922,0.3078
5,3.5,right-hand,0.6206,0.3794
5,3.5,left-hand,0.8753,0.1247
5,3.5,right-hand,0.0235,0.9765
5,3.5,right-hand,0.7721,0.2279
5,3.5,left-hand,0.2432,0.7568
5,3.5,left-hand,0.8123,0.1877
5,3.5,right-hand,0.7715,0.2285
5,3.5,left-hand,0.9613,0.0387
5,3.5,right-hand,0.6899,0.3101
5,3.5,left-hand,0.9872,0.0128
5,3.5,right-hand,0.2249,0.7751
5,3.5,left-hand,0.9252,0.0748
