fold,tmin,true_label,left-hand,right-hand
1,3.5,left-hand,0.7354,0.2646
1,3.5,right-hand,0.2071,0.7929
1,3.5,left-hand,0.206,0.794
1,3.5,left-hand,0.0439,0.9561
1,3.5,left-hand,0.2504,0.7496
1,3.5,right-hand,0.1681,0.8319
1,3.5,right-hand,0.1592,0.8408
1,3.5,right-hand,0.6108,0.3892
1,3.5,right-hand,0.44,0.56
1,3.5,left-hand,0.9548,0.0452
1,3.5,right-hand,0.5705,0.4295
1,3.5,left-hand,0.676,0.324
1,3.5,right-hand,0.1327,0.8673
1,3.5,left-hand,0.1812,0.8188
1,3.5,right-hand,0.434,0.566
1,3.5,left-hand,0.3144,0.6856
1,3.5,right-hand,0.7441,0.2559
1,3.5,left-hand,0.7811,0.2189
1,3.5,left-hand,0.1963,0.8037
1,3.5,right-hand,0.47,0.53
1,3.5,left-hand,0.4383,0.5617
1,3.5,left-hand,0.5085,0.4915
1,3.5,left-hand,0.31,0.69
1,3.5,right-hand,0.2665,0.7335
1,3.5,left-hand,0.7262,0.2738
1,3.5,right-hand,0.3546,0.6454
1,3.5,right-hand,0.2392,0.7608
1,3.5,left-hand,0.9845,0.0155
1,3.5,left-hand,0.9434,0.0566
1,3.5,right-hand,0.4904,0.5096
1,3.5,right-hand,0.1929,0.8071
1,3.5,right-hand,0.3043,0.6957
1,3.5,right-hand,0.061,0.939
1,3.5,left-hand,0.973,0.027
1,3.5,left-hand,0.6617,0.3383
1,3.5,right-hand,0.165,0.835
1,3.5,left-hand,0.5416,0.4584
1,3.5,right-hand,0.5715,0.4285
1,3.5,left-hand,0.989,0.011
1,3.5,right-hand,0.9487,0.0513
1,3.5,right-hand,0.4094,0.5906
1,3.5,left-hand,0.9187,0.0813
1,3.5,left-hand,0.0616,0.9384
1,3.5,right-hand,0.1434,0.8566
1,3.5,right-hand,0.8936,0.1064
1,3.5,right-hand,0.0084,0.9916
1,3.5,left-hand,0.1772,0.8228
1,3.5,left-hand,0.2196,0.7804
1,3.5,left-hand,0.9868,0.0132
1,3.5,left-hand,0.7489,0.2511
1,3.5,right-hand,0.085,0.915
1,3.5,left-hand,0.1839,0.8161
1,3.5,left-hand,0.6355,0.3645
1,3.5,right-hand,0.1233,0.8767
1,3.5,right-hand,0.9518,0.0482
1,3.5,right-hand,0.3188,0.6812
1,3.5,right-hand,0.424,0.576
1,3.5,left-hand,0.7052,0.2948
1,3.5,right-hand,0.1586,0.8414
1,3.5,left-hand,0.3515,0.6485
1,3.5,right-hand,0.0556,0.9444
1,3.5,right-hand,0.147,0.853
1,3.5,left-hand,0.6101,0.3899
1,3.5,left-hand,0.435,0.565
1,3.5,left-hand,0.1974,0.8026
1,3.5,right-hand,0.2619,0.7381
1,3.5,left-hand,0.4671,0.5329
1,3.5,right-hand,0.0825,0.9175
1,3.5,right-hand,0.1882,0.8118
1,3.5,right-hand,0.2364,0.7636
1,3.5,right-hand,0.0794,0.9206
1,3.5,left-hand,0.7677,0.2323
1,3.5,left-hand,0.6321,0.3679
1,3.5,right-hand,0.3255,0.6745
1,3.5,right-hand,0.6931,0.3069
1,3.5,right-hand,0.1916,0.8084
1,3.5,right-hand,0.0024,0.9976
1,3.5,left-hand,0.1968,0.8032
1,3.5,right-hand,0.1085,0.8915
1,3.5,right-hand,0.9832,0.0168
1,3.5,left-hand,0.4652,0.5348
1,3.5,right-hand,0.5236,0.4764
1,3.5,left-hand,0.3523,0.6477
1,3.5,left-hand,0.3117,0.6883
1,3.5,left-hand,0.5597,0.4403
1,3.5,right-hand,0.0958,0.9042
1,3.5,left-hand,0.9955,0.0045
1,3.5,left-hand,0.7845,0.2155
1,3.5,left-hand,0.5196,0.4804
1,3.5,right-hand,0.5181,0.4819
1,3.5,left-hand,0.3375,0.6625
1,3.5,right-hand,0.1799,0.8201
1,3.5,right-hand,0.5536,0.4464
1,3.5,right-hand,0.4326,0.5674
1,3.5,right-hand,0.3593,0.6407
1,3.5,right-hand,0.4951,0.5049
1,3.5,left-hand,0.8618,0.1382
1,3.5,right-hand,0.4227,0.5773
1,3.5,right-hand,0.2325,0.7675
1,3.5,left-hand,0.9689,0.0311
1,3.5,right-hand,0.0082,0.9918
1,3.5,left-hand,0.0135,0.9865
1,3.5,left-hand,0.7999,0.2001
1,3.5,right-hand,0.4955,0.5045
1,3.5,right-hand,0.3568,0.6432
1,3.5,left-hand,0.8347,0.1653
1,3.5,left-hand,0.439,0.561
1,3.5,left-hand,0.4802,0.5198
1,3.5,right-hand,0.2196,0.7804
1,3.5,right-hand,0.1531,0.8469
1,3.5,left-hand,0.6074,0.3926
1,3.5,right-hand,0.3486,0.6514
1,3.5,left-hand,0.958,0.042
1,3.5,left-hand,0.219,0.781
1,3.5,left-hand,0.5309,0.4691
1,3.5,left-hand,0.1933,0.8067
1,3.5,left-hand,0.3324,0.6676
1,3.5,right-hand,0.2994,0.7006
1,3.5,right-hand,0.2649,0.7351
1,3.5,left-hand,0.9811,0.0189
1,3.5,left-hand,0.3078,0.6922
1,3.5,left-hand,0.9059,0.0941
1,3.5,right-hand,0.4615,0.5385
1,3.5,left-hand,0.1781,0.8219
1,3.5,left-hand,0.2784,0.7216
1,3.5,left-hand,0.6241,0.3759
1,3.5,left-hand,0.957,0.043
1,3.5,left-hand,0.739,0.261
1,3.5,left-hand,0.2819,0.7181
1,3.5,right-hand,0.3064,0.6936
1,3.5,right-hand,0.2006,0.7994
1,3.5,right-hand,0.3674,0.6326
1,3.5,right-hand,0.8601,0.1399
1,3.5,left-hand,0.4171,0.5829
1,3.5,left-hand,0.9907,0.0093
1,3.5,right-hand,0.6493,0.3507
1,3.5,left-hand,0.985,0.015
1,3.5,right-hand,0.9647,0.0353
1,3.5,right-hand,0.3536,0.6464
1,3.5,right-hand,0.6547,0.3453
1,3.5,left-hand,0.9966,0.0034
1,3.5,left-hand,0.5039,0.4961
1,3.5,right-hand,0.5136,0.4864
1,3.5,right-hand,0.3464,0.6536
2,3.5,right-hand,0.6477,0.3523
2,3.5,right-hand,0.7143,0.2857
2,3.5,left-hand,0.8122,0.1878
2,3.5,left-hand,0.4176,0.5824
2,3.5,right-hand,0.0764,0.9236
2,3.5,left-hand,0.6026,0.3974
2,3.5,left-hand,0.3541,0.6459
2,3.5,left-hand,0.7389,0.2611
2,3.5,right-hand,0.5447,0.4553
2,3.5,left-hand,0.7326,0.2674
2,3.5,right-hand,0.6502,0.3498
2,3.5,right-hand,0.1491,0.8509
2,3.5,right-hand,0.3369,0.6631
2,3.5,left-hand,0.9272,0.0728
2,3.5,right-hand,0.5787,0.4213
2,3.5,left-hand,0.8591,0.1409
2,3.5,right-hand,0.1774,0.8226
2,3.5,left-hand,0.4431,0.5569
2,3.5,left-hand,0.5592,0.4408
2,3.5,right-hand,0.7945,0.2055
2,3.5,left-hand,0.2871,0.7129
2,3.5,right-hand,0.2963,0.7037
2,3.5,left-hand,0.8215,0.1785
2,3.5,right-hand,0.6207,0.3793
2,3.5,left-hand,0.5734,0.4266
2,3.5,left-hand,0.4501,0.5499
2,3.5,right-hand,0.2342,0.7658
2,3.5,left-hand,0.5077,0.4923
2,3.5,left-hand,0.4123,0.5877
2,3.5,left-hand,0.5111,0.4889
2,3.5,left-hand,0.9368,0.0632
2,3.5,right-hand,0.1612,0.8388
2,3.5,right-hand,0.4471,0.5529
2,3.5,left-hand,0.0947,0.9053
2,3.5,right-hand,0.1263,0.8737
2,3.5,left-hand,0.6384,0.3616
2,3.5,left-hand,0.9385,0.0615
2,3.5,right-hand,0.6225,0.3775
2,3.5,right-hand,0.374,0.626
2,3.5,right-hand,0.2124,0.7876
2,3.5,left-hand,0.5378,0.4622
2,3.5,left-hand,0.2413,0.7587
2,3.5,left-hand,0.9011,0.0989
2,3.5,left-hand,0.5014,0.4986
2,3.5,right-hand,0.0746,0.9254
2,3.5,right-hand,0.4133,0.5867
2,3.5,left-hand,0.4716,0.5284
2,3.5,right-hand,0.1528,0.8472
2,3.5,left-hand,0.6907,0.3093
2,3.5,right-hand,0.4562,0.5438
2,3.5,left-hand,0.5539,0.4461
2,3.5,left-hand,0.45,0.55
2,3.5,right-hand,0.019,0.981
2,3.5,left-hand,0.7823,0.2177
2,3.5,left-hand,0.9098,0.0902
2,3.5,right-hand,0.399,0.601
2,3.5,left-hand,0.4829,0.5171
2,3.5,left-hand,0.689,0.311
2,3.5,left-hand,0.3374,0.6626
2,3.5,right-hand,0.3554,0.6446
2,3.5,left-hand,0.5701,0.4299
2,3.5,right-hand,0.2039,0.7961
2,3.5,left-hand,0.705,0.295
2,3.5,right-hand,0.1684,0.8316
2,3.5,left-hand,0.4536,0.5464
2,3.5,left-hand,0.463,0.537
2,3.5,right-hand,0.24,0.76
2,3.5,right-hand,0.3087,0.6913
2,3.5,right-hand,0.1465,0.8535
2,3.5,left-hand,0.5944,0.4056
2,3.5,left-hand,0.9317,0.0683
2,3.5,left-hand,0.6206,0.3794
2,3.5,right-hand,0.3373,0.6627
2,3.5,left-hand,0.7441,0.2559
2,3.5,right-hand,0.4815,0.5185
2,3.5,right-hand,0.2166,0.7834
2,3.5,left-hand,0.7187,0.2813
2,3.5,left-hand,0.4225,0.5775
2,3.5,left-hand,0.4535,0.5465
2,3.5,left-hand,0.7583,0.2417
2,3.5,left-hand,0.3028,0.6972
2,3.5,left-hand,0.3698,0.6302
2,3.5,right-hand,0.6062,0.3938
2,3.5,right-hand,0.7332,0.2668
2,3.5,right-hand,0.0208,0.9792
2,3.5,right-hand,0.6475,0.3525
2,3.5,right-hand,0.9567,0.0433
2,3.5,right-hand,0.1947,0.8053
2,3.5,left-hand,0.4704,0.5296
2,3.5,right-hand,0.1252,0.8748
2,3.5,right-hand,0.2159,0.7841
2,3.5,right-hand,0.435,0.565
2,3.5,left-hand,0.019,0.981
2,3.5,right-hand,0.4099,0.5901
2,3.5,left-hand,0.5346,0.4654
2,3.5,right-hand,0.2967,0.7033
2,3.5,right-hand,0.4248,0.5752
2,3.5,left-hand,0.7991,0.2009
2,3.5,right-hand,0.1725,0.8275
2,3.5,left-hand,0.8675,0.1325
2,3.5,left-hand,0.9605,0.0395
2,3.5,left-hand,0.6168,0.3832
2,3.5,left-hand,0.8218,0.1782
2,3.5,right-hand,0.5484,0.4516
2,3.5,right-hand,0.3918,0.6082
2,3.5,left-hand,0.7277,0.2723
2,3.5,left-hand,0.6249,0.3751
2,3.5,right-hand,0.4502,0.5498
2,3.5,left-hand,0.6723,0.3277
2,3.5,left-hand,0.3443,0.6557
2,3.5,left-hand,0.5493,0.4507
2,3.5,right-hand,0.8088,0.1912
2,3.5,right-hand,0.5348,0.4652
2,3.5,right-hand,0.2708,0.7292
2,3.5,right-hand,0.6862,0.3138
2,3.5,right-hand,0.7263,0.2737
2,3.5,right-hand,0.8311,0.1689
2,3.5,right-hand,0.6994,0.3006
2,3.5,left-hand,0.6108,0.3892
2,3.5,right-hand,0.5992,0.4008
2,3.5,right-hand,0.7275,0.2725
2,3.5,right-hand,0.7303,0.2697
2,3.5,left-hand,0.8794,0.1206
2,3.5,left-hand,0.6338,0.3662
2,3.5,right-hand,0.2393,0.7607
2,3.5,left-hand,0.1387,0.8613
2,3.5,right-hand,0.4542,0.5458
2,3.5,right-hand,0.1126,0.8874
2,3.5,right-hand,0.5795,0.4205
2,3.5,left-hand,0.8119,0.1881
2,3.5,right-hand,0.7371,0.2629
2,3.5,right-hand,0.3576,0.6424
2,3.5,right-hand,0.1708,0.8292
2,3.5,right-hand,0.3352,0.6648
2,3.5,right-hand,0.3063,0.6937
2,3.5,left-hand,0.9296,0.0704
2,3.5,left-hand,0.5745,0.4255
2,3.5,left-hand,0.9998,0.0002
2,3.5,left-hand,0.8604,0.1396
2,3.5,right-hand,0.9567,0.0433
2,3.5,right-hand,0.591,0.409
2,3.5,left-hand,0.9459,0.0541
2,3.5,right-hand,0.6062,0.3938
2,3.5,left-hand,0.563,0.437
3,3.5,right-hand,0.2574,0.7426
3,3.5,right-hand,0.7555,0.2445
3,3.5,left-hand,0.5489,0.4511
3,3.5,right-hand,0.1688,0.8312
3,3.5,left-hand,0.8993,0.1007
3,3.5,right-hand,0.245,0.755
3,3.5,right-hand,0.2133,0.7867
3,3.5,left-hand,0.6448,0.3552
3,3.5,right-hand,0.1209,0.8791
3,3.5,right-hand,0.0983,0.9017
3,3.5,left-hand,0.878,0.122
3,3.5,right-hand,0.5759,0.4241
3,3.5,right-hand,0.1391,0.8609
3,3.5,left-hand,0.7784,0.2216
3,3.5,left-hand,0.9664,0.0336
3,3.5,right-hand,0.3868,0.6132
3,3.5,right-hand,0.8487,0.1513
3,3.5,right-hand,0.0436,0.9564
3,3.5,left-hand,0.4463,0.5537
3,3.5,right-hand,0.8717,0.1283
3,3.5,left-hand,0.1209,0.8791
3,3.5,right-hand,0.1561,0.8439
3,3.5,right-hand,0.1493,0.8507
3,3.5,left-hand,0.2866,0.7134
3,3.5,right-hand,0.3122,0.6878
3,3.5,left-hand,0.0819,0.9181
3,3.5,left-hand,0.2652,0.7348
3,3.5,left-hand,0.5117,0.4883
3,3.5,right-hand,0.2398,0.7602
3,3.5,left-hand,0.3107,0.6893
3,3.5,left-hand,0.7946,0.2054
3,3.5,left-hand,0.3399,0.6601
3,3.5,left-hand,0.6713,0.3287
3,3.5,right-hand,0.1328,0.8672
3,3.5,right-hand,0.4917,0.5083
3,3.5,left-hand,0.2136,0.7864
3,3.5,left-hand,0.4193,0.5807
3,3.5,left-hand,0.7453,0.2547
3,3.5,right-hand,0.8267,0.1733
3,3.5,left-hand,0.4709,0.5291
3,3.5,left-hand,0.2172,0.7828
3,3.5,right-hand,0.2408,0.7592
3,3.5,right-hand,0.0072,0.9928
3,3.5,left-hand,0.8179,0.1821
3,3.5,left-hand,0.3732,0.6268
3,3.5,right-hand,0.0853,0.9147
3,3.5,left-hand,0.0488,0.9512
3,3.5,right-hand,0.0382,0.9618
3,3.5,right-hand,0.5751,0.4249
3,3.5,left-hand,0.423,0.577
3,3.5,right-hand,0.4511,0.5489
3,3.5,right-hand,0.0115,0.9885
3,3.5,right-hand,0.8166,0.1834
3,3.5,left-hand,0.4231,0.5769
3,3.5,right-hand,0.5452,0.4548
3,3.5,left-hand,0.5183,0.4817
3,3.5,right-hand,0.0237,0.9763
3,3.5,left-hand,0.0532,0.9468
3,3.5,left-hand,0.2737,0.7263
3,3.5,left-hand,0.7239,0.2761
3,3.5,right-hand,0.5184,0.4816
3,3.5,right-hand,0.1116,0.8884
3,3.5,right-hand,0.0972,0.9028
3,3.5,left-hand,0.6334,0.3666
3,3.5,left-hand,0.7605,0.2395
3,3.5,right-hand,0.1168,0.8832
3,3.5,right-hand,0.6238,0.3762
3,3.5,right-hand,0.517,0.483
3,3.5,left-hand,0.835,0.165
3,3.5,left-hand,0.5448,0.4552
3,3.5,left-hand,0.8635,0.1365
3,3.5,left-hand,0.3642,0.6358
3,3.5,left-hand,0.8445,0.1555
3,3.5,left-hand,0.3005,0.6995
3,3.5,right-hand,0.1088,0.8912
3,3.5,left-hand,0.0102,0.9898
3,3.5,left-hand,0.2035,0.7965
3,3.5,right-hand,0.0807,0.9193
3,3.5,right-hand,0.2768,0.7232
3,3.5,right-hand,0.2675,0.7325
3,3.5,left-hand,0.7042,0.2958
3,3.5,right-hand,0.1114,0.8886
3,3.5,right-hand,0.7824,0.2176
3,3.5,right-hand,0.6405,0.3595
3,3.5,left-hand,0.8752,0.1248
3,3.5,right-hand,0.4729,0.5271
3,3.5,right-hand,0.743,0.257
3,3.5,right-hand,0.4914,0.5086
3,3.5,right-hand,0.5505,0.4495
3,3.5,left-hand,0.9623,0.0377
3,3.5,left-hand,0.9263,0.0737
3,3.5,left-hand,0.8911,0.1089
3,3.5,left-hand,0.611,0.389
3,3.5,left-hand,0.7782,0.2218
3,3.5,right-hand,0.2801,0.7199
3,3.5,left-hand,0.6301,0.3699
3,3.5,left-hand,0.9473,0.0527
3,3.5,right-hand,0.0141,0.9859
3,3.5,right-hand,0.7087,0.2913
3,3.5,right-hand,0.3976,0.6024
3,3.5,right-hand,0.036,0.964
3,3.5,right-hand,0.0014,0.9986
3,3.5,right-hand,0.1566,0.8434
3,3.5,right-hand,0.3608,0.6392
3,3.5,left-hand,0.6737,0.3263
3,3.5,left-hand,0.7075,0.2925
3,3.5,left-hand,0.7602,0.2398
3,3.5,left-hand,0.4453,0.5547
3,3.5,left-hand,0.8614,0.1386
3,3.5,right-hand,0.1064,0.8936
3,3.5,right-hand,0.703,0.297
3,3.5,left-hand,0.7355,0.2645
3,3.5,right-hand,0.2727,0.7273
3,3.5,right-hand,0.0094,0.9906
3,3.5,left-hand,0.8058,0.1942
3,3.5,left-hand,0.8998,0.1002
3,3.5,right-hand,0.4513,0.5487
3,3.5,left-hand,0.8566,0.1434
3,3.5,left-hand,0.8835,0.1165
3,3.5,left-hand,0.5175,0.4825
3,3.5,left-hand,0.8497,0.1503
3,3.5,right-hand,0.5146,0.4854
3,3.5,left-hand,0.7992,0.2008
3,3.5,right-hand,0.6639,0.3361
3,3.5,right-hand,0.4271,0.5729
3,3.5,left-hand,0.2417,0.7583
3,3.5,right-hand,0.6045,0.3955
3,3.5,left-hand,0.3828,0.6172
3,3.5,left-hand,0.8079,0.1921
3,3.5,left-hand,0.2498,0.7502
3,3.5,right-hand,0.34,0.66
3,3.5,left-hand,0.6495,0.3505
3,3.5,right-hand,0.0183,0.9817
3,3.5,left-hand,0.7614,0.2386
3,3.5,right-hand,0.7206,0.2794
3,3.5,left-hand,0.4834,0.5166
3,3.5,right-hand,0.8911,0.1089
3,3.5,right-hand,0.0498,0.9502
3,3.5,left-hand,0.3054,0.6946
3,3.5,right-hand,0.9389,0.0611
3,3.5,left-hand,0.3169,0.6831
3,3.5,right-hand,0.8292,0.1708
3,3.5,left-hand,0.4973,0.5027
3,3.5,right-hand,0.6595,0.3405
4,3.5,left-hand,0.386,0.614
4,3.5,right-hand,0.6934,0.3066
4,3.5,right-hand,0.1889,0.8111
4,3.5,left-hand,0.167,0.833
4,3.5,right-hand,0.9034,0.0966
4,3.5,left-hand,0.5063,0.4937
4,3.5,left-hand,0.8172,0.1828
4,3.5,right-hand,0.6554,0.3446
4,3.5,left-hand,0.5363,0.4637
4,3.5,left-hand,0.7578,0.2422
4,3.5,left-hand,0.9166,0.0834
4,3.5,right-hand,0.5541,0.4459
4,3.5,right-hand,0.3564,0.6436
4,3.5,right-hand,0.7592,0.2408
4,3.5,right-hand,0.3405,0.6595
4,3.5,left-hand,0.2751,0.7249
4,3.5,left-hand,0.5483,0.4517
4,3.5,left-hand,0.6485,0.3515
4,3.5,left-hand,0.716,0.284
4,3.5,right-hand,0.2638,0.7362
4,3.5,left-hand,0.9868,0.0132
4,3.5,right-hand,0.8657,0.1343
4,3.5,right-hand,0.8778,0.1222
4,3.5,right-hand,0.0985,0.9015
4,3.5,right-hand,0.7404,0.2596
4,3.5,left-hand,0.6399,0.3601
4,3.5,right-hand,0.2954,0.7046
4,3.5,right-hand,0.6448,0.3552
4,3.5,right-hand,0.3956,0.6044
4,3.5,left-hand,0.8996,0.1004
4,3.5,right-hand,0.9587,0.0413
4,3.5,left-hand,0.9845,0.0155
4,3.5,left-hand,0.0692,0.9308
4,3.5,right-hand,0.7346,0.2654
4,3.5,right-hand,0.0528,0.9472
4,3.5,right-hand,0.4585,0.5415
4,3.5,left-hand,0.6028,0.3972
4,3.5,left-hand,0.6812,0.3188
4,3.5,left-hand,0.6197,0.3803
4,3.5,right-hand,0.0766,0.9234
4,3.5,right-hand,0.959,0.041
4,3.5,left-hand,0.423,0.577
4,3.5,right-hand,0.4468,0.5532
4,3.5,right-hand,0.874,0.126
4,3.5,right-hand,0.7416,0.2584
4,3.5,left-hand,0.6554,0.3446
4,3.5,left-hand,0.1439,0.8561
4,3.5,left-hand,0.8128,0.1872
4,3.5,left-hand,0.7364,0.2636
4,3.5,left-hand,0.7094,0.2906
4,3.5,right-hand,0.4585,0.5415
4,3.5,right-hand,0.0874,0.9126
4,3.5,right-hand,0.0637,0.9363
4,3.5,left-hand,0.735,0.265
4,3.5,left-hand,0.4484,0.5516
4,3.5,right-hand,0.1668,0.8332
4,3.5,left-hand,0.7638,0.2362
4,3.5,left-hand,0.2199,0.7801
4,3.5,right-hand,0.0962,0.9038
4,3.5,right-hand,0.6342,0.3658
4,3.5,left-hand,0.9624,0.0376
4,3.5,right-hand,0.0058,0.9942
4,3.5,right-hand,0.1067,0.8933
4,3.5,left-hand,0.6855,0.3145
4,3.5,left-hand,0.5736,0.4264
4,3.5,left-hand,0.3376,0.6624
4,3.5,right-hand,0.0102,0.9898
4,3.5,right-hand,0.0399,0.9601
4,3.5,right-hand,0.1618,0.8382
4,3.5,right-hand,0.5049,0.4951
4,3.5,left-hand,0.6644,0.3356
4,3.5,left-hand,0.6259,0.3741
4,3.5,left-hand,0.5952,0.4048
4,3.5,right-hand,0.4699,0.5301
4,3.5,right-hand,0.4825,0.5175
4,3.5,left-hand,0.4797,0.5203
4,3.5,right-hand,0.784,0.216
4,3.5,left-hand,0.5734,0.4266
4,3.5,left-hand,0.3955,0.6045
4,3.5,left-hand,0.1144,0.8856
4,3.5,left-hand,0.698,0.302
4,3.5,right-hand,0.0746,0.9254
4,3.5,right-hand,0.2151,0.7849
4,3.5,left-hand,0.5192,0.4808
4,3.5,left-hand,0.3861,0.6139
4,3.5,left-hand,0.305,0.695
4,3.5,right-hand,0.5732,0.4268
4,3.5,right-hand,0.4273,0.5727
4,3.5,left-hand,0.6744,0.3256
4,3.5,left-hand,0.8425,0.1575
4,3.5,right-hand,0.4546,0.5454
4,3.5,right-hand,0.5589,0.4411
4,3.5,left-hand,0.4508,0.5492
4,3.5,left-hand,0.9755,0.0245
4,3.5,right-hand,0.2821,0.7179
4,3.5,left-hand,0.8577,0.1423
4,3.5,right-hand,0.9696,0.0304
4,3.5,left-hand,0.6741,0.3259
4,3.5,left-hand,0.5144,0.4856
4,3.5,right-hand,0.4731,0.5269
4,3.5,left-hand,0.2489,0.7511
4,3.5,right-hand,0.068,0.932
4,3.5,right-hand,0.5735,0.4265
4,3.5,right-hand,0.7912,0.2088
4,3.5,right-hand,0.6117,0.3883
4,3.5,right-hand,0.692,0.308
4,3.5,right-hand,0.5834,0.4166
4,3.5,left-hand,0.1828,0.8172
4,3.5,right-hand,0.6671,0.3329
4,3.5,left-hand,0.7501,0.2499
4,3.5,left-hand,0.6709,0.3291
4,3.5,right-hand,0.0603,0.9397
4,3.5,right-hand,0.4537,0.5463
4,3.5,right-hand,0.0683,0.9317
4,3.5,left-hand,0.6563,0.3437
4,3.5,left-hand,0.7685,0.2315
4,3.5,left-hand,0.7817,0.2183
4,3.5,right-hand,0.232,0.768
4,3.5,right-hand,0.9557,0.0443
4,3.5,left-hand,0.7991,0.2009
4,3.5,right-hand,0.3572,0.6428
4,3.5,right-hand,0.153,0.847
4,3.5,left-hand,0.7572,0.2428
4,3.5,left-hand,0.2162,0.7838
4,3.5,left-hand,0.6669,0.3331
4,3.5,right-hand,0.597,0.403
4,3.5,left-hand,0.4934,0.5066
4,3.5,right-hand,0.0096,0.9904
4,3.5,left-hand,0.434,0.566
4,3.5,left-hand,0.1523,0.8477
4,3.5,right-hand,0.2684,0.7316
4,3.5,left-hand,0.3168,0.6832
4,3.5,right-hand,0.3761,0.6239
4,3.5,right-hand,0.6191,0.3809
4,3.5,left-hand,0.9883,0.0117
4,3.5,right-hand,0.0875,0.9125
4,3.5,left-hand,0.6985,0.3015
4,3.5,left-hand,0.4377,0.5623
4,3.5,right-hand,0.5862,0.4138
4,3.5,left-hand,0.9257,0.0743
4,3.5,left-hand,0.8822,0.1178
4,3.5,right-hand,0.684,0.316
4,3.5,right-hand,0.7322,0.2678
4,3.5,left-hand,0.4483,0.5517
5,3.5,right-hand,0.1479,0.8521
5,3.5,left-hand,0.1012,0.8988
5,3.5,right-hand,0.4646,0.5354
5,3.5,left-hand,0.1735,0.8265
5,3.5,left-hand,0.6485,0.3515
5,3.5,left-hand,0.5604,0.4396
5,3.5,right-hand,0.3382,0.6618
5,3.5,right-hand,0.0166,0.9834
5,3.5,left-hand,0.3576,0.6424
5,3.5,left-hand,0.1958,0.8042
5,3.5,right-hand,0.6822,0.3178
5,3.5,left-hand,0.3944,0.6056
5,3.5,left-hand,0.9492,0.0508
5,3.5,left-hand,0.3818,0.6182
5,3.5,right-hand,0.3916,0.6084
5,3.5,right-hand,0.1706,0.8294
5,3.5,left-hand,0.2552,0.7448
5,3.5,left-hand,0.6277,0.3723
5,3.5,right-hand,0.2766,0.7234
5,3.5,right-hand,0.3108,0.6892
5,3.5,left-hand,0.1659,0.8341
5,3.5,right-hand,0.3904,0.6096
5,3.5,right-hand,0.0904,0.9096
5,3.5,left-hand,0.6786,0.3214
5,3.5,right-hand,0.9264,0.0736
5,3.5,right-hand,0.6122,0.3878
5,3.5,right-hand,0.6353,0.3647
5,3.5,right-hand,0.6962,0.3038
5,3.5,left-hand,0.6919,0.3081
5,3.5,left-hand,0.9989,0.0011
5,3.5,left-hand,0.8312,0.1688
5,3.5,left-hand,0.9926,0.0074
5,3.5,right-hand,0.2887,0.7113
5,3.5,left-hand,0.6178,0.3822
5,3.5,right-hand,0.216,0.784
5,3.5,right-hand,0.5438,0.4562
5,3.5,left-hand,0.3204,0.6796
5,3.5,left-hand,0.1732,0.8268
5,3.5,right-hand,0.078,0.922
5,3.5,left-hand,0.7811,0.2189
5,3.5,right-hand,0.0296,0.9704
5,3.5,left-hand,0.9729,0.0271
5,3.5,left-hand,0.4741,0.5259
5,3.5,right-hand,0.3378,0.6622
5,3.5,right-hand,0.2224,0.7776
5,3.5,right-hand,0.734,0.266
5,3.5,right-hand,0.8996,0.1004
5,3.5,left-hand,0.689,0.311
5,3.5,right-hand,0.5449,0.4551
5,3.5,right-hand,0.1728,0.8272
5,3.5,left-hand,0.1584,0.8416
5,3.5,left-hand,0.1792,0.8208
5,3.5,right-hand,0.0483,0.9517
5,3.5,right-hand,0.1434,0.8566
5,3.5,left-hand,0.3913,0.6087
5,3.5,left-hand,0.4522,0.5478
5,3.5,right-hand,0.1935,0.8065
5,3.5,right-hand,0.3208,0.6792
5,3.5,right-hand,0.8214,0.1786
5,3.5,right-hand,0.4524,0.5476
5,3.5,right-hand,0.485,0.515
5,3.5,right-hand,0.6699,0.3301
5,3.5,left-hand,0.8352,0.1648
5,3.5,right-hand,0.4776,0.5224
5,3.5,left-hand,0.823,0.177
5,3.5,right-hand,0.3815,0.6185
5,3.5,left-hand,0.1633,0.8367
5,3.5,left-hand,0.5831,0.4169
5,3.5,left-hand,0.2692,0.7308
5,3.5,left-hand,0.6903,0.3097
5,3.5,right-hand,0.1217,0.8783
5,3.5,right-hand,0.7002,0.2998
5,3.5,left-hand,0.666,0.334
5,3.5,left-hand,0.8062,0.1938
5,3.5,left-hand,0.8386,0.1614
5,3.5,left-hand,0.5607,0.4393
5,3.5,right-hand,0.1786,0.8214
5,3.5,right-hand,0.8245,0.1755
5,3.5,right-hand,0.6244,0.3756
5,3.5,right-hand,0.5353,0.4647
5,3.5,left-hand,0.3701,0.6299
5,3.5,right-hand,0.128,0.872
5,3.5,left-hand,0.241,0.759
5,3.5,left-hand,0.73,0.27
5,3.5,left-hand,0.3512,0.6488
5,3.5,right-hand,0.3313,0.6687
5,3.5,left-hand,0.4161,0.5839
5,3.5,right-hand,0.8691,0.1309
5,3.5,right-hand,0.319,0.681
5,3.5,left-hand,0.6093,0.3907
5,3.5,right-hand,0.4644,0.5356
5,3.5,left-hand,0.7354,0.2646
5,3.5,left-hand,0.7225,0.2775
5,3.5,left-hand,0.4217,0.5783
5,3.5,right-hand,0.7461,0.2539
5,3.5,left-hand,0.4049,0.5951
5,3.5,right-hand,0.5001,0.4999
5,3.5,right-hand,0.6268,0.3732
5,3.5,left-hand,0.2613,0.7387
5,3.5,left-hand,0.7537,0.2463
5,3.5,left-hand,0.7918,0.2082
5,3.5,left-hand,0.9264,0.0736
5,3.5,right-hand,0.3545,0.6455
5,3.5,right-hand,0.3925,0.6075
5,3.5,right-hand,0.0775,0.9225
5,3.5,right-hand,0.3013,0.6987
5,3.5,right-hand,0.1788,0.8212
5,3.5,right-hand,0.2519,0.7481
5,3.5,left-hand,0.9184,0.0816
5,3.5,left-hand,0.5443,0.4557
5,3.5,right-hand,0.7145,0.2855
5,3.5,right-hand,0.062,0.938
5,3.5,left-hand,0.61,0.39
5,3.5,left-hand,0.8232,0.1768
5,3.5,right-hand,0.2284,0.7716
5,3.5,left-hand,0.1592,0.8408
5,3.5,left-hand,0.1105,0.8895
5,3.5,left-hand,0.0111,0.9889
5,3.5,left-hand,0.6209,0.3791
5,3.5,right-hand,0.1275,0.8725
5,3.5,right-hand,0.0043,0.9957
5,3.5,right-hand,0.7735,0.2265
5,3.5,right-hand,0.0387,0.9613
5,3.5,left-hand,0.2187,0.7813
5,3.5,left-hand,0.8261,0.1739
5,3.5,left-hand,0.589,0.411
5,3.5,left-hand,0.8986,0.1014
5,3.5,left-hand,0.9407,0.0593
5,3.5,right-hand,0.4758,0.5242
5,3.5,right-hand,0.402,0.598
5,3.5,left-hand,0.6224,0.3776
5,3.5,right-hand,0.3992,0.6008
5,3.5,right-hand,0.039,0.961
5,3.5,left-hand,0.8105,0.1895
5,3.5,right-hand,0.6731,0.3269
5,3.5,right-hand,0.5661,0.4339
5,3.5,left-hand,0.9461,0.0539
5,3.5,left-hand,0.2331,0.7669
5,3.5,right-hand,0.704,0.296
5,3.5,left-hand,0.7001,0.2999
5,3.5,left-hand,0.6979,0.3021
5,3.5,right-hand,0.6924,0.3076
5,3.5,left-hand,0.9011,0.0989
5,3.5,right-hand,0.8366,0.1634
