fold,tmin,true_label,left-hand,right-hand
1,3.5,right-hand,0.6249,0.3751
1,3.5,left-hand,0.3306,0.6694
1,3.5,right-hand,0.2825,0.7175
1,3.5,right-hand,0.6685,0.3315
1,3.5,right-hand,0.9446,0.0554
1,3.5,left-hand,0.9364,0.0636
1,3.5,left-hand,0.9828,0.0172
1,3.5,left-hand,0.9771,0.0229
1,3.5,left-hand,0.249,0.751
1,3.5,right-hand,0.4384,0.5616
1,3.5,left-hand,0.7859,0.2141
1,3.5,right-hand,0.3705,0.6295
1,3.5,left-hand,0.9264,0.0736
1,3.5,left-hand,0.8975,0.1025
1,3.5,right-hand,0.2544,0.7456
1,3.5,right-hand,0.5849,0.4151
1,3.5,right-hand,0.5388,0.4612
1,3.5,left-hand,0.4117,0.5883
1,3.5,right-hand,0.8372,0.1628
1,3.5,right-hand,0.8934,0.1066
1,3.5,left-hand,0.7085,0.2915
1,3.5,right-hand,0.9094,0.0906
1,3.5,right-hand,0.323,0.677
1,3.5,left-hand,0.934,0.066
1,3.5,left-hand,0.1341,0.8659
1,3.5,left-hand,0.9807,0.0193
1,3.5,right-hand,0.3016,0.6984
1,3.5,right-hand,0.9099,0.0901
1,3.5,right-hand,0.3375,0.6625
1,3.5,left-hand,0.3692,0.6308
1,3.5,left-hand,0.2527,0.7473
1,3.5,left-hand,0.8018,0.1982
1,3.5,left-hand,0.2479,0.7521
1,3.5,left-hand,0.4989,0.5011
1,3.5,right-hand,0.7326,0.2674
1,3.5,right-hand,0.1367,0.8633
1,3.5,right-hand,0.282,0.718
1,3.5,left-hand,0.1652,0.8348
1,3.5,right-hand,0.423,0.577
1,3.5,left-hand,0.8107,0.1893
1,3.5,left-hand,0.972,0.028
1,3.5,left-hand,0.2041,0.7959
1,3.5,right-hand,0.4999,0.5001
1,3.5,right-hand,0.3592,0.6408
1,3.5,left-hand,0.9333,0.0667
1,3.5,left-hand,0.3056,0.6944
1,3.5,right-hand,0.9648,0.0352
1,3.5,right-hand,0.1795,0.8205
1,3.5,right-hand,0.0511,0.9489
1,3.5,right-hand,0.103,0.897
1,3.5,left-hand,0.9656,0.0344
1,3.5,right-hand,0.0384,0.9616
1,3.5,left-hand,0.9868,0.0132
1,3.5,left-hand,0.5692,0.4308
1,3.5,right-hand,0.0871,0.9129
1,3.5,left-hand,0.8927,0.1073
1,3.5,left-hand,0.697,0.303
1,3.5,right-hand,0.0476,0.9524
1,3.5,left-hand,0.9991,0.0009
1,3.5,left-hand,0.8764,0.1236
1,3.5,right-hand,0.1637,0.8363
1,3.5,left-hand,0.953,0.047
1,3.5,right-hand,0.1023,0.8977
1,3.5,right-hand,0.5092,0.4908
1,3.5,right-hand,0.0062,0.9938
1,3.5,left-hand,0.9828,0.0172
1,3.5,right-hand,0.2918,0.7082
1,3.5,left-hand,0.8795,0.1205
1,3.5,left-hand,0.1501,0.8499
1,3.5,left-hand,0.8303,0.1697
1,3.5,left-hand,0.6914,0.3086
1,3.5,right-hand,0.9098,0.0902
1,3.5,left-hand,0.6326,0.3674
1,3.5,right-hand,0.0145,0.9855
1,3.5,left-hand,0.998,0.002
1,3.5,left-hand,0.8835,0.1165
1,3.5,left-hand,0.9129,0.0871
1,3.5,left-hand,0.9949,0.0051
1,3.5,right-hand,0.3021,0.6979
1,3.5,left-hand,0.1743,0.8257
1,3.5,left-hand,0.2933,0.7067
1,3.5,right-hand,0.6904,0.3096
1,3.5,right-hand,0.8028,0.1972
1,3.5,right-hand,0.0762,0.9238
1,3.5,left-hand,0.9623,0.0377
1,3.5,right-hand,0.0082,0.9918
1,3.5,right-hand,0.5629,0.4371
1,3.5,right-hand,0.0922,0.9078
1,3.5,right-hand,0.4151,0.5849
1,3.5,left-hand,0.9574,0.0426
1,3.5,left-hand,0.9162,0.0838
1,3.5,right-hand,0.7068,0.2932
1,3.5,left-hand,0.9543,0.0457
1,3.5,left-hand,0.9783,0.0217
1,3.5,left-hand,0.9452,0.0548
1,3.5,right-hand,0.798,0.202
1,3.5,left-hand,0.5514,0.4486
1,3.5,left-hand,0.9748,0.0252
1,3.5,left-hand,0.978,0.022
1,3.5,right-hand,0.8357,0.1643
1,3.5,left-hand,0.7552,0.2448
1,3.5,right-hand,0.0491,0.9509
1,3.5,right-hand,0.5683,0.4317
1,3.5,left-hand,0.6201,0.3799
1,3.5,left-hand,0.9467,0.0533
1,3.5,right-hand,0.9905,0.0095
1,3.5,right-hand,0.3945,0.6055
1,3.5,right-hand,0.904,0.096
1,3.5,left-hand,0.7195,0.2805
1,3.5,right-hand,0.1808,0.8192
1,3.5,left-hand,0.8468,0.1532
1,3.5,right-hand,0.7429,0.2571
1,3.5,left-hand,0.9654,0.0346
1,3.5,right-hand,0.6766,0.3234
1,3.5,right-hand,0.1898,0.8102
1,3.5,right-hand,0.9818,0.0182
1,3.5,right-hand,0.7411,0.2589
1,3.5,left-hand,0.7982,0.2018
1,3.5,left-hand,0.2202,0.7798
1,3.5,right-hand,0.1295,0.8705
1,3.5,left-hand,0.9944,0.0056
1,3.5,right-hand,0.0632,0.9368
1,3.5,right-hand,0.0479,0.9521
1,3.5,right-hand,0.1348,0.8652
1,3.5,right-hand,0.093,0.907
1,3.5,right-hand,0.0645,0.9355
1,3.5,right-hand,0.2353,0.7647
1,3.5,left-hand,0.949,0.051
1,3.5,right-hand,0.3803,0.6197
1,3.5,right-hand,0.0341,0.9659
1,3.5,left-hand,0.9628,0.0372
1,3.5,left-hand,0.6048,0.3952
1,3.5,left-hand,0.355,0.645
1,3.5,right-hand,0.3305,0.6695
1,3.5,right-hand,0.3976,0.6024
1,3.5,left-hand,0.952,0.048
1,3.5,right-hand,0.225,0.775
1,3.5,left-hand,0.8115,0.1885
1,3.5,left-hand,0.5873,0.4127
1,3.5,left-hand,0.2334,0.7666
1,3.5,right-hand,0.3523,0.6477
1,3.5,right-hand,0.9492,0.0508
1,3.5,left-hand,0.9339,0.0661
1,3.5,left-hand,1.0,0.0
2,3.5,left-hand,0.3176,0.6824
2,3.5,left-hand,0.8829,0.1171
2,3.5,right-hand,0.1265,0.8735
2,3.5,left-hand,0.3918,0.6082
2,3.5,right-hand,0.0438,0.9562
2,3.5,right-hand,0.3069,0.6931
2,3.5,right-hand,0.4775,0.5225
2,3.5,right-hand,0.3335,0.6665
2,3.5,left-hand,0.8243,0.1757
2,3.5,right-hand,0.1461,0.8539
2,3.5,left-hand,0.072,0.928
2,3.5,left-hand,0.0303,0.9697
2,3.5,left-hand,0.1005,0.8995
2,3.5,right-hand,0.0496,0.9504
2,3.5,left-hand,0.3771,0.6229
2,3.5,right-hand,0.9227,0.0773
2,3.5,right-hand,0.2025,0.7975
2,3.5,left-hand,0.756,0.244
2,3.5,right-hand,0.1788,0.8212
2,3.5,left-hand,0.9416,0.0584
2,3.5,right-hand,0.8525,0.1475
2,3.5,left-hand,0.3027,0.6973
2,3.5,right-hand,0.0306,0.9694
2,3.5,left-hand,0.5188,0.4812
2,3.5,right-hand,0.2365,0.7635
2,3.5,right-hand,0.2477,0.7523
2,3.5,left-hand,0.2269,0.7731
2,3.5,right-hand,0.4225,0.5775
2,3.5,right-hand,0.0994,0.9006
2,3.5,right-hand,0.6864,0.3136
2,3.5,right-hand,0.2783,0.7217
2,3.5,left-hand,0.3498,0.6502
2,3.5,left-hand,0.3504,0.6496
2,3.5,right-hand,0.1328,0.8672
2,3.5,left-hand,0.1912,0.8088
2,3.5,right-hand,0.055,0.945
2,3.5,left-hand,0.9913,0.0087
2,3.5,left-hand,0.0181,0.9819
2,3.5,right-hand,0.0377,0.9623
2,3.5,left-hand,0.7977,0.2023
2,3.5,right-hand,0.0482,0.9518
2,3.5,right-hand,0.0095,0.9905
2,3.5,right-hand,0.1066,0.8934
2,3.5,left-hand,0.7887,0.2113
2,3.5,left-hand,0.1963,0.8037
2,3.5,right-hand,0.1588,0.8412
2,3.5,left-hand,0.8543,0.1457
2,3.5,right-hand,0.4759,0.5241
2,3.5,right-hand,0.0001,0.9999
2,3.5,left-hand,0.4638,0.5362
2,3.5,right-hand,0.1465,0.8535
2,3.5,right-hand,0.0412,0.9588
2,3.5,left-hand,0.883,0.117
2,3.5,right-hand,0.0766,0.9234
2,3.5,right-hand,0.0545,0.9455
2,3.5,left-hand,0.6942,0.3058
2,3.5,right-hand,0.1993,0.8007
2,3.5,right-hand,0.0339,0.9661
2,3.5,right-hand,0.2498,0.7502
2,3.5,right-hand,0.0106,0.9894
2,3.5,left-hand,0.0913,0.9087
2,3.5,left-hand,0.9768,0.0232
2,3.5,right-hand,0.0638,0.9362
2,3.5,left-hand,0.925,0.075
2,3.5,right-hand,0.6174,0.3826
2,3.5,right-hand,0.8791,0.1209
2,3.5,left-hand,0.5389,0.4611
2,3.5,left-hand,0.825,0.175
2,3.5,left-hand,0.8052,0.1948
2,3.5,right-hand,0.0146,0.9854
2,3.5,left-hand,0.2978,0.7022
2,3.5,right-hand,0.0328,0.9672
2,3.5,right-hand,0.0816,0.9184
2,3.5,left-hand,0.8405,0.1595
2,3.5,right-hand,0.0139,0.9861
2,3.5,left-hand,0.6516,0.3484
2,3.5,right-hand,0.5139,0.4861
2,3.5,right-hand,0.1782,0.8218
2,3.5,right-hand,0.9276,0.0724
2,3.5,left-hand,0.4941,0.5059
2,3.5,left-hand,0.7203,0.2797
2,3.5,right-hand,0.4565,0.5435
2,3.5,left-hand,0.1907,0.8093
2,3.5,right-hand,0.2736,0.7264
2,3.5,right-hand,0.4085,0.5915
2,3.5,left-hand,0.4138,0.5862
2,3.5,left-hand,0.9604,0.0396
2,3.5,left-hand,0.8306,0.1694
2,3.5,right-hand,0.1819,0.8181
2,3.5,left-hand,0.9198,0.0802
2,3.5,left-hand,0.3366,0.6634
2,3.5,left-hand,0.2255,0.7745
2,3.5,left-hand,0.9998,0.0002
2,3.5,right-hand,0.4714,0.5286
2,3.5,left-hand,0.9945,0.0055
2,3.5,right-hand,0.3563,0.6437
2,3.5,left-hand,0.4885,0.5115
2,3.5,left-hand,0.4406,0.5594
2,3.5,right-hand,0.7598,0.2402
2,3.5,right-hand,0.158,0.842
2,3.5,right-hand,0.1363,0.8637
2,3.5,right-hand,0.0514,0.9486
2,3.5,right-hand,0.2896,0.7104
2,3.5,left-hand,0.8612,0.1388
2,3.5,left-hand,0.0241,0.9759
2,3.5,right-hand,0.0139,0.9861
2,3.5,right-hand,0.1098,0.8902
2,3.5,left-hand,0.9533,0.0467
2,3.5,right-hand,0.9481,0.0519
2,3.5,right-hand,0.4289,0.5711
2,3.5,right-hand,0.9481,0.0519
2,3.5,left-hand,0.9838,0.0162
2,3.5,left-hand,0.9052,0.0948
2,3.5,left-hand,0.997,0.003
2,3.5,left-hand,0.4506,0.5494
2,3.5,left-hand,0.9733,0.0267
2,3.5,left-hand,0.7621,0.2379
2,3.5,left-hand,0.9207,0.0793
2,3.5,right-hand,0.0563,0.9437
2,3.5,left-hand,0.716,0.284
2,3.5,right-hand,0.4807,0.5193
2,3.5,left-hand,0.8556,0.1444
2,3.5,left-hand,0.4101,0.5899
2,3.5,left-hand,0.987,0.013
2,3.5,right-hand,0.6166,0.3834
2,3.5,left-hand,0.9748,0.0252
2,3.5,left-hand,0.8152,0.1848
2,3.5,right-hand,0.2848,0.7152
2,3.5,left-hand,0.5304,0.4696
2,3.5,left-hand,0.1524,0.8476
2,3.5,right-hand,0.5851,0.4149
2,3.5,left-hand,0.8769,0.1231
2,3.5,left-hand,0.1812,0.8188
2,3.5,left-hand,0.9959,0.0041
2,3.5,left-hand,0.8029,0.1971
2,3.5,right-hand,0.6668,0.3332
2,3.5,right-hand,0.2324,0.7676
2,3.5,right-hand,0.3196,0.6804
2,3.5,left-hand,0.9308,0.0692
2,3.5,right-hand,0.3099,0.6901
2,3.5,right-hand,0.149,0.851
2,3.5,left-hand,0.538,0.462
2,3.5,left-hand,0.3362,0.6638
2,3.5,right-hand,0.3595,0.6405
3,3.5,left-hand,0.8428,0.1572
3,3.5,left-hand,0.963,0.037
3,3.5,right-hand,0.7419,0.2581
3,3.5,right-hand,0.0824,0.9176
3,3.5,left-hand,0.4875,0.5125
3,3.5,left-hand,0.9377,0.0623
3,3.5,left-hand,0.9389,0.0611
3,3.5,right-hand,0.1182,0.8818
3,3.5,left-hand,0.8978,0.1022
3,3.5,left-hand,0.9182,0.0818
3,3.5,right-hand,0.271,0.729
3,3.5,left-hand,0.9444,0.0556
3,3.5,left-hand,0.814,0.186
3,3.5,right-hand,0.6957,0.3043
3,3.5,right-hand,0.8834,0.1166
3,3.5,left-hand,0.7505,0.2495
3,3.5,left-hand,0.6585,0.3415
3,3.5,left-hand,0.966,0.034
3,3.5,left-hand,0.9471,0.0529
3,3.5,right-hand,0.3627,0.6373
3,3.5,right-hand,0.3149,0.6851
3,3.5,left-hand,0.7942,0.2058
3,3.5,right-hand,0.3638,0.6362
3,3.5,left-hand,0.5953,0.4047
3,3.5,left-hand,0.5189,0.4811
3,3.5,right-hand,0.4765,0.5235
3,3.5,right-hand,0.3186,0.6814
3,3.5,right-hand,0.1341,0.8659
3,3.5,left-hand,0.1465,0.8535
3,3.5,right-hand,0.2431,0.7569
3,3.5,right-hand,0.413,0.587
3,3.5,left-hand,0.6056,0.3944
3,3.5,right-hand,0.2036,0.7964
3,3.5,right-hand,0.2568,0.7432
3,3.5,left-hand,0.4775,0.5225
3,3.5,right-hand,0.4035,0.5965
3,3.5,left-hand,0.5774,0.4226
3,3.5,right-hand,0.402,0.598
3,3.5,right-hand,0.3567,0.6433
3,3.5,left-hand,0.6175,0.3825
3,3.5,right-hand,0.2423,0.7577
3,3.5,left-hand,0.8429,0.1571
3,3.5,right-hand,0.5899,0.4101
3,3.5,right-hand,0.632,0.368
3,3.5,left-hand,0.8306,0.1694
3,3.5,right-hand,0.7731,0.2269
3,3.5,right-hand,0.4189,0.5811
3,3.5,left-hand,0.4609,0.5391
3,3.5,left-hand,0.9251,0.0749
3,3.5,right-hand,0.135,0.865
3,3.5,left-hand,0.6863,0.3137
3,3.5,left-hand,0.9876,0.0124
3,3.5,left-hand,0.8451,0.1549
3,3.5,right-hand,0.1688,0.8312
3,3.5,left-hand,0.9997,0.0003
3,3.5,right-hand,0.575,0.425
3,3.5,left-hand,0.9608,0.0392
3,3.5,right-hand,0.1338,0.8662
3,3.5,right-hand,0.3136,0.6864
3,3.5,right-hand,0.0116,0.9884
3,3.5,left-hand,0.6849,0.3151
3,3.5,left-hand,0.994,0.006
3,3.5,left-hand,0.2488,0.7512
3,3.5,right-hand,0.1967,0.8033
3,3.5,right-hand,0.4196,0.5804
3,3.5,left-hand,0.2253,0.7747
3,3.5,left-hand,0.8302,0.1698
3,3.5,right-hand,0.4058,0.5942
3,3.5,left-hand,0.6109,0.3891
3,3.5,right-hand,0.4173,0.5827
3,3.5,right-hand,0.2664,0.7336
3,3.5,right-hand,0.0806,0.9194
3,3.5,right-hand,0.3138,0.6862
3,3.5,right-hand,0.9248,0.0752
3,3.5,left-hand,0.9959,0.0041
3,3.5,right-hand,0.5158,0.4842
3,3.5,left-hand,0.9862,0.0138
3,3.5,right-hand,0.2553,0.7447
3,3.5,left-hand,0.8615,0.1385
3,3.5,left-hand,0.815,0.185
3,3.5,right-hand,0.9274,0.0726
3,3.5,left-hand,0.905,0.095
3,3.5,left-hand,0.9986,0.0014
3,3.5,left-hand,0.6062,0.3938
3,3.5,left-hand,0.4114,0.5886
3,3.5,left-hand,0.8727,0.1273
3,3.5,right-hand,0.6374,0.3626
3,3.5,left-hand,0.9822,0.0178
3,3.5,left-hand,0.9893,0.0107
3,3.5,right-hand,0.1991,0.8009
3,3.5,right-hand,0.6092,0.3908
3,3.5,right-hand,0.198,0.802
3,3.5,right-hand,0.1527,0.8473
3,3.5,right-hand,0.4167,0.5833
3,3.5,right-hand,0.7474,0.2526
3,3.5,left-hand,0.9485,0.0515
3,3.5,right-hand,0.6206,0.3794
3,3.5,left-hand,0.8765,0.1235
3,3.5,left-hand,0.7241,0.2759
3,3.5,left-hand,0.8465,0.1535
3,3.5,left-hand,0.9766,0.0234
3,3.5,left-hand,0.6237,0.3763
3,3.5,left-hand,0.7774,0.2226
3,3.5,left-hand,0.8933,0.1067
3,3.5,right-hand,1.0,0.0
3,3.5,right-hand,0.5064,0.4936
3,3.5,right-hand,0.0502,0.9498
3,3.5,right-hand,1.0,0.0
3,3.5,right-hand,0.8518,0.1482
3,3.5,left-hand,0.995,0.005
3,3.5,right-hand,0.6801,0.3199
3,3.5,left-hand,0.8795,0.1205
3,3.5,left-hand,0.8662,0.1338
3,3.5,right-hand,0.6048,0.3952
3,3.5,left-hand,0.9886,0.0114
3,3.5,right-hand,0.0412,0.9588
3,3.5,left-hand,0.9643,0.0357
3,3.5,right-hand,1.0,0.0
3,3.5,right-hand,0.0197,0.9803
3,3.5,right-hand,0.6561,0.3439
3,3.5,right-hand,0.0147,0.9853
3,3.5,left-hand,0.9864,0.0136
3,3.5,left-hand,0.8947,0.1053
3,3.5,left-hand,0.8115,0.1885
3,3.5,right-hand,0.7171,0.2829
3,3.5,left-hand,0.9909,0.0091
3,3.5,right-hand,0.1701,0.8299
3,3.5,right-hand,0.2269,0.7731
3,3.5,right-hand,0.2972,0.7028
3,3.5,right-hand,0.6286,0.3714
3,3.5,left-hand,0.7223,0.2777
3,3.5,right-hand,0.2362,0.7638
3,3.5,left-hand,0.9985,0.0015
3,3.5,right-hand,0.7193,0.2807
3,3.5,left-hand,0.8788,0.1212
3,3.5,left-hand,0.5901,0.4099
3,3.5,left-hand,0.6611,0.3389
3,3.5,left-hand,0.7867,0.2133
3,3.5,right-hand,0.0596,0.9404
3,3.5,right-hand,0.6073,0.3927
3,3.5,left-hand,0.9913,0.0087
3,3.5,right-hand,0.1589,0.8411
3,3.5,right-hand,0.2897,0.7103
3,3.5,left-hand,0.7286,0.2714
4,3.5,right-hand,0.837,0.163
4,3.5,left-hand,0.4626,0.5374
4,3.5,right-hand,0.9175,0.0825
4,3.5,left-hand,0.9017,0.0983
4,3.5,left-hand,0.8162,0.1838
4,3.5,right-hand,0.8674,0.1326
4,3.5,right-hand,0.3921,0.6079
4,3.5,left-hand,0.3156,0.6844
4,3.5,right-hand,0.7327,0.2673
4,3.5,right-hand,0.7387,0.2613
4,3.5,right-hand,0.4715,0.5285
4,3.5,left-hand,0.4508,0.5492
4,3.5,left-hand,0.5636,0.4364
4,3.5,right-hand,0.3042,0.6958
4,3.5,left-hand,0.7508,0.2492
4,3.5,left-hand,0.313,0.687
4,3.5,right-hand,0.0295,0.9705
4,3.5,right-hand,0.2479,0.7521
4,3.5,right-hand,0.4163,0.5837
4,3.5,left-hand,0.4667,0.5333
4,3.5,right-hand,0.7977,0.2023
4,3.5,left-hand,0.2629,0.7371
4,3.5,left-hand,0.3853,0.6147
4,3.5,left-hand,0.1811,0.8189
4,3.5,left-hand,0.1815,0.8185
4,3.5,right-hand,0.1573,0.8427
4,3.5,left-hand,0.3282,0.6718
4,3.5,left-hand,0.0074,0.9926
4,3.5,left-hand,0.8233,0.1767
4,3.5,left-hand,0.2198,0.7802
4,3.5,left-hand,0.6544,0.3456
4,3.5,right-hand,0.1995,0.8005
4,3.5,left-hand,0.8634,0.1366
4,3.5,right-hand,0.191,0.809
4,3.5,right-hand,0.4176,0.5824
4,3.5,left-hand,0.0121,0.9879
4,3.5,right-hand,0.8319,0.1681
4,3.5,left-hand,0.9279,0.0721
4,3.5,right-hand,0.3951,0.6049
4,3.5,right-hand,0.884,0.116
4,3.5,left-hand,0.885,0.115
4,3.5,left-hand,0.6634,0.3366
4,3.5,right-hand,0.3126,0.6874
4,3.5,left-hand,0.8594,0.1406
4,3.5,left-hand,0.9314,0.0686
4,3.5,right-hand,0.0253,0.9747
4,3.5,right-hand,0.0232,0.9768
4,3.5,right-hand,0.012,0.988
4,3.5,right-hand,0.0433,0.9567
4,3.5,left-hand,0.9937,0.0063
4,3.5,right-hand,0.3859,0.6141
4,3.5,left-hand,0.9943,0.0057
4,3.5,left-hand,0.6379,0.3621
4,3.5,right-hand,0.0252,0.9748
4,3.5,left-hand,0.7475,0.2525
4,3.5,right-hand,0.1054,0.8946
4,3.5,right-hand,0.1725,0.8275
4,3.5,right-hand,0.1521,0.8479
4,3.5,left-hand,0.9896,0.0104
4,3.5,right-hand,0.4436,0.5564
4,3.5,left-hand,0.9597,0.0403
4,3.5,left-hand,0.7342,0.2658
4,3.5,left-hand,0.9563,0.0437
4,3.5,right-hand,0.804,0.196
4,3.5,right-hand,0.215,0.785
4,3.5,left-hand,0.6653,0.3347
4,3.5,right-hand,0.3965,0.6035
4,3.5,left-hand,0.7503,0.2497
4,3.5,left-hand,0.58,0.42
4,3.5,left-hand,0.8201,0.1799
4,3.5,right-hand,0.2029,0.7971
4,3.5,left-hand,0.9913,0.0087
4,3.5,left-hand,0.9104,0.0896
4,3.5,right-hand,0.2245,0.7755
4,3.5,right-hand,0.7196,0.2804
4,3.5,right-hand,0.4962,0.5038
4,3.5,left-hand,0.7946,0.2054
4,3.5,right-hand,0.0171,0.9829
4,3.5,right-hand,0.1259,0.8741
4,3.5,right-hand,0.9808,0.0192
4,3.5,left-hand,0.9872,0.0128
4,3.5,right-hand,0.0159,0.9841
4,3.5,left-hand,0.1656,0.8344
4,3.5,right-hand,0.0163,0.9837
4,3.5,left-hand,0.9997,0.0003
4,3.5,right-hand,0.677,0.323
4,3.5,right-hand,0.946,0.054
4,3.5,left-hand,0.3205,0.6795
4,3.5,right-hand,0.2983,0.7017
4,3.5,right-hand,0.8178,0.1822
4,3.5,left-hand,0.9158,0.0842
4,3.5,left-hand,0.9032,0.0968
4,3.5,right-hand,0.8733,0.1267
4,3.5,right-hand,0.6497,0.3503
4,3.5,left-hand,0.983,0.017
4,3.5,right-hand,0.3752,0.6248
4,3.5,left-hand,0.9706,0.0294
4,3.5,right-hand,0.0864,0.9136
4,3.5,right-hand,0.0399,0.9601
4,3.5,left-hand,0.9668,0.0332
4,3.5,right-hand,0.0337,0.9663
4,3.5,left-hand,0.1962,0.8038
4,3.5,left-hand,0.9978,0.0022
4,3.5,left-hand,0.9991,0.0009
4,3.5,left-hand,0.0,1.0
4,3.5,left-hand,0.9864,0.0136
4,3.5,right-hand,0.4722,0.5278
4,3.5,right-hand,0.0998,0.9002
4,3.5,right-hand,0.3487,0.6513
4,3.5,left-hand,0.7415,0.2585
4,3.5,left-hand,0.4199,0.5801
4,3.5,left-hand,0.3311,0.6689
4,3.5,left-hand,0.1429,0.8571
4,3.5,left-hand,0.1004,0.8996
4,3.5,right-hand,0.2166,0.7834
4,3.5,right-hand,0.1749,0.8251
4,3.5,right-hand,0.435,0.565
4,3.5,left-hand,0.5214,0.4786
4,3.5,left-hand,0.3495,0.6505
4,3.5,left-hand,0.7817,0.2183
4,3.5,left-hand,0.7843,0.2157
4,3.5,right-hand,0.4615,0.5385
4,3.5,right-hand,0.3895,0.6105
4,3.5,right-hand,0.0648,0.9352
4,3.5,left-hand,1.0,0.0
4,3.5,right-hand,0.7167,0.2833
4,3.5,left-hand,0.9237,0.0763
4,3.5,left-hand,0.9248,0.0752
4,3.5,right-hand,0.444,0.556
4,3.5,left-hand,0.0146,0.9854
4,3.5,right-hand,0.6251,0.3749
4,3.5,right-hand,0.703,0.297
4,3.5,right-hand,0.8023,0.1977
4,3.5,left-hand,0.7498,0.2502
4,3.5,right-hand,0.181,0.819
4,3.5,left-hand,0.7625,0.2375
4,3.5,right-hand,0.1323,0.8677
4,3.5,right-hand,0.128,0.872
4,3.5,left-hand,0.5042,0.4958
4,3.5,right-hand,0.5031,0.4969
4,3.5,right-hand,0.055,0.945
4,3.5,left-hand,0.884,0.116
4,3.5,right-hand,0.7187,0.2813
4,3.5,left-hand,0.9636,0.0364
5,3.5,right-hand,0.7338,0.2662
5,3.5,left-hand,0.8137,0.1863
5,3.5,left-hand,0.9145,0.0855
5,3.5,right-hand,0.4126,0.5874
5,3.5,right-hand,0.2067,0.7933
5,3.5,right-hand,0.2718,0.7282
5,3.5,left-hand,0.9993,0.0007
5,3.5,left-hand,0.7889,0.2111
5,3.5,right-hand,0.1777,0.8223
5,3.5,left-hand,0.9551,0.0449
5,3.5,right-hand,0.6761,0.3239
5,3.5,right-hand,0.969,0.031
5,3.5,right-hand,0.8514,0.1486
5,3.5,left-hand,0.2869,0.7131
5,3.5,left-hand,0.8139,0.1861
5,3.5,right-hand,0.1995,0.8005
5,3.5,right-hand,0.3602,0.6398
5,3.5,right-hand,0.0839,0.9161
5,3.5,left-hand,0.5445,0.4555
5,3.5,left-hand,0.2006,0.7994
5,3.5,right-hand,0.065,0.935
5,3.5,left-hand,0.7015,0.2985
5,3.5,left-hand,0.8498,0.1502
5,3.5,left-hand,0.2111,0.7889
5,3.5,right-hand,0.1528,0.8472
5,3.5,left-hand,0.1452,0.8548
5,3.5,left-hand,0.928,0.072
5,3.5,right-hand,0.641,0.359
5,3.5,left-hand,0.76,0.24
5,3.5,right-hand,0.8996,0.1004
5,3.5,right-hand,0.8445,0.1555
5,3.5,right-hand,0.1122,0.8878
5,3.5,left-hand,0.4711,0.5289
5,3.5,right-hand,0.1727,0.8273
5,3.5,left-hand,0.2703,0.7297
5,3.5,left-hand,0.2949,0.7051
5,3.5,right-hand,0.0834,0.9166
5,3.5,right-hand,0.1131,0.8869
5,3.5,left-hand,0.3728,0.6272
5,3.5,right-hand,0.1763,0.8237
5,3.5,left-hand,0.6089,0.3911
5,3.5,right-hand,0.4711,0.5289
5,3.5,left-hand,0.4423,0.5577
5,3.5,left-hand,0.728,0.272
5,3.5,right-hand,0.4962,0.5038
5,3.5,left-hand,0.654,0.346
5,3.5,left-hand,0.6437,0.3563
5,3.5,right-hand,0.2772,0.7228
5,3.5,left-hand,0.7,0.3
5,3.5,left-hand,0.9181,0.0819
5,3.5,left-hand,0.9659,0.0341
5,3.5,right-hand,0.1071,0.8929
5,3.5,right-hand,0.2438,0.7562
5,3.5,left-hand,0.9851,0.0149
5,3.5,right-hand,0.5021,0.4979
5,3.5,right-hand,0.0276,0.9724
5,3.5,left-hand,0.8331,0.1669
5,3.5,left-hand,0.7867,0.2133
5,3.5,left-hand,0.7442,0.2558
5,3.5,left-hand,0.5917,0.4083
5,3.5,left-hand,0.402,0.598
5,3.5,left-hand,0.8246,0.1754
5,3.5,left-hand,0.5991,0.4009
5,3.5,right-hand,0.0515,0.9485
5,3.5,right-hand,0.5508,0.4492
5,3.5,left-hand,0.7196,0.2804
5,3.5,right-hand,0.2427,0.7573
5,3.5,right-hand,0.0499,0.9501
5,3.5,right-hand,0.0502,0.9498
5,3.5,right-hand,0.0575,0.9425
5,3.5,left-hand,0.9375,0.0625
5,3.5,left-hand,0.9926,0.0074
5,3.5,right-hand,0.1622,0.8378
5,3.5,right-hand,0.1005,0.8995
5,3.5,right-hand,0.4225,0.5775
5,3.5,right-hand,0.1518,0.8482
5,3.5,left-hand,0.9519,0.0481
5,3.5,left-hand,0.9641,0.0359
5,3.5,left-hand,0.6142,0.3858
5,3.5,left-hand,0.8998,0.1002
5,3.5,left-hand,0.8588,0.1412
5,3.5,right-hand,0.5779,0.4221
5,3.5,left-hand,0.9986,0.0014
5,3.5,right-hand,0.2014,0.7986
5,3.5,right-hand,0.3307,0.6693
5,3.5,left-hand,0.7364,0.2636
5,3.5,right-hand,0.6619,0.3381
5,3.5,left-hand,0.9791,0.0209
5,3.5,right-hand,0.939,0.061
5,3.5,right-hand,0.449,0.551
5,3.5,left-hand,0.1422,0.8578
5,3.5,right-hand,0.5924,0.4076
5,3.5,right-hand,0.9203,0.0797
5,3.5,left-hand,0.9942,0.0058
5,3.5,right-hand,0.1045,0.8955
5,3.5,left-hand,0.6226,0.3774
5,3.5,right-hand,0.4784,0.5216
5,3.5,left-hand,0.9711,0.0289
5,3.5,right-hand,0.0533,0.9467
5,3.5,right-hand,0.958,0.042
5,3.5,right-hand,0.4258,0.5742
5,3.5,right-hand,0.7509,0.2491
5,3.5,left-hand,0.0027,0.9973
5,3.5,left-hand,0.9766,0.0234
5,3.5,left-hand,0.9929,0.0071
5,3.5,left-hand,0.8272,0.1728
5,3.5,left-hand,0.9747,0.0253
5,3.5,left-hand,0.8429,0.1571
5,3.5,right-hand,0.5379,0.4621
5,3.5,right-hand,0.2068,0.7932
5,3.5,left-hand,0.9523,0.0477
5,3.5,left-hand,0.9826,0.0174
5,3.5,right-hand,0.101,0.899
5,3.5,right-hand,0.1892,0.8108
5,3.5,left-hand,0.9684,0.0316
5,3.5,right-hand,0.2558,0.7442
5,3.5,right-hand,0.421,0.579
5,3.5,right-hand,0.3267,0.6733
5,3.5,right-hand,0.2869,0.7131
5,3.5,left-hand,0.3959,0.6041
5,3.5,left-hand,0.6317,0.3683
5,3.5,left-hand,0.892,0.108
5,3.5,left-hand,0.999,0.001
5,3.5,right-hand,0.3744,0.6256
5,3.5,right-hand,0.1473,0.8527
5,3.5,left-hand,0.9286,0.0714
5,3.5,right-hand,0.081,0.919
5,3.5,right-hand,0.1098,0.8902
5,3.5,right-hand,0.5686,0.4314
5,3.5,left-hand,0.6199,0.3801
5,3.5,right-hand,0.2861,0.7139
5,3.5,left-hand,0.9897,0.0103
5,3.5,left-hand,0.2321,0.7679
5,3.5,right-hand,0.243,0.757
5,3.5,left-hand,0.6379,0.3621
5,3.5,left-hand,0.9981,0.0019
5,3.5,right-hand,0.4426,0.5574
5,3.5,right-hand,0.2294,0.7706
5,3.5,left-hand,0.5474,0.4526
5,3.5,right-hand,0.6972,0.3028
5,3.5,left-hand,0.7697,0.2303
5,3.5,right-hand,0.1202,0.8798
5,3.5,left-hand,0.9861,0.0139
5,3.5,right-hand,0.0635,0.9365
