fold,tmin,true_label,left-hand,right-hand
1,3.5,left-hand,0.0767,0.9233
1,3.5,right-hand,0.6364,0.3636
1,3.5,left-hand,0.2231,0.7769
1,3.5,right-hand,0.9636,0.0364
1,3.5,right-hand,0.4192,0.5808
1,3.5,right-hand,0.4408,0.5592
1,3.5,left-hand,0.7215,0.2785
1,3.5,right-hand,0.8608,0.1392
1,3.5,right-hand,0.6069,0.3931
1,3.5,left-hand,0.8252,0.1748
1,3.5,right-hand,0.59,0.41
1,3.5,right-hand,0.1604,0.8396
1,3.5,left-hand,0.4749,0.5251
1,3.5,right-hand,0.3751,0.6249
1,3.5,left-hand,0.7027,0.2973
1,3.5,left-hand,0.7828,0.2172
1,3.5,left-hand,0.3588,0.6412
1,3.5,left-hand,0.8632,0.1368
1,3.5,right-hand,0.953,0.047
1,3.5,right-hand,0.509,0.491
1,3.5,left-hand,0.413,0.587
1,3.5,right-hand,0.6406,0.3594
1,3.5,left-hand,0.178,0.822
1,3.5,left-hand,0.6426,0.3574
1,3.5,right-hand,0.5885,0.4115
1,3.5,right-hand,0.4054,0.5946
1,3.5,right-hand,0.6946,0.3054
1,3.5,left-hand,0.2526,0.7474
1,3.5,left-hand,0.4323,0.5677
1,3.5,left-hand,0.4383,0.5617
1,3.5,right-hand,0.6299,0.3701
1,3.5,right-hand,0.6005,0.3995
1,3.5,right-hand,0.9071,0.0929
1,3.5,right-hand,0.4278,0.5722
1,3.5,left-hand,0.5351,0.4649
1,3.5,left-hand,0.6653,0.3347
1,3.5,right-hand,0.1801,0.8199
1,3.5,right-hand,0.3768,0.6232
1,3.5,left-hand,0.3138,0.6862
1,3.5,right-hand,0.9081,0.0919
1,3.5,left-hand,0.6863,0.3137
1,3.5,right-hand,0.8173,0.1827
1,3.5,left-hand,0.7817,0.2183
1,3.5,left-hand,0.8167,0.1833
1,3.5,right-hand,0.7395,0.2605
1,3.5,left-hand,0.8556,0.1444
1,3.5,left-hand,0.6261,0.3739
1,3.5,right-hand,0.7053,0.2947
1,3.5,right-hand,0.2636,0.7364
1,3.5,left-hand,0.6323,0.3677
1,3.5,right-hand,0.8618,0.1382
1,3.5,right-hand,0.2792,0.7208
1,3.5,left-hand,0.684,0.316
1,3.5,left-hand,0.6276,0.3724
1,3.5,left-hand,0.0574,0.9426
1,3.5,right-hand,0.6638,0.3362
1,3.5,right-hand,0.3185,0.6815
1,3.5,right-hand,0.8893,0.1107
1,3.5,left-hand,0.6237,0.3763
1,3.5,left-hand,0.7468,0.2532
1,3.5,left-hand,0.5172,0.4828
1,3.5,left-hand,0.4218,0.5782
1,3.5,left-hand,0.2485,0.7515
1,3.5,left-hand,0.7317,0.2683
1,3.5,left-hand,0.4458,0.5542
1,3.5,right-hand,0.8082,0.1918
1,3.5,left-hand,0.2889,0.7111
1,3.5,right-hand,0.5538,0.4462
1,3.5,left-hand,0.2221,0.7779
1,3.5,right-hand,0.7541,0.2459
1,3.5,left-hand,0.7339,0.2661
1,3.5,right-hand,0.4035,0.5965
1,3.5,left-hand,0.5906,0.4094
1,3.5,right-hand,0.9042,0.0958
1,3.5,left-hand,0.3694,0.6306
1,3.5,left-hand,0.5983,0.4017
1,3.5,left-hand,0.7713,0.2287
1,3.5,left-hand,0.6542,0.3458
1,3.5,right-hand,0.3278,0.6722
1,3.5,right-hand,0.4964,0.5036
1,3.5,right-hand,0.6213,0.3787
1,3.5,left-hand,0.4689,0.5311
1,3.5,left-hand,0.6075,0.3925
1,3.5,right-hand,0.7547,0.2453
1,3.5,left-hand,0.3301,0.6699
1,3.5,right-hand,0.3993,0.6007
1,3.5,right-hand,0.4859,0.5141
1,3.5,left-hand,0.7548,0.2452
1,3.5,left-hand,0.2369,0.7631
1,3.5,right-hand,0.2706,0.7294
1,3.5,right-hand,0.5286,0.4714
1,3.5,left-hand,0.8634,0.1366
1,3.5,left-hand,0.2713,0.7287
1,3.5,left-hand,0.7703,0.2297
1,3.5,left-hand,0.7001,0.2999
1,3.5,left-hand,0.4398,0.5602
1,3.5,right-hand,0.7692,0.2308
1,3.5,left-hand,0.4365,0.5635
1,3.5,right-hand,0.165,0.835
1,3.5,right-hand,0.2511,0.7489
1,3.5,right-hand,0.8226,0.1774
1,3.5,right-hand,0.7667,0.2333
1,3.5,right-hand,0.4706,0.5294
1,3.5,right-hand,0.2827,0.7173
1,3.5,right-hand,0.4619,0.5381
1,3.5,right-hand,0.1321,0.8679
1,3.5,right-hand,0.7871,0.2129
1,3.5,right-hand,0.3853,0.6147
1,3.5,left-hand,0.6747,0.3253
1,3.5,left-hand,0.5046,0.4954
1,3.5,right-hand,0.0734,0.9266
1,3.5,right-hand,0.4425,0.5575
1,3.5,right-hand,0.4012,0.5988
1,3.5,right-hand,0.5239,0.4761
1,3.5,right-hand,0.3747,0.6253
1,3.5,right-hand,0.2586,0.7414
1,3.5,left-hand,0.2712,0.7288
1,3.5,right-hand,0.1147,0.8853
1,3.5,left-hand,0.8348,0.1652
1,3.5,left-hand,0.6288,0.3712
1,3.5,left-hand,0.2233,0.7767
1,3.5,right-hand,0.4884,0.5116
1,3.5,right-hand,0.2927,0.7073
1,3.5,left-hand,0.066,0.934
1,3.5,right-hand,0.6665,0.3335
1,3.5,right-hand,0.6459,0.3541
1,3.5,right-hand,0.6267,0.3733
1,3.5,left-hand,0.4407,0.5593
1,3.5,left-hand,0.7681,0.2319
1,3.5,left-hand,0.4042,0.5958
1,3.5,left-hand,0.2366,0.7634
1,3.5,right-hand,0.0952,0.9048
1,3.5,left-hand,0.554,0.446
1,3.5,left-hand,0.5419,0.4581
1,3.5,left-hand,0.2777,0.7223
1,3.5,left-hand,0.4627,0.5373
2,3.5,right-hand,0.2103,0.7897
2,3.5,right-hand,0.7228,0.2772
2,3.5,left-hand,0.3087,0.6913
2,3.5,right-hand,0.8428,0.1572
2,3.5,right-hand,0.2486,0.7514
2,3.5,right-hand,0.533,0.467
2,3.5,right-hand,0.3742,0.6258
2,3.5,left-hand,0.8333,0.1667
2,3.5,left-hand,0.2133,0.7867
2,3.5,left-hand,0.3283,0.6717
2,3.5,left-hand,0.7387,0.2613
2,3.5,left-hand,0.1772,0.8228
2,3.5,right-hand,0.8985,0.1015
2,3.5,right-hand,0.8593,0.1407
2,3.5,right-hand,0.952,0.048
2,3.5,left-hand,0.503,0.497
2,3.5,right-hand,0.3893,0.6107
2,3.5,left-hand,0.7088,0.2912
2,3.5,left-hand,0.4493,0.5507
2,3.5,right-hand,0.1787,0.8213
2,3.5,left-hand,0.6966,0.3034
2,3.5,right-hand,0.2369,0.7631
2,3.5,right-hand,0.5174,0.4826
2,3.5,right-hand,0.7996,0.2004
2,3.5,left-hand,0.7681,0.2319
2,3.5,right-hand,0.7892,0.2108
2,3.5,right-hand,0.3673,0.6327
2,3.5,left-hand,0.4173,0.5827
2,3.5,left-hand,0.3789,0.6211
2,3.5,right-hand,0.7596,0.2404
2,3.5,right-hand,0.9049,0.0951
2,3.5,right-hand,0.807,0.193
2,3.5,left-hand,0.5342,0.4658
2,3.5,right-hand,0.5227,0.4773
2,3.5,left-hand,0.8096,0.1904
2,3.5,right-hand,0.6021,0.3979
2,3.5,right-hand,0.7616,0.2384
2,3.5,left-hand,0.5671,0.4329
2,3.5,left-hand,0.6024,0.3976
2,3.5,left-hand,0.6903,0.3097
2,3.5,left-hand,0.3722,0.6278
2,3.5,left-hand,0.3286,0.6714
2,3.5,left-hand,0.5961,0.4039
2,3.5,right-hand,0.9275,0.0725
2,3.5,left-hand,0.6305,0.3695
2,3.5,left-hand,0.8267,0.1733
2,3.5,right-hand,0.1391,0.8609
2,3.5,right-hand,0.7482,0.2518
2,3.5,left-hand,0.2049,0.7951
2,3.5,right-hand,0.8034,0.1966
2,3.5,left-hand,0.5919,0.4081
2,3.5,right-hand,0.445,0.555
2,3.5,left-hand,0.5298,0.4702
2,3.5,right-hand,0.8679,0.1321
2,3.5,right-hand,0.3846,0.6154
2,3.5,right-hand,0.3547,0.6453
2,3.5,left-hand,0.4885,0.5115
2,3.5,right-hand,0.0626,0.9374
2,3.5,right-hand,0.6658,0.3342
2,3.5,right-hand,0.6993,0.3007
2,3.5,left-hand,0.5328,0.4672
2,3.5,left-hand,0.2199,0.7801
2,3.5,right-hand,0.0963,0.9037
2,3.5,right-hand,0.4344,0.5656
2,3.5,left-hand,0.6595,0.3405
2,3.5,right-hand,0.572,0.428
2,3.5,left-hand,0.4223,0.5777
2,3.5,right-hand,0.5754,0.4246
2,3.5,left-hand,0.2529,0.7471
2,3.5,right-hand,0.7604,0.2396
2,3.5,right-hand,0.3924,0.6076
2,3.5,right-hand,0.4442,0.5558
2,3.5,right-hand,0.4258,0.5742
2,3.5,right-hand,0.3904,0.6096
2,3.5,left-hand,0.3702,0.6298
2,3.5,left-hand,0.2855,0.7145
2,3.5,left-hand,0.3672,0.6328
2,3.5,left-hand,0.6154,0.3846
2,3.5,left-hand,0.2723,0.7277
2,3.5,right-hand,0.7831,0.2169
2,3.5,right-hand,0.7742,0.2258
2,3.5,left-hand,0.5261,0.4739
2,3.5,right-hand,0.3238,0.6762
2,3.5,left-hand,0.5545,0.4455
2,3.5,left-hand,0.6112,0.3888
2,3.5,left-hand,0.3745,0.6255
2,3.5,left-hand,0.9187,0.0813
2,3.5,right-hand,0.4602,0.5398
2,3.5,left-hand,0.3688,0.6312
2,3.5,right-hand,0.288,0.712
2,3.5,right-hand,0.6724,0.3276
2,3.5,right-hand,0.6472,0.3528
2,3.5,right-hand,0.8814,0.1186
2,3.5,right-hand,0.4318,0.5682
2,3.5,left-hand,0.6066,0.3934
2,3.5,left-hand,0.7523,0.2477
2,3.5,left-hand,0.4711,0.5289
2,3.5,right-hand,0.4832,0.5168
2,3.5,right-hand,0.5283,0.4717
2,3.5,right-hand,0.6783,0.3217
2,3.5,left-hand,0.3892,0.6108
2,3.5,left-hand,0.5341,0.4659
2,3.5,left-hand,0.2832,0.7168
2,3.5,right-hand,0.2891,0.7109
2,3.5,right-hand,0.6822,0.3178
2,3.5,left-hand,0.2792,0.7208
2,3.5,left-hand,0.7017,0.2983
2,3.5,left-hand,0.4007,0.5993
2,3.5,left-hand,0.529,0.471
2,3.5,left-hand,0.1898,0.8102
2,3.5,left-hand,0.2004,0.7996
2,3.5,left-hand,0.238,0.762
2,3.5,left-hand,0.3275,0.6725
2,3.5,left-hand,0.6351,0.3649
2,3.5,left-hand,0.7519,0.2481
2,3.5,left-hand,0.0248,0.9752
2,3.5,right-hand,0.3521,0.6479
2,3.5,left-hand,0.5127,0.4873
2,3.5,left-hand,0.2055,0.7945
2,3.5,left-hand,0.7679,0.2321
2,3.5,right-hand,0.8258,0.1742
2,3.5,right-hand,0.2507,0.7493
2,3.5,right-hand,0.4254,0.5746
2,3.5,left-hand,0.0566,0.9434
2,3.5,left-hand,0.304,0.696
2,3.5,right-hand,0.883,0.117
2,3.5,left-hand,0.6098,0.3902
2,3.5,left-hand,0.4536,0.5464
2,3.5,right-hand,0.5335,0.4665
2,3.5,right-hand,0.52,0.48
2,3.5,right-hand,0.1405,0.8595
2,3.5,left-hand,0.4346,0.5654
2,3.5,right-hand,0.6111,0.3889
2,3.5,right-hand,0.1766,0.8234
2,3.5,right-hand,0.6558,0.3442
2,3.5,right-hand,0.652,0.348
3,3.5,left-hand,0.5064,0.4936
3,3.5,left-hand,0.2848,0.7152
3,3.5,left-hand,0.7064,0.2936
3,3.5,right-hand,0.3161,0.6839
3,3.5,left-hand,0.4838,0.5162
3,3.5,left-hand,0.2347,0.7653
3,3.5,right-hand,0.4399,0.5601
3,3.5,right-hand,0.9664,0.0336
3,3.5,left-hand,0.8999,0.1001
3,3.5,right-hand,0.6293,0.3707
3,3.5,right-hand,0.1764,0.8236
3,3.5,left-hand,0.6803,0.3197
3,3.5,right-hand,0.6093,0.3907
3,3.5,right-hand,0.5026,0.4974
3,3.5,left-hand,0.7857,0.2143
3,3.5,left-hand,0.145,0.855
3,3.5,left-hand,0.9245,0.0755
3,3.5,right-hand,0.4776,0.5224
3,3.5,left-hand,0.3316,0.6684
3,3.5,right-hand,0.7996,0.2004
3,3.5,right-hand,0.0447,0.9553
3,3.5,left-hand,0.6989,0.3011
3,3.5,right-hand,0.6877,0.3123
3,3.5,left-hand,0.7021,0.2979
3,3.5,left-hand,0.7469,0.2531
3,3.5,left-hand,0.6565,0.3435
3,3.5,right-hand,0.9009,0.0991
3,3.5,right-hand,0.8611,0.1389
3,3.5,right-hand,0.6026,0.3974
3,3.5,right-hand,0.8218,0.1782
3,3.5,left-hand,0.8921,0.1079
3,3.5,left-hand,0.5183,0.4817
3,3.5,right-hand,0.2861,0.7139
3,3.5,right-hand,0.5533,0.4467
3,3.5,left-hand,0.4569,0.5431
3,3.5,right-hand,0.6141,0.3859
3,3.5,left-hand,0.7042,0.2958
3,3.5,right-hand,0.7157,0.2843
3,3.5,right-hand,0.6838,0.3162
3,3.5,left-hand,0.7723,0.2277
3,3.5,left-hand,0.7321,0.2679
3,3.5,right-hand,0.3147,0.6853
3,3.5,right-hand,0.5522,0.4478
3,3.5,right-hand,0.8008,0.1992
3,3.5,left-hand,0.5825,0.4175
3,3.5,right-hand,0.602,0.398
3,3.5,left-hand,0.678,0.322
3,3.5,left-hand,0.1427,0.8573
3,3.5,right-hand,0.5966,0.4034
3,3.5,left-hand,0.7597,0.2403
3,3.5,right-hand,0.5265,0.4735
3,3.5,left-hand,0.386,0.614
3,3.5,right-hand,0.4476,0.5524
3,3.5,right-hand,0.3144,0.6856
3,3.5,right-hand,0.9203,0.0797
3,3.5,left-hand,0.8063,0.1937
3,3.5,left-hand,0.3631,0.6369
3,3.5,right-hand,0.7416,0.2584
3,3.5,right-hand,0.833,0.167
3,3.5,right-hand,0.6865,0.3135
3,3.5,left-hand,0.3,0.7
3,3.5,right-hand,0.6048,0.3952
3,3.5,right-hand,0.6902,0.3098
3,3.5,left-hand,0.6404,0.3596
3,3.5,left-hand,0.755,0.245
3,3.5,right-hand,0.6554,0.3446
3,3.5,left-hand,0.6767,0.3233
3,3.5,left-hand,0.1607,0.8393
3,3.5,right-hand,0.1831,0.8169
3,3.5,right-hand,0.5705,0.4295
3,3.5,right-hand,0.4384,0.5616
3,3.5,left-hand,0.5156,0.4844
3,3.5,right-hand,0.4954,0.5046
3,3.5,left-hand,0.5813,0.4187
3,3.5,left-hand,0.6317,0.3683
3,3.5,left-hand,0.2024,0.7976
3,3.5,right-hand,0.5405,0.4595
3,3.5,right-hand,0.9036,0.0964
3,3.5,left-hand,0.2182,0.7818
3,3.5,right-hand,0.8786,0.1214
3,3.5,left-hand,0.0674,0.9326
3,3.5,right-hand,0.5463,0.4537
3,3.5,right-hand,0.716,0.284
3,3.5,right-hand,0.322,0.678
3,3.5,left-hand,0.7773,0.2227
3,3.5,left-hand,0.6367,0.3633
3,3.5,left-hand,0.3597,0.6403
3,3.5,right-hand,0.093,0.907
3,3.5,left-hand,0.773,0.227
3,3.5,left-hand,0.7088,0.2912
3,3.5,left-hand,0.3701,0.6299
3,3.5,left-hand,0.1126,0.8874
3,3.5,right-hand,0.6068,0.3932
3,3.5,left-hand,0.3557,0.6443
3,3.5,right-hand,0.5069,0.4931
3,3.5,left-hand,0.3126,0.6874
3,3.5,right-hand,0.5541,0.4459
3,3.5,right-hand,0.7507,0.2493
3,3.5,right-hand,0.0574,0.9426
3,3.5,left-hand,0.6007,0.3993
3,3.5,left-hand,0.4318,0.5682
3,3.5,right-hand,0.258,0.742
3,3.5,right-hand,0.1369,0.8631
3,3.5,right-hand,0.7413,0.2587
3,3.5,left-hand,0.4037,0.5963
3,3.5,left-hand,0.6587,0.3413
3,3.5,right-hand,0.4075,0.5925
3,3.5,left-hand,0.0211,0.9789
3,3.5,left-hand,0.2483,0.7517
3,3.5,right-hand,0.7578,0.2422
3,3.5,right-hand,0.8676,0.1324
3,3.5,right-hand,0.329,0.671
3,3.5,left-hand,0.5986,0.4014
3,3.5,left-hand,0.7743,0.2257
3,3.5,left-hand,0.4527,0.5473
3,3.5,left-hand,0.181,0.819
3,3.5,left-hand,0.3789,0.6211
3,3.5,right-hand,0.7724,0.2276
3,3.5,right-hand,0.7552,0.2448
3,3.5,right-hand,0.5762,0.4238
3,3.5,right-hand,0.2585,0.7415
3,3.5,left-hand,0.3644,0.6356
3,3.5,right-hand,0.1007,0.8993
3,3.5,left-hand,0.4325,0.5675
3,3.5,right-hand,0.1635,0.8365
3,3.5,left-hand,0.5667,0.4333
3,3.5,left-hand,0.5251,0.4749
3,3.5,left-hand,0.5855,0.4145
3,3.5,right-hand,0.3757,0.6243
3,3.5,right-hand,0.068,0.932
3,3.5,right-hand,0.8033,0.1967
3,3.5,left-hand,0.8572,0.1428
3,3.5,left-hand,0.1752,0.8248
3,3.5,left-hand,0.5025,0.4975
3,3.5,right-hand,0.6945,0.3055
3,3.5,left-hand,0.4355,0.5645
4,3.5,left-hand,0.0923,0.9077
4,3.5,right-hand,0.3342,0.6658
4,3.5,left-hand,0.7704,0.2296
4,3.5,left-hand,0.2129,0.7871
4,3.5,right-hand,0.3316,0.6684
4,3.5,right-hand,0.7944,0.2056
4,3.5,right-hand,0.8365,0.1635
4,3.5,left-hand,0.4781,0.5219
4,3.5,left-hand,0.2573,0.7427
4,3.5,right-hand,0.69,0.31
4,3.5,left-hand,0.8006,0.1994
4,3.5,left-hand,0.4965,0.5035
4,3.5,left-hand,0.7549,0.2451
4,3.5,right-hand,0.3521,0.6479
4,3.5,left-hand,0.3788,0.6212
4,3.5,left-hand,0.8771,0.1229
4,3.5,left-hand,0.2504,0.7496
4,3.5,left-hand,0.6817,0.3183
4,3.5,left-hand,0.5552,0.4448
4,3.5,left-hand,0.9073,0.0927
4,3.5,right-hand,0.7809,0.2191
4,3.5,left-hand,0.3669,0.6331
4,3.5,left-hand,0.6383,0.3617
4,3.5,right-hand,0.9013,0.0987
4,3.5,left-hand,0.5085,0.4915
4,3.5,left-hand,0.6545,0.3455
4,3.5,left-hand,0.9416,0.0584
4,3.5,right-hand,0.3764,0.6236
4,3.5,right-hand,0.4268,0.5732
4,3.5,left-hand,0.7359,0.2641
4,3.5,right-hand,0.774,0.226
4,3.5,right-hand,0.8463,0.1537
4,3.5,right-hand,0.5371,0.4629
4,3.5,right-hand,0.739,0.261
4,3.5,right-hand,0.5613,0.4387
4,3.5,right-hand,0.5515,0.4485
4,3.5,left-hand,0.6886,0.3114
4,3.5,right-hand,0.1684,0.8316
4,3.5,left-hand,0.9798,0.0202
4,3.5,left-hand,0.7007,0.2993
4,3.5,left-hand,0.7375,0.2625
4,3.5,right-hand,0.1449,0.8551
4,3.5,left-hand,0.5798,0.4202
4,3.5,left-hand,0.3859,0.6141
4,3.5,right-hand,0.7366,0.2634
4,3.5,right-hand,0.6043,0.3957
4,3.5,left-hand,0.1955,0.8045
4,3.5,right-hand,0.303,0.697
4,3.5,right-hand,0.6214,0.3786
4,3.5,left-hand,0.5095,0.4905
4,3.5,left-hand,0.7455,0.2545
4,3.5,right-hand,0.4419,0.5581
4,3.5,left-hand,0.2731,0.7269
4,3.5,left-hand,0.2184,0.7816
4,3.5,left-hand,0.6593,0.3407
4,3.5,right-hand,0.8529,0.1471
4,3.5,left-hand,0.432,0.568
4,3.5,left-hand,0.495,0.505
4,3.5,left-hand,0.732,0.268
4,3.5,left-hand,0.7695,0.2305
4,3.5,right-hand,0.1677,0.8323
4,3.5,right-hand,0.6905,0.3095
4,3.5,right-hand,0.5029,0.4971
4,3.5,left-hand,0.856,0.144
4,3.5,left-hand,0.6707,0.3293
4,3.5,left-hand,0.5876,0.4124
4,3.5,right-hand,0.7294,0.2706
4,3.5,left-hand,0.7128,0.2872
4,3.5,right-hand,0.8424,0.1576
4,3.5,right-hand,0.3311,0.6689
4,3.5,left-hand,0.8187,0.1813
4,3.5,right-hand,0.6953,0.3047
4,3.5,left-hand,0.6192,0.3808
4,3.5,left-hand,0.3253,0.6747
4,3.5,right-hand,0.3916,0.6084
4,3.5,right-hand,0.4953,0.5047
4,3.5,right-hand,0.2672,0.7328
4,3.5,right-hand,0.3201,0.6799
4,3.5,right-hand,0.7958,0.2042
4,3.5,left-hand,0.7176,0.2824
4,3.5,right-hand,0.7543,0.2457
4,3.5,right-hand,0.4415,0.5585
4,3.5,left-hand,0.6483,0.3517
4,3.5,left-hand,0.4093,0.5907
4,3.5,right-hand,0.5765,0.4235
4,3.5,left-hand,0.739,0.261
4,3.5,right-hand,0.7033,0.2967
4,3.5,left-hand,0.6813,0.3187
4,3.5,right-hand,0.4871,0.5129
4,3.5,right-hand,0.3498,0.6502
4,3.5,right-hand,0.4169,0.5831
4,3.5,left-hand,0.3465,0.6535
4,3.5,left-hand,0.9126,0.0874
4,3.5,right-hand,0.8676,0.1324
4,3.5,right-hand,0.204,0.796
4,3.5,left-hand,0.3866,0.6134
4,3.5,right-hand,0.6341,0.3659
4,3.5,left-hand,0.5013,0.4987
4,3.5,left-hand,0.3871,0.6129
4,3.5,left-hand,0.2353,0.7647
4,3.5,right-hand,0.3619,0.6381
4,3.5,left-hand,0.1898,0.8102
4,3.5,left-hand,0.2497,0.7503
4,3.5,left-hand,0.7897,0.2103
4,3.5,left-hand,0.3767,0.6233
4,3.5,right-hand,0.3517,0.6483
4,3.5,right-hand,0.4547,0.5453
4,3.5,right-hand,0.5548,0.4452
4,3.5,left-hand,0.7832,0.2168
4,3.5,right-hand,0.1705,0.8295
4,3.5,right-hand,0.247,0.753
4,3.5,left-hand,0.3129,0.6871
4,3.5,right-hand,0.2268,0.7732
4,3.5,right-hand,0.8751,0.1249
4,3.5,right-hand,0.1411,0.8589
4,3.5,right-hand,0.6859,0.3141
4,3.5,left-hand,0.6184,0.3816
4,3.5,right-hand,0.3678,0.6322
4,3.5,right-hand,0.6488,0.3512
4,3.5,left-hand,0.3412,0.6588
4,3.5,right-hand,0.1624,0.8376
4,3.5,right-hand,0.4926,0.5074
4,3.5,left-hand,0.7264,0.2736
4,3.5,right-hand,0.4437,0.5563
4,3.5,right-hand,0.3635,0.6365
4,3.5,left-hand,0.8178,0.1822
4,3.5,right-hand,0.664,0.336
4,3.5,left-hand,0.8327,0.1673
4,3.5,right-hand,0.3666,0.6334
4,3.5,right-hand,0.6536,0.3464
4,3.5,left-hand,0.1748,0.8252
4,3.5,right-hand,0.5249,0.4751
4,3.5,left-hand,0.8367,0.1633
4,3.5,right-hand,0.1637,0.8363
4,3.5,left-hand,0.2618,0.7382
4,3.5,right-hand,0.5532,0.4468
5,3.5,right-hand,0.3867,0.6133
5,3.5,right-hand,0.8063,0.1937
5,3.5,left-hand,0.7729,0.2271
5,3.5,right-hand,0.537,0.463
5,3.5,left-hand,0.5049,0.4951
5,3.5,left-hand,0.5509,0.4491
5,3.5,right-hand,0.3102,0.6898
5,3.5,left-hand,0.0774,0.9226
5,3.5,left-hand,0.7418,0.2582
5,3.5,right-hand,0.3532,0.6468
5,3.5,left-hand,0.5403,0.4597
5,3.5,left-hand,0.6376,0.3624
5,3.5,left-hand,0.3423,0.6577
5,3.5,right-hand,0.7404,0.2596
5,3.5,left-hand,0.6525,0.3475
5,3.5,right-hand,0.8005,0.1995
5,3.5,left-hand,0.8888,0.1112
5,3.5,right-hand,0.3614,0.6386
5,3.5,right-hand,0.8206,0.1794
5,3.5,left-hand,0.3098,0.6902
5,3.5,left-hand,0.7816,0.2184
5,3.5,right-hand,0.4329,0.5671
5,3.5,right-hand,0.2871,0.7129
5,3.5,left-hand,0.5064,0.4936
5,3.5,right-hand,0.5485,0.4515
5,3.5,right-hand,0.4128,0.5872
5,3.5,left-hand,0.2354,0.7646
5,3.5,right-hand,0.376,0.624
5,3.5,right-hand,0.2964,0.7036
5,3.5,right-hand,0.6654,0.3346
5,3.5,right-hand,0.3147,0.6853
5,3.5,right-hand,0.7203,0.2797
5,3.5,left-hand,0.4973,0.5027
5,3.5,right-hand,0.1219,0.8781
5,3.5,right-hand,0.389,0.611
5,3.5,right-hand,0.0451,0.9549
5,3.5,left-hand,0.3065,0.6935
5,3.5,right-hand,0.6616,0.3384
5,3.5,left-hand,0.2365,0.7635
5,3.5,left-hand,0.0885,0.9115
5,3.5,right-hand,0.145,0.855
5,3.5,left-hand,0.6652,0.3348
5,3.5,left-hand,0.2567,0.7433
5,3.5,left-hand,0.1362,0.8638
5,3.5,right-hand,0.1588,0.8412
5,3.5,right-hand,0.0644,0.9356
5,3.5,left-hand,0.1014,0.8986
5,3.5,left-hand,0.3131,0.6869
5,3.5,left-hand,0.403,0.597
5,3.5,left-hand,0.8314,0.1686
5,3.5,left-hand,0.4098,0.5902
5,3.5,right-hand,0.6249,0.3751
5,3.5,right-hand,0.3288,0.6712
5,3.5,right-hand,0.1634,0.8366
5,3.5,left-hand,0.5407,0.4593
5,3.5,left-hand,0.4672,0.5328
5,3.5,right-hand,0.5654,0.4346
5,3.5,left-hand,0.2941,0.7059
5,3.5,left-hand,0.4685,0.5315
5,3.5,left-hand,0.2909,0.7091
5,3.5,right-hand,0.4005,0.5995
5,3.5,left-hand,0.518,0.482
5,3.5,right-hand,0.2489,0.7511
5,3.5,left-hand,0.4446,0.5554
5,3.5,right-hand,0.5358,0.4642
5,3.5,right-hand,0.6764,0.3236
5,3.5,left-hand,0.0502,0.9498
5,3.5,right-hand,0.6218,0.3782
5,3.5,left-hand,0.3567,0.6433
5,3.5,right-hand,0.2576,0.7424
5,3.5,right-hand,0.2757,0.7243
5,3.5,right-hand,0.2848,0.7152
5,3.5,left-hand,0.3166,0.6834
5,3.5,left-hand,0.1625,0.8375
5,3.5,right-hand,0.4086,0.5914
5,3.5,left-hand,0.3327,0.6673
5,3.5,right-hand,0.2825,0.7175
5,3.5,left-hand,0.2834,0.7166
5,3.5,right-hand,0.8003,0.1997
5,3.5,right-hand,0.6972,0.3028
5,3.5,right-hand,0.2946,0.7054
5,3.5,left-hand,0.49,0.51
5,3.5,left-hand,0.3967,0.6033
5,3.5,left-hand,0.5073,0.4927
5,3.5,right-hand,0.163,0.837
5,3.5,right-hand,0.6017,0.3983
5,3.5,right-hand,0.8847,0.1153
5,3.5,right-hand,0.574,0.426
5,3.5,right-hand,0.4915,0.5085
5,3.5,left-hand,0.9012,0.0988
5,3.5,left-hand,0.3545,0.6455
5,3.5,left-hand,0.2786,0.7214
5,3.5,left-hand,0.2063,0.7937
5,3.5,right-hand,0.5831,0.4169
5,3.5,left-hand,0.1817,0.8183
5,3.5,left-hand,0.8405,0.1595
5,3.5,left-hand,0.6301,0.3699
5,3.5,right-hand,0.7043,0.2957
5,3.5,right-hand,0.586,0.414
5,3.5,right-hand,0.3862,0.6138
5,3.5,right-hand,0.7129,0.2871
5,3.5,left-hand,0.6508,0.3492
5,3.5,left-hand,0.7841,0.2159
5,3.5,left-hand,0.2075,0.7925
5,3.5,right-hand,0.8041,0.1959
5,3.5,left-hand,0.7122,0.2878
5,3.5,right-hand,0.2463,0.7537
5,3.5,right-hand,0.783,0.217
5,3.5,right-hand,0.1589,0.8411
5,3.5,right-hand,0.5137,0.4863
5,3.5,right-hand,0.355,0.645
5,3.5,left-hand,0.7482,0.2518
5,3.5,left-hand,0.7389,0.2611
5,3.5,left-hand,0.1414,0.8586
5,3.5,left-hand,0.2,0.8
5,3.5,left-hand,0.1175,0.8825
5,3.5,right-hand,0.5888,0.4112
5,3.5,right-hand,0.9427,0.0573
5,3.5,left-hand,0.7151,0.2849
5,3.5,right-hand,0.9732,0.0268
5,3.5,right-hand,0.8147,0.1853
5,3.5,left-hand,0.5517,0.4483
5,3.5,left-hand,0.4012,0.5988
5,3.5,left-hand,0.8305,0.1695
5,3.5,right-hand,0.4898,0.5102
5,3.5,right-hand,0.3949,0.6051
5,3.5,right-hand,0.1491,0.8509
5,3.5,left-hand,0.2803,0.7197
5,3.5,left-hand,0.0758,0.9242
5,3.5,right-hand,0.4061,0.5939
5,3.5,right-hand,0.3259,0.6741
5,3.5,left-hand,0.1722,0.8278
5,3.5,right-hand,0.4585,0.5415
5,3.5,left-hand,0.224,0.776
5,3.5,left-hand,0.2149,0.7851
5,3.5,left-hand,0.414,0.586
