fold,tmin,true_label,left-hand,right-hand
1,2.5,left-hand,0.9626,0.0374
1,2.5,right-hand,0.002,0.998
1,2.5,left-hand,0.7475,0.2525
1,2.5,right-hand,0.003,0.997
1,2.5,left-hand,0.9572,0.0428
1,2.5,right-hand,0.0018,0.9982
1,2.5,left-hand,0.98,0.02
1,2.5,right-hand,0.001,0.999
1,2.5,left-hand,0.989,0.011
1,2.5,left-hand,0.9794,0.0206
1,2.5,left-hand,0.9968,0.0032
1,2.5,right-hand,0.0013,0.9987
1,2.5,left-hand,0.5387,0.4613
1,2.5,right-hand,0.0066,0.9934
1,2.5,right-hand,0.0324,0.9676
1,2.5,left-hand,0.9676,0.0324
1,2.5,left-hand,0.8846,0.1154
1,2.5,right-hand,0.0104,0.9896
1,2.5,right-hand,0.0195,0.9805
1,2.5,right-hand,0.0004,0.9996
1,2.5,right-hand,0.0537,0.9463
1,2.5,left-hand,0.9954,0.0046
1,2.5,left-hand,0.9961,0.0039
1,2.5,left-hand,0.9959,0.0041
1,2.5,left-hand,0.5702,0.4298
1,2.5,left-hand,0.9928,0.0072
1,2.5,right-hand,0.0529,0.9471
1,2.5,right-hand,0.7603,0.2397
1,2.5,left-hand,0.9967,0.0033
1,2.5,left-hand,0.7815,0.2185
1,2.5,right-hand,0.0776,0.9224
1,2.5,right-hand,0.1141,0.8859
1,2.5,right-hand,0.0531,0.9469
1,2.5,right-hand,0.0099,0.9901
1,2.5,left-hand,0.9926,0.0074
1,2.5,right-hand,0.0024,0.9976
1,2.5,left-hand,0.9973,0.0027
1,2.5,right-hand,0.0081,0.9919
1,2.5,left-hand,0.9976,0.0024
1,2.5,left-hand,0.3459,0.6541
1,2.5,right-hand,0.0021,0.9979
1,2.5,left-hand,0.9949,0.0051
1,2.5,left-hand,0.9993,0.0007
1,2.5,right-hand,0.0588,0.9412
1,2.5,left-hand,0.994,0.006
1,2.5,left-hand,0.9993,0.0007
1,2.5,right-hand,0.0032,0.9968
1,2.5,right-hand,0.0024,0.9976
1,2.5,right-hand,0.0173,0.9827
1,2.5,left-hand,0.9439,0.0561
1,2.5,right-hand,0.0031,0.9969
1,2.5,right-hand,0.8696,0.1304
1,2.5,left-hand,0.9959,0.0041
1,2.5,right-hand,0.0021,0.9979
1,2.5,right-hand,0.0023,0.9977
1,2.5,right-hand,0.3663,0.6337
1,2.5,left-hand,0.9958,0.0042
1,2.5,left-hand,0.994,0.006
2,2.5,right-hand,0.0031,0.9969
2,2.5,left-hand,0.997,0.003
2,2.5,right-hand,0.012,0.988
2,2.5,left-hand,0.9861,0.0139
2,2.5,right-hand,0.0075,0.9925
2,2.5,right-hand,0.0011,0.9989
2,2.5,right-hand,0.0052,0.9948
2,2.5,right-hand,0.0006,0.9994
2,2.5,right-hand,0.0151,0.9849
2,2.5,left-hand,0.9934,0.0066
2,2.5,left-hand,0.9889,0.0111
2,2.5,right-hand,0.0006,0.9994
2,2.5,left-hand,0.9936,0.0064
2,2.5,left-hand,0.9836,0.0164
2,2.5,right-hand,0.0155,0.9845
2,2.5,left-hand,0.9957,0.0043
2,2.5,left-hand,0.115,0.885
2,2.5,right-hand,0.0011,0.9989
2,2.5,left-hand,0.8775,0.1225
2,2.5,right-hand,0.1736,0.8264
2,2.5,right-hand,0.3952,0.6048
2,2.5,left-hand,0.0565,0.9435
2,2.5,right-hand,0.0176,0.9824
2,2.5,left-hand,0.975,0.025
2,2.5,left-hand,0.997,0.003
2,2.5,right-hand,0.1753,0.8247
2,2.5,right-hand,0.0082,0.9918
2,2.5,left-hand,0.9944,0.0056
2,2.5,left-hand,0.995,0.005
2,2.5,right-hand,0.0279,0.9721
2,2.5,right-hand,0.1515,0.8485
2,2.5,left-hand,0.9988,0.0012
2,2.5,left-hand,0.0113,0.9887
2,2.5,left-hand,0.9985,0.0015
2,2.5,left-hand,0.9968,0.0032
2,2.5,right-hand,0.0116,0.9884
2,2.5,right-hand,0.1326,0.8674
2,2.5,right-hand,0.1878,0.8122
2,2.5,right-hand,0.0816,0.9184
2,2.5,left-hand,0.9912,0.0088
2,2.5,left-hand,0.9975,0.0025
2,2.5,left-hand,0.9987,0.0013
2,2.5,left-hand,0.9985,0.0015
2,2.5,left-hand,0.999,0.001
2,2.5,right-hand,0.0228,0.9772
2,2.5,right-hand,0.0393,0.9607
2,2.5,left-hand,0.9863,0.0137
2,2.5,right-hand,0.023,0.977
2,2.5,left-hand,0.9985,0.0015
2,2.5,right-hand,0.002,0.998
2,2.5,left-hand,0.8664,0.1336
2,2.5,left-hand,0.9867,0.0133
2,2.5,left-hand,0.8977,0.1023
2,2.5,right-hand,0.9202,0.0798
2,2.5,left-hand,0.9253,0.0747
2,2.5,right-hand,0.2686,0.7314
2,2.5,right-hand,0.0025,0.9975
2,2.5,right-hand,0.0049,0.9951
3,2.5,right-hand,0.0256,0.9744
3,2.5,left-hand,0.9399,0.0601
3,2.5,left-hand,0.1485,0.8515
3,2.5,left-hand,0.9991,0.0009
3,2.5,left-hand,0.9963,0.0037
3,2.5,right-hand,0.0462,0.9538
3,2.5,right-hand,0.0503,0.9497
3,2.5,left-hand,0.8348,0.1652
3,2.5,right-hand,0.0132,0.9868
3,2.5,left-hand,0.8659,0.1341
3,2.5,left-hand,0.3296,0.6704
3,2.5,right-hand,0.0021,0.9979
3,2.5,right-hand,0.0599,0.9401
3,2.5,right-hand,0.0084,0.9916
3,2.5,right-hand,0.0032,0.9968
3,2.5,left-hand,0.8961,0.1039
3,2.5,left-hand,0.8532,0.1468
3,2.5,right-hand,0.0101,0.9899
3,2.5,left-hand,0.9919,0.0081
3,2.5,right-hand,0.0068,0.9932
3,2.5,left-hand,0.9926,0.0074
3,2.5,right-hand,0.1721,0.8279
3,2.5,right-hand,0.0029,0.9971
3,2.5,left-hand,0.9846,0.0154
3,2.5,left-hand,0.9879,0.0121
3,2.5,right-hand,0.047,0.953
3,2.5,left-hand,0.9387,0.0613
3,2.5,right-hand,0.0147,0.9853
3,2.5,right-hand,0.3162,0.6838
3,2.5,left-hand,0.8285,0.1715
3,2.5,left-hand,0.4204,0.5796
3,2.5,left-hand,0.9828,0.0172
3,2.5,right-hand,0.0229,0.9771
3,2.5,left-hand,0.9248,0.0752
3,2.5,left-hand,0.9883,0.0117
3,2.5,right-hand,0.049,0.951
3,2.5,left-hand,0.9802,0.0198
3,2.5,right-hand,0.1252,0.8748
3,2.5,left-hand,0.9796,0.0204
3,2.5,right-hand,0.0142,0.9858
3,2.5,right-hand,0.016,0.984
3,2.5,right-hand,0.3363,0.6637
3,2.5,left-hand,0.9872,0.0128
3,2.5,right-hand,0.0032,0.9968
3,2.5,left-hand,0.9453,0.0547
3,2.5,right-hand,0.8502,0.1498
3,2.5,left-hand,0.9798,0.0202
3,2.5,right-hand,0.021,0.979
3,2.5,left-hand,0.8828,0.1172
3,2.5,left-hand,0.9891,0.0109
3,2.5,right-hand,0.024,0.976
3,2.5,left-hand,0.9952,0.0048
3,2.5,right-hand,0.0008,0.9992
3,2.5,right-hand,0.0026,0.9974
3,2.5,right-hand,0.0057,0.9943
3,2.5,right-hand,0.0451,0.9549
3,2.5,left-hand,0.9965,0.0035
3,2.5,left-hand,0.9978,0.0022
4,2.5,left-hand,0.9955,0.0045
4,2.5,right-hand,0.009,0.991
4,2.5,right-hand,0.0024,0.9976
4,2.5,left-hand,0.9989,0.0011
4,2.5,left-hand,0.9927,0.0073
4,2.5,right-hand,0.0194,0.9806
4,2.5,left-hand,0.9684,0.0316
4,2.5,right-hand,0.0258,0.9742
4,2.5,left-hand,0.1474,0.8526
4,2.5,right-hand,0.0691,0.9309
4,2.5,left-hand,0.9988,0.0012
4,2.5,right-hand,0.0161,0.9839
4,2.5,left-hand,0.9988,0.0012
4,2.5,left-hand,0.9652,0.0348
4,2.5,left-hand,0.7863,0.2137
4,2.5,right-hand,0.1918,0.8082
4,2.5,right-hand,0.0268,0.9732
4,2.5,left-hand,0.9822,0.0178
4,2.5,left-hand,0.9138,0.0862
4,2.5,right-hand,0.1987,0.8013
4,2.5,left-hand,0.135,0.865
4,2.5,right-hand,0.0466,0.9534
4,2.5,right-hand,0.252,0.748
4,2.5,right-hand,0.0037,0.9963
4,2.5,right-hand,0.9672,0.0328
4,2.5,left-hand,0.9967,0.0033
4,2.5,right-hand,0.0012,0.9988
4,2.5,left-hand,0.997,0.003
4,2.5,right-hand,0.0736,0.9264
4,2.5,left-hand,0.8007,0.1993
4,2.5,left-hand,0.9871,0.0129
4,2.5,right-hand,0.1007,0.8993
4,2.5,right-hand,0.5957,0.4043
4,2.5,right-hand,0.3784,0.6216
4,2.5,left-hand,0.0542,0.9458
4,2.5,left-hand,0.993,0.007
4,2.5,right-hand,0.004,0.996
4,2.5,left-hand,0.9715,0.0285
4,2.5,right-hand,0.9737,0.0263
4,2.5,right-hand,0.0393,0.9607
4,2.5,right-hand,0.7783,0.2217
4,2.5,right-hand,0.0036,0.9964
4,2.5,left-hand,0.9944,0.0056
4,2.5,left-hand,0.996,0.004
4,2.5,right-hand,0.0014,0.9986
4,2.5,left-hand,0.9723,0.0277
4,2.5,right-hand,0.0549,0.9451
4,2.5,left-hand,0.9977,0.0023
4,2.5,left-hand,0.9976,0.0024
4,2.5,left-hand,0.6638,0.3362
4,2.5,left-hand,0.9971,0.0029
4,2.5,right-hand,0.3464,0.6536
4,2.5,right-hand,0.0029,0.9971
4,2.5,right-hand,0.2085,0.7915
4,2.5,left-hand,0.9969,0.0031
4,2.5,left-hand,0.942,0.058
4,2.5,left-hand,0.9985,0.0015
5,2.5,left-hand,0.9976,0.0024
5,2.5,right-hand,0.0018,0.9982
5,2.5,right-hand,0.0027,0.9973
5,2.5,right-hand,0.0024,0.9976
5,2.5,left-hand,0.7872,0.2128
5,2.5,left-hand,0.9986,0.0014
5,2.5,left-hand,0.99,0.01
5,2.5,left-hand,0.994,0.006
5,2.5,left-hand,0.9992,0.0008
5,2.5,right-hand,0.9644,0.0356
5,2.5,right-hand,0.0008,0.9992
5,2.5,right-hand,0.0179,0.9821
5,2.5,left-hand,0.276,0.724
5,2.5,right-hand,0.0058,0.9942
5,2.5,left-hand,0.3266,0.6734
5,2.5,right-hand,0.5318,0.4682
5,2.5,right-hand,0.0351,0.9649
5,2.5,right-hand,0.0011,0.9989
5,2.5,right-hand,0.218,0.782
5,2.5,right-hand,0.0043,0.9957
5,2.5,left-hand,0.9644,0.0356
5,2.5,right-hand,0.068,0.932
5,2.5,right-hand,0.0025,0.9975
5,2.5,left-hand,0.9878,0.0122
5,2.5,left-hand,0.4542,0.5458
5,2.5,left-hand,0.9464,0.0536
5,2.5,left-hand,0.025,0.975
5,2.5,left-hand,0.9948,0.0052
5,2.5,right-hand,0.0085,0.9915
5,2.5,left-hand,0.9436,0.0564
5,2.5,right-hand,0.0108,0.9892
5,2.5,right-hand,0.9775,0.0225
5,2.5,left-hand,0.9985,0.0015
5,2.5,left-hand,0.2352,0.7648
5,2.5,left-hand,0.9857,0.0143
5,2.5,right-hand,0.0731,0.9269
5,2.5,left-hand,0.8809,0.1191
5,2.5,right-hand,0.0099,0.9901
5,2.5,right-hand,0.0967,0.9033
5,2.5,left-hand,0.9964,0.0036
5,2.5,right-hand,0.2697,0.7303
5,2.5,right-hand,0.55,0.45
5,2.5,left-hand,0.9967,0.0033
5,2.5,right-hand,0.0979,0.9021
5,2.5,right-hand,0.0555,0.9445
5,2.5,left-hand,0.9994,0.0006
5,2.5,left-hand,0.9978,0.0022
5,2.5,left-hand,0.1337,0.8663
5,2.5,left-hand,0.9672,0.0328
5,2.5,right-hand,0.0243,0.9757
5,2.5,right-hand,0.1481,0.8519
5,2.5,left-hand,0.9845,0.0155
5,2.5,right-hand,0.2121,0.7879
5,2.5,right-hand,0.0025,0.9975
5,2.5,left-hand,0.9479,0.0521
5,2.5,left-hand,0.9846,0.0154
5,2.5,right-hand,0.0154,0.9846
