fold,tmin,true_label,left-hand,right-hand
1,3.5,right-hand,0.1211,0.8789
1,3.5,right-hand,0.5219,0.4781
1,3.5,right-hand,0.0139,0.9861
1,3.5,left-hand,0.7252,0.2748
1,3.5,right-hand,0.4766,0.5234
1,3.5,right-hand,0.0603,0.9397
1,3.5,right-hand,0.0005,0.9995
1,3.5,left-hand,0.6588,0.3412
1,3.5,left-hand,0.4633,0.5367
1,3.5,right-hand,0.0088,0.9912
1,3.5,right-hand,0.0109,0.9891
1,3.5,left-hand,0.6681,0.3319
1,3.5,right-hand,0.0023,0.9977
1,3.5,right-hand,0.0348,0.9652
1,3.5,left-hand,0.2179,0.7821
1,3.5,right-hand,0.1312,0.8688
1,3.5,right-hand,0.0053,0.9947
1,3.5,left-hand,0.2752,0.7248
1,3.5,left-hand,0.2391,0.7609
1,3.5,left-hand,0.5806,0.4194
1,3.5,left-hand,0.8316,0.1684
1,3.5,right-hand,0.2307,0.7693
1,3.5,right-hand,0.0226,0.9774
1,3.5,left-hand,0.9083,0.0917
1,3.5,right-hand,0.6066,0.3934
1,3.5,right-hand,0.9303,0.0697
1,3.5,left-hand,0.6029,0.3971
1,3.5,right-hand,0.4007,0.5993
1,3.5,right-hand,0.1987,0.8013
1,3.5,right-hand,0.4987,0.5013
1,3.5,left-hand,0.7355,0.2645
1,3.5,left-hand,0.9961,0.0039
1,3.5,left-hand,0.6859,0.3141
1,3.5,left-hand,0.9778,0.0222
1,3.5,right-hand,0.3902,0.6098
1,3.5,right-hand,0.1561,0.8439
1,3.5,right-hand,0.0484,0.9516
1,3.5,left-hand,0.9666,0.0334
1,3.5,left-hand,1.0,0.0
1,3.5,left-hand,0.9947,0.0053
1,3.5,left-hand,0.9077,0.0923
1,3.5,right-hand,0.2726,0.7274
1,3.5,right-hand,0.502,0.498
1,3.5,left-hand,0.9843,0.0157
1,3.5,right-hand,0.4405,0.5595
1,3.5,left-hand,0.9971,0.0029
1,3.5,left-hand,0.18,0.82
1,3.5,left-hand,0.36,0.64
1,3.5,left-hand,0.9994,0.0006
1,3.5,right-hand,0.2316,0.7684
1,3.5,right-hand,0.0542,0.9458
1,3.5,left-hand,0.569,0.431
1,3.5,left-hand,0.8345,0.1655
1,3.5,left-hand,0.929,0.071
1,3.5,right-hand,0.6365,0.3635
1,3.5,right-hand,0.1351,0.8649
1,3.5,right-hand,0.5042,0.4958
1,3.5,left-hand,0.9004,0.0996
1,3.5,right-hand,0.0404,0.9596
1,3.5,right-hand,0.03,0.97
1,3.5,left-hand,0.9904,0.0096
1,3.5,left-hand,0.9985,0.0015
1,3.5,left-hand,0.2925,0.7075
1,3.5,right-hand,0.0205,0.9795
1,3.5,left-hand,0.9201,0.0799
1,3.5,right-hand,0.2182,0.7818
1,3.5,right-hand,0.2026,0.7974
1,3.5,right-hand,0.0083,0.9917
1,3.5,right-hand,0.0159,0.9841
1,3.5,left-hand,0.8373,0.1627
1,3.5,left-hand,0.9996,0.0004
1,3.5,left-hand,0.8229,0.1771
1,3.5,left-hand,0.8361,0.1639
1,3.5,left-hand,0.8177,0.1823
1,3.5,left-hand,0.2075,0.7925
1,3.5,right-hand,0.4691,0.5309
1,3.5,right-hand,0.2024,0.7976
1,3.5,left-hand,0.9534,0.0466
1,3.5,left-hand,0.9867,0.0133
1,3.5,left-hand,0.9974,0.0026
1,3.5,left-hand,0.9147,0.0853
1,3.5,right-hand,0.1093,0.8907
1,3.5,left-hand,0.2964,0.7036
1,3.5,right-hand,0.0429,0.9571
1,3.5,left-hand,1.0,0.0
1,3.5,right-hand,0.1052,0.8948
1,3.5,left-hand,0.5244,0.4756
1,3.5,right-hand,0.6009,0.3991
1,3.5,right-hand,0.7156,0.2844
1,3.5,right-hand,0.0091,0.9909
1,3.5,right-hand,0.008,0.992
1,3.5,right-hand,0.9966,0.0034
1,3.5,right-hand,0.2657,0.7343
1,3.5,left-hand,0.9162,0.0838
1,3.5,left-hand,1.0,0.0
1,3.5,right-hand,0.0097,0.9903
1,3.5,left-hand,0.9868,0.0132
1,3.5,left-hand,0.9576,0.0424
1,3.5,left-hand,0.9412,0.0588
1,3.5,left-hand,0.999,0.001
1,3.5,left-hand,0.9506,0.0494
1,3.5,right-hand,0.4308,0.5692
1,3.5,left-hand,0.9418,0.0582
1,3.5,left-hand,0.3811,0.6189
1,3.5,left-hand,0.9964,0.0036
1,3.5,left-hand,0.9886,0.0114
1,3.5,right-hand,0.5995,0.4005
1,3.5,left-hand,0.5878,0.4122
1,3.5,left-hand,0.9564,0.0436
1,3.5,right-hand,0.3507,0.6493
1,3.5,right-hand,0.1654,0.8346
1,3.5,right-hand,0.7589,0.2411
1,3.5,left-hand,0.9138,0.0862
1,3.5,left-hand,0.9096,0.0904
1,3.5,left-hand,0.9924,0.0076
1,3.5,right-hand,0.1001,0.8999
1,3.5,right-hand,0.2648,0.7352
1,3.5,right-hand,0.2563,0.7437
1,3.5,right-hand,0.2318,0.7682
1,3.5,right-hand,0.5339,0.4661
1,3.5,right-hand,0.3159,0.6841
1,3.5,left-hand,0.8728,0.1272
1,3.5,left-hand,0.9957,0.0043
1,3.5,right-hand,0.1928,0.8072
1,3.5,left-hand,0.9826,0.0174
1,3.5,right-hand,0.4334,0.5666
1,3.5,right-hand,0.1041,0.8959
1,3.5,right-hand,0.9237,0.0763
1,3.5,right-hand,0.0072,0.9928
1,3.5,right-hand,0.1083,0.8917
1,3.5,right-hand,0.7727,0.2273
1,3.5,left-hand,0.8518,0.1482
1,3.5,right-hand,0.1331,0.8669
1,3.5,right-hand,0.3338,0.6662
1,3.5,right-hand,0.2424,0.7576
1,3.5,left-hand,0.9597,0.0403
1,3.5,right-hand,0.9462,0.0538
1,3.5,left-hand,0.7139,0.2861
1,3.5,left-hand,0.9,0.1
1,3.5,left-hand,0.9792,0.0208
1,3.5,right-hand,0.1673,0.8327
1,3.5,left-hand,0.9882,0.0118
1,3.5,left-hand,0.978,0.022
1,3.5,left-hand,0.9855,0.0145
1,3.5,right-hand,0.006,0.994
1,3.5,right-hand,0.826,0.174
1,3.5,left-hand,0.9507,0.0493
1,3.5,left-hand,0.6216,0.3784
2,3.5,left-hand,0.9012,0.0988
2,3.5,right-hand,0.947,0.053
2,3.5,right-hand,0.0097,0.9903
2,3.5,left-hand,0.4665,0.5335
2,3.5,right-hand,0.1384,0.8616
2,3.5,left-hand,0.9904,0.0096
2,3.5,left-hand,0.0115,0.9885
2,3.5,left-hand,0.984,0.016
2,3.5,left-hand,0.983,0.017
2,3.5,right-hand,0.0997,0.9003
2,3.5,left-hand,0.1732,0.8268
2,3.5,right-hand,0.7381,0.2619
2,3.5,right-hand,0.0004,0.9996
2,3.5,right-hand,0.0363,0.9637
2,3.5,left-hand,0.1595,0.8405
2,3.5,left-hand,0.7485,0.2515
2,3.5,right-hand,0.0007,0.9993
2,3.5,right-hand,0.0079,0.9921
2,3.5,right-hand,0.9416,0.0584
2,3.5,left-hand,0.2825,0.7175
2,3.5,left-hand,0.8261,0.1739
2,3.5,right-hand,0.1207,0.8793
2,3.5,right-hand,0.0598,0.9402
2,3.5,right-hand,0.1354,0.8646
2,3.5,right-hand,0.9321,0.0679
2,3.5,right-hand,0.8811,0.1189
2,3.5,left-hand,0.8681,0.1319
2,3.5,left-hand,0.2835,0.7165
2,3.5,right-hand,0.4314,0.5686
2,3.5,right-hand,0.0002,0.9998
2,3.5,left-hand,0.9219,0.0781
2,3.5,right-hand,0.0747,0.9253
2,3.5,right-hand,0.0154,0.9846
2,3.5,left-hand,0.5215,0.4785
2,3.5,right-hand,0.1164,0.8836
2,3.5,right-hand,0.7948,0.2052
2,3.5,right-hand,0.9996,0.0004
2,3.5,right-hand,0.844,0.156
2,3.5,left-hand,0.9986,0.0014
2,3.5,left-hand,0.5299,0.4701
2,3.5,left-hand,0.903,0.097
2,3.5,left-hand,0.9997,0.0003
2,3.5,right-hand,0.0092,0.9908
2,3.5,right-hand,0.0082,0.9918
2,3.5,left-hand,0.9999,0.0001
2,3.5,right-hand,0.6869,0.3131
2,3.5,left-hand,0.9955,0.0045
2,3.5,right-hand,0.9863,0.0137
2,3.5,right-hand,0.73,0.27
2,3.5,left-hand,0.7885,0.2115
2,3.5,right-hand,0.9569,0.0431
2,3.5,left-hand,0.9226,0.0774
2,3.5,right-hand,0.1465,0.8535
2,3.5,right-hand,0.8812,0.1188
2,3.5,right-hand,0.615,0.385
2,3.5,left-hand,1.0,0.0
2,3.5,left-hand,0.9932,0.0068
2,3.5,right-hand,0.0817,0.9183
2,3.5,right-hand,0.0245,0.9755
2,3.5,right-hand,0.3839,0.6161
2,3.5,right-hand,0.0052,0.9948
2,3.5,right-hand,0.0048,0.9952
2,3.5,right-hand,0.0002,0.9998
2,3.5,left-hand,0.8373,0.1627
2,3.5,left-hand,0.9443,0.0557
2,3.5,left-hand,0.9995,0.0005
2,3.5,right-hand,0.0982,0.9018
2,3.5,right-hand,0.0223,0.9777
2,3.5,left-hand,0.7012,0.2988
2,3.5,right-hand,0.1302,0.8698
2,3.5,left-hand,0.9821,0.0179
2,3.5,left-hand,0.9757,0.0243
2,3.5,left-hand,0.856,0.144
2,3.5,right-hand,0.005,0.995
2,3.5,left-hand,0.8845,0.1155
2,3.5,right-hand,0.7721,0.2279
2,3.5,right-hand,0.135,0.865
2,3.5,left-hand,0.9668,0.0332
2,3.5,left-hand,1.0,0.0
2,3.5,right-hand,0.3837,0.6163
2,3.5,right-hand,0.0007,0.9993
2,3.5,left-hand,0.9725,0.0275
2,3.5,right-hand,0.0165,0.9835
2,3.5,left-hand,0.8771,0.1229
2,3.5,right-hand,0.0458,0.9542
2,3.5,right-hand,0.1953,0.8047
2,3.5,left-hand,0.9874,0.0126
2,3.5,right-hand,0.6636,0.3364
2,3.5,right-hand,0.4931,0.5069
2,3.5,right-hand,0.8387,0.1613
2,3.5,left-hand,0.9425,0.0575
2,3.5,left-hand,0.9881,0.0119
2,3.5,left-hand,0.9989,0.0011
2,3.5,right-hand,0.1229,0.8771
2,3.5,left-hand,0.9985,0.0015
2,3.5,left-hand,0.9872,0.0128
2,3.5,left-hand,0.5776,0.4224
2,3.5,right-hand,0.8163,0.1837
2,3.5,left-hand,0.851,0.149
2,3.5,right-hand,0.2186,0.7814
2,3.5,left-hand,0.9524,0.0476
2,3.5,left-hand,0.9665,0.0335
2,3.5,left-hand,0.9887,0.0113
2,3.5,left-hand,0.3371,0.6629
2,3.5,right-hand,0.8973,0.1027
2,3.5,right-hand,0.7433,0.2567
2,3.5,right-hand,0.0057,0.9943
2,3.5,right-hand,0.1564,0.8436
2,3.5,right-hand,0.2991,0.7009
2,3.5,left-hand,0.9797,0.0203
2,3.5,left-hand,0.9998,0.0002
2,3.5,right-hand,0.7017,0.2983
2,3.5,right-hand,0.9649,0.0351
2,3.5,right-hand,0.0883,0.9117
2,3.5,left-hand,0.6254,0.3746
2,3.5,left-hand,0.9708,0.0292
2,3.5,left-hand,0.9999,0.0001
2,3.5,left-hand,0.7773,0.2227
2,3.5,left-hand,0.9723,0.0277
2,3.5,left-hand,0.6298,0.3702
2,3.5,left-hand,1.0,0.0
2,3.5,right-hand,0.1867,0.8133
2,3.5,left-hand,0.9806,0.0194
2,3.5,left-hand,0.9278,0.0722
2,3.5,left-hand,0.9448,0.0552
2,3.5,right-hand,0.0583,0.9417
2,3.5,right-hand,0.2217,0.7783
2,3.5,left-hand,0.8694,0.1306
2,3.5,left-hand,0.6339,0.3661
2,3.5,right-hand,0.3707,0.6293
2,3.5,left-hand,0.9194,0.0806
2,3.5,left-hand,0.5497,0.4503
2,3.5,left-hand,1.0,0.0
2,3.5,right-hand,0.5131,0.4869
2,3.5,left-hand,0.9978,0.0022
2,3.5,left-hand,0.9934,0.0066
2,3.5,left-hand,0.9956,0.0044
2,3.5,left-hand,0.6732,0.3268
2,3.5,left-hand,0.9662,0.0338
2,3.5,right-hand,0.0217,0.9783
2,3.5,right-hand,0.3666,0.6334
2,3.5,right-hand,0.2673,0.7327
2,3.5,right-hand,0.0519,0.9481
2,3.5,left-hand,0.361,0.639
2,3.5,left-hand,0.9966,0.0034
2,3.5,left-hand,0.9989,0.0011
2,3.5,right-hand,0.2146,0.7854
2,3.5,right-hand,0.4747,0.5253
3,3.5,left-hand,0.3372,0.6628
3,3.5,left-hand,0.1027,0.8973
3,3.5,right-hand,0.0029,0.9971
3,3.5,right-hand,0.1463,0.8537
3,3.5,left-hand,0.2322,0.7678
3,3.5,left-hand,0.4395,0.5605
3,3.5,left-hand,0.7285,0.2715
3,3.5,right-hand,0.0315,0.9685
3,3.5,right-hand,0.1157,0.8843
3,3.5,right-hand,0.0107,0.9893
3,3.5,right-hand,0.0059,0.9941
3,3.5,left-hand,0.1422,0.8578
3,3.5,right-hand,0.0001,0.9999
3,3.5,right-hand,0.2407,0.7593
3,3.5,left-hand,0.1303,0.8697
3,3.5,left-hand,0.1313,0.8687
3,3.5,right-hand,0.1263,0.8737
3,3.5,left-hand,0.8687,0.1313
3,3.5,left-hand,0.0209,0.9791
3,3.5,left-hand,0.6719,0.3281
3,3.5,left-hand,0.0405,0.9595
3,3.5,left-hand,0.9509,0.0491
3,3.5,left-hand,0.2409,0.7591
3,3.5,left-hand,0.9712,0.0288
3,3.5,right-hand,0.1839,0.8161
3,3.5,right-hand,0.0248,0.9752
3,3.5,left-hand,0.2673,0.7327
3,3.5,right-hand,0.2082,0.7918
3,3.5,right-hand,0.0079,0.9921
3,3.5,left-hand,1.0,0.0
3,3.5,left-hand,0.9913,0.0087
3,3.5,right-hand,0.2441,0.7559
3,3.5,right-hand,0.1642,0.8358
3,3.5,left-hand,0.839,0.161
3,3.5,left-hand,1.0,0.0
3,3.5,right-hand,0.7521,0.2479
3,3.5,left-hand,0.1495,0.8505
3,3.5,right-hand,0.0081,0.9919
3,3.5,right-hand,0.0001,0.9999
3,3.5,left-hand,0.9884,0.0116
3,3.5,left-hand,0.9977,0.0023
3,3.5,right-hand,0.1187,0.8813
3,3.5,left-hand,1.0,0.0
3,3.5,right-hand,0.003,0.997
3,3.5,left-hand,0.9991,0.0009
3,3.5,right-hand,0.6955,0.3045
3,3.5,right-hand,0.8953,0.1047
3,3.5,right-hand,0.2615,0.7385
3,3.5,left-hand,0.9894,0.0106
3,3.5,right-hand,0.6905,0.3095
3,3.5,left-hand,0.1332,0.8668
3,3.5,right-hand,0.4111,0.5889
3,3.5,left-hand,0.9984,0.0016
3,3.5,left-hand,0.7239,0.2761
3,3.5,right-hand,0.1131,0.8869
3,3.5,right-hand,0.0,1.0
3,3.5,left-hand,0.8793,0.1207
3,3.5,left-hand,0.6826,0.3174
3,3.5,left-hand,0.9985,0.0015
3,3.5,right-hand,0.142,0.858
3,3.5,right-hand,0.0054,0.9946
3,3.5,left-hand,0.085,0.915
3,3.5,left-hand,0.9511,0.0489
3,3.5,right-hand,0.0127,0.9873
3,3.5,right-hand,0.3771,0.6229
3,3.5,left-hand,0.997,0.003
3,3.5,right-hand,0.0894,0.9106
3,3.5,right-hand,0.1152,0.8848
3,3.5,left-hand,0.6661,0.3339
3,3.5,left-hand,0.3038,0.6962
3,3.5,right-hand,0.6651,0.3349
3,3.5,right-hand,0.0384,0.9616
3,3.5,right-hand,0.0575,0.9425
3,3.5,right-hand,0.504,0.496
3,3.5,left-hand,0.9993,0.0007
3,3.5,right-hand,0.006,0.994
3,3.5,left-hand,0.7924,0.2076
3,3.5,right-hand,0.003,0.997
3,3.5,left-hand,0.8343,0.1657
3,3.5,right-hand,0.0281,0.9719
3,3.5,left-hand,0.935,0.065
3,3.5,left-hand,0.9857,0.0143
3,3.5,left-hand,0.9961,0.0039
3,3.5,left-hand,0.998,0.002
3,3.5,left-hand,0.9885,0.0115
3,3.5,left-hand,0.9927,0.0073
3,3.5,left-hand,0.9994,0.0006
3,3.5,right-hand,0.0536,0.9464
3,3.5,right-hand,0.1709,0.8291
3,3.5,left-hand,0.9955,0.0045
3,3.5,right-hand,0.0045,0.9955
3,3.5,left-hand,0.9959,0.0041
3,3.5,right-hand,0.5736,0.4264
3,3.5,right-hand,0.4774,0.5226
3,3.5,right-hand,0.0172,0.9828
3,3.5,right-hand,0.0906,0.9094
3,3.5,right-hand,0.811,0.189
3,3.5,left-hand,0.9125,0.0875
3,3.5,left-hand,0.9377,0.0623
3,3.5,left-hand,0.9853,0.0147
3,3.5,right-hand,0.0053,0.9947
3,3.5,left-hand,0.9999,0.0001
3,3.5,left-hand,0.2726,0.7274
3,3.5,left-hand,0.96,0.04
3,3.5,left-hand,0.8338,0.1662
3,3.5,right-hand,0.1144,0.8856
3,3.5,right-hand,0.0074,0.9926
3,3.5,right-hand,0.7178,0.2822
3,3.5,right-hand,0.0532,0.9468
3,3.5,left-hand,0.8123,0.1877
3,3.5,left-hand,0.9952,0.0048
3,3.5,left-hand,0.9952,0.0048
3,3.5,right-hand,0.1009,0.8991
3,3.5,left-hand,0.907,0.093
3,3.5,right-hand,0.8489,0.1511
3,3.5,left-hand,0.7287,0.2713
3,3.5,right-hand,0.0596,0.9404
3,3.5,right-hand,0.2118,0.7882
3,3.5,right-hand,0.7639,0.2361
3,3.5,left-hand,0.8792,0.1208
3,3.5,left-hand,0.4288,0.5712
3,3.5,left-hand,0.9996,0.0004
3,3.5,right-hand,0.5569,0.4431
3,3.5,right-hand,0.6965,0.3035
3,3.5,right-hand,0.048,0.952
3,3.5,right-hand,0.8263,0.1737
3,3.5,right-hand,0.0166,0.9834
3,3.5,right-hand,0.0439,0.9561
3,3.5,left-hand,0.8816,0.1184
3,3.5,right-hand,0.8823,0.1177
3,3.5,right-hand,0.1929,0.8071
3,3.5,left-hand,0.9715,0.0285
3,3.5,right-hand,0.4928,0.5072
3,3.5,right-hand,0.1565,0.8435
3,3.5,right-hand,0.1352,0.8648
3,3.5,left-hand,0.9022,0.0978
3,3.5,left-hand,0.4367,0.5633
3,3.5,right-hand,0.1027,0.8973
3,3.5,left-hand,0.969,0.031
3,3.5,right-hand,0.1898,0.8102
3,3.5,left-hand,0.3461,0.6539
3,3.5,left-hand,0.9927,0.0073
3,3.5,left-hand,0.5178,0.4822
3,3.5,right-hand,0.0392,0.9608
3,3.5,left-hand,0.7641,0.2359
3,3.5,right-hand,0.1682,0.8318
3,3.5,right-hand,0.5739,0.4261
3,3.5,left-hand,0.3446,0.6554
4,3.5,left-hand,0.324,0.676
4,3.5,left-hand,0.1741,0.8259
4,3.5,right-hand,0.0142,0.9858
4,3.5,right-hand,0.0089,0.9911
4,3.5,right-hand,0.5487,0.4513
4,3.5,right-hand,0.002,0.998
4,3.5,left-hand,0.1653,0.8347
4,3.5,left-hand,0.8744,0.1256
4,3.5,right-hand,0.4571,0.5429
4,3.5,right-hand,0.2425,0.7575
4,3.5,right-hand,0.0004,0.9996
4,3.5,left-hand,0.9967,0.0033
4,3.5,left-hand,0.0745,0.9255
4,3.5,right-hand,0.0878,0.9122
4,3.5,right-hand,0.0709,0.9291
4,3.5,left-hand,0.8866,0.1134
4,3.5,left-hand,0.8302,0.1698
4,3.5,left-hand,0.0172,0.9828
4,3.5,left-hand,0.9445,0.0555
4,3.5,left-hand,0.4441,0.5559
4,3.5,right-hand,0.0001,0.9999
4,3.5,right-hand,0.0861,0.9139
4,3.5,left-hand,0.287,0.713
4,3.5,left-hand,0.1676,0.8324
4,3.5,left-hand,0.048,0.952
4,3.5,right-hand,0.4184,0.5816
4,3.5,right-hand,0.3941,0.6059
4,3.5,left-hand,0.9914,0.0086
4,3.5,left-hand,0.3123,0.6877
4,3.5,left-hand,0.8844,0.1156
4,3.5,left-hand,0.014,0.986
4,3.5,right-hand,0.0047,0.9953
4,3.5,right-hand,0.0346,0.9654
4,3.5,right-hand,0.0432,0.9568
4,3.5,right-hand,0.8768,0.1232
4,3.5,right-hand,0.0075,0.9925
4,3.5,left-hand,0.9997,0.0003
4,3.5,left-hand,0.7326,0.2674
4,3.5,left-hand,0.8453,0.1547
4,3.5,left-hand,0.1066,0.8934
4,3.5,right-hand,0.0045,0.9955
4,3.5,left-hand,0.9638,0.0362
4,3.5,right-hand,0.0081,0.9919
4,3.5,right-hand,0.0048,0.9952
4,3.5,left-hand,0.6634,0.3366
4,3.5,right-hand,0.2562,0.7438
4,3.5,left-hand,0.9297,0.0703
4,3.5,left-hand,0.9737,0.0263
4,3.5,left-hand,0.9659,0.0341
4,3.5,left-hand,0.9542,0.0458
4,3.5,right-hand,0.6537,0.3463
4,3.5,right-hand,0.0156,0.9844
4,3.5,right-hand,0.0129,0.9871
4,3.5,left-hand,0.9785,0.0215
4,3.5,right-hand,0.8446,0.1554
4,3.5,right-hand,0.8974,0.1026
4,3.5,left-hand,0.9072,0.0928
4,3.5,left-hand,0.8434,0.1566
4,3.5,left-hand,0.9872,0.0128
4,3.5,right-hand,0.4225,0.5775
4,3.5,left-hand,0.9685,0.0315
4,3.5,left-hand,0.9859,0.0141
4,3.5,left-hand,0.9425,0.0575
4,3.5,right-hand,0.9248,0.0752
4,3.5,left-hand,0.533,0.467
4,3.5,left-hand,0.9735,0.0265
4,3.5,left-hand,0.9923,0.0077
4,3.5,right-hand,0.0414,0.9586
4,3.5,right-hand,0.8735,0.1265
4,3.5,right-hand,0.0244,0.9756
4,3.5,right-hand,0.003,0.997
4,3.5,left-hand,0.9886,0.0114
4,3.5,left-hand,1.0,0.0
4,3.5,left-hand,0.8346,0.1654
4,3.5,right-hand,0.655,0.345
4,3.5,left-hand,0.8635,0.1365
4,3.5,right-hand,0.0001,0.9999
4,3.5,left-hand,0.8229,0.1771
4,3.5,right-hand,0.0183,0.9817
4,3.5,right-hand,0.1479,0.8521
4,3.5,right-hand,0.0767,0.9233
4,3.5,left-hand,0.9914,0.0086
4,3.5,right-hand,0.0682,0.9318
4,3.5,left-hand,0.6354,0.3646
4,3.5,right-hand,0.8139,0.1861
4,3.5,right-hand,0.7721,0.2279
4,3.5,left-hand,0.9516,0.0484
4,3.5,right-hand,0.4531,0.5469
4,3.5,right-hand,0.438,0.562
4,3.5,left-hand,1.0,0.0
4,3.5,right-hand,0.7992,0.2008
4,3.5,right-hand,0.092,0.908
4,3.5,right-hand,0.9505,0.0495
4,3.5,right-hand,0.1395,0.8605
4,3.5,right-hand,1.0,0.0
4,3.5,left-hand,0.9892,0.0108
4,3.5,left-hand,0.9925,0.0075
4,3.5,right-hand,0.9483,0.0517
4,3.5,right-hand,0.238,0.762
4,3.5,right-hand,0.6888,0.3112
4,3.5,right-hand,0.5616,0.4384
4,3.5,left-hand,0.918,0.082
4,3.5,left-hand,0.9965,0.0035
4,3.5,right-hand,0.0587,0.9413
4,3.5,left-hand,0.9849,0.0151
4,3.5,left-hand,0.9706,0.0294
4,3.5,left-hand,0.9921,0.0079
4,3.5,left-hand,0.9974,0.0026
4,3.5,left-hand,0.9962,0.0038
4,3.5,right-hand,0.0622,0.9378
4,3.5,left-hand,0.9542,0.0458
4,3.5,left-hand,0.9896,0.0104
4,3.5,right-hand,0.5166,0.4834
4,3.5,left-hand,0.9899,0.0101
4,3.5,right-hand,0.901,0.099
4,3.5,right-hand,0.9938,0.0062
4,3.5,left-hand,0.9999,0.0001
4,3.5,right-hand,0.0569,0.9431
4,3.5,right-hand,0.0968,0.9032
4,3.5,right-hand,0.0712,0.9288
4,3.5,left-hand,0.9811,0.0189
4,3.5,left-hand,0.2889,0.7111
4,3.5,right-hand,0.2016,0.7984
4,3.5,left-hand,0.319,0.681
4,3.5,left-hand,0.9919,0.0081
4,3.5,right-hand,0.7359,0.2641
4,3.5,left-hand,0.8648,0.1352
4,3.5,left-hand,0.8905,0.1095
4,3.5,right-hand,0.8045,0.1955
4,3.5,left-hand,0.2099,0.7901
4,3.5,left-hand,0.6245,0.3755
4,3.5,left-hand,0.9401,0.0599
4,3.5,right-hand,0.0199,0.9801
4,3.5,right-hand,0.9895,0.0105
4,3.5,right-hand,0.0219,0.9781
4,3.5,right-hand,0.021,0.979
4,3.5,left-hand,0.9822,0.0178
4,3.5,right-hand,0.9297,0.0703
4,3.5,left-hand,0.9989,0.0011
4,3.5,right-hand,0.0989,0.9011
4,3.5,right-hand,0.1167,0.8833
4,3.5,left-hand,0.2712,0.7288
4,3.5,right-hand,0.0028,0.9972
4,3.5,right-hand,0.5291,0.4709
4,3.5,right-hand,0.3168,0.6832
4,3.5,left-hand,0.5942,0.4058
4,3.5,left-hand,0.9888,0.0112
4,3.5,right-hand,0.1811,0.8189
5,3.5,right-hand,0.0344,0.9656
5,3.5,left-hand,0.564,0.436
5,3.5,left-hand,0.9251,0.0749
5,3.5,right-hand,0.493,0.507
5,3.5,right-hand,0.6099,0.3901
5,3.5,left-hand,0.2592,0.7408
5,3.5,left-hand,0.4305,0.5695
5,3.5,left-hand,0.2989,0.7011
5,3.5,right-hand,0.0022,0.9978
5,3.5,left-hand,0.1291,0.8709
5,3.5,left-hand,0.6283,0.3717
5,3.5,left-hand,0.7682,0.2318
5,3.5,right-hand,0.0813,0.9187
5,3.5,left-hand,0.5586,0.4414
5,3.5,left-hand,0.4807,0.5193
5,3.5,right-hand,0.0231,0.9769
5,3.5,left-hand,0.1846,0.8154
5,3.5,right-hand,0.0088,0.9912
5,3.5,left-hand,0.5606,0.4394
5,3.5,right-hand,0.0332,0.9668
5,3.5,right-hand,0.0292,0.9708
5,3.5,left-hand,0.9449,0.0551
5,3.5,right-hand,0.8335,0.1665
5,3.5,right-hand,0.3673,0.6327
5,3.5,left-hand,0.5943,0.4057
5,3.5,right-hand,0.1372,0.8628
5,3.5,left-hand,0.8905,0.1095
5,3.5,right-hand,0.1927,0.8073
5,3.5,left-hand,0.6733,0.3267
5,3.5,right-hand,0.0163,0.9837
5,3.5,left-hand,0.7218,0.2782
5,3.5,right-hand,0.3582,0.6418
5,3.5,left-hand,0.3849,0.6151
5,3.5,left-hand,0.9915,0.0085
5,3.5,left-hand,0.8895,0.1105
5,3.5,left-hand,0.6553,0.3447
5,3.5,left-hand,0.6269,0.3731
5,3.5,right-hand,0.1568,0.8432
5,3.5,right-hand,0.0085,0.9915
5,3.5,right-hand,0.1909,0.8091
5,3.5,left-hand,0.3417,0.6583
5,3.5,right-hand,0.0047,0.9953
5,3.5,left-hand,0.714,0.286
5,3.5,right-hand,0.443,0.557
5,3.5,left-hand,0.5109,0.4891
5,3.5,right-hand,0.0141,0.9859
5,3.5,right-hand,0.0485,0.9515
5,3.5,right-hand,0.057,0.943
5,3.5,right-hand,0.2452,0.7548
5,3.5,right-hand,0.3859,0.6141
5,3.5,left-hand,0.9664,0.0336
5,3.5,right-hand,0.0236,0.9764
5,3.5,left-hand,1.0,0.0
5,3.5,left-hand,0.9977,0.0023
5,3.5,right-hand,0.3457,0.6543
5,3.5,left-hand,0.9102,0.0898
5,3.5,left-hand,0.2329,0.7671
5,3.5,left-hand,0.8935,0.1065
5,3.5,right-hand,0.1678,0.8322
5,3.5,right-hand,0.8509,0.1491
5,3.5,left-hand,0.6859,0.3141
5,3.5,right-hand,0.3634,0.6366
5,3.5,right-hand,0.3538,0.6462
5,3.5,right-hand,0.0939,0.9061
5,3.5,left-hand,0.705,0.295
5,3.5,right-hand,0.1788,0.8212
5,3.5,right-hand,0.019,0.981
5,3.5,left-hand,0.4639,0.5361
5,3.5,left-hand,0.9793,0.0207
5,3.5,right-hand,0.0817,0.9183
5,3.5,left-hand,0.957,0.043
5,3.5,left-hand,0.996,0.004
5,3.5,right-hand,0.0149,0.9851
5,3.5,right-hand,0.3027,0.6973
5,3.5,left-hand,0.4111,0.5889
5,3.5,left-hand,0.414,0.586
5,3.5,right-hand,0.1291,0.8709
5,3.5,right-hand,0.6653,0.3347
5,3.5,right-hand,0.1072,0.8928
5,3.5,right-hand,0.0532,0.9468
5,3.5,right-hand,0.1629,0.8371
5,3.5,right-hand,0.2235,0.7765
5,3.5,left-hand,0.9962,0.0038
5,3.5,left-hand,0.5535,0.4465
5,3.5,left-hand,0.9025,0.0975
5,3.5,left-hand,0.9413,0.0587
5,3.5,left-hand,0.9044,0.0956
5,3.5,left-hand,0.9813,0.0187
5,3.5,left-hand,0.6018,0.3982
5,3.5,right-hand,0.0187,0.9813
5,3.5,right-hand,0.0536,0.9464
5,3.5,left-hand,0.9935,0.0065
5,3.5,right-hand,0.4015,0.5985
5,3.5,left-hand,0.9766,0.0234
5,3.5,right-hand,0.6526,0.3474
5,3.5,right-hand,0.827,0.173
5,3.5,left-hand,0.9975,0.0025
5,3.5,right-hand,0.5525,0.4475
5,3.5,left-hand,0.9362,0.0638
5,3.5,left-hand,0.9638,0.0362
5,3.5,right-hand,0.5964,0.4036
5,3.5,left-hand,0.985,0.015
5,3.5,left-hand,0.9742,0.0258
5,3.5,right-hand,0.4708,0.5292
5,3.5,right-hand,0.0258,0.9742
5,3.5,right-hand,0.7238,0.2762
5,3.5,left-hand,0.6949,0.3051
5,3.5,left-hand,0.9957,0.0043
5,3.5,left-hand,0.9869,0.0131
5,3.5,right-hand,0.1299,0.8701
5,3.5,right-hand,0.0968,0.9032
5,3.5,left-hand,0.9922,0.0078
5,3.5,left-hand,0.9943,0.0057
5,3.5,right-hand,0.9472,0.0528
5,3.5,right-hand,0.466,0.534
5,3.5,right-hand,0.4478,0.5522
5,3.5,left-hand,0.9285,0.0715
5,3.5,right-hand,0.0107,0.9893
5,3.5,right-hand,0.4664,0.5336
5,3.5,right-hand,0.1077,0.8923
5,3.5,right-hand,0.2624,0.7376
5,3.5,left-hand,0.9027,0.0973
5,3.5,left-hand,0.7414,0.2586
5,3.5,left-hand,0.833,0.167
5,3.5,left-hand,0.9511,0.0489
5,3.5,right-hand,0.4184,0.5816
5,3.5,right-hand,0.0608,0.9392
5,3.5,left-hand,0.9551,0.0449
5,3.5,left-hand,0.9681,0.0319
5,3.5,right-hand,0.1671,0.8329
5,3.5,right-hand,0.2452,0.7548
5,3.5,right-hand,0.1198,0.8802
5,3.5,right-hand,0.2618,0.7382
5,3.5,left-hand,0.9959,0.0041
5,3.5,right-hand,0.1629,0.8371
5,3.5,left-hand,0.9298,0.0702
5,3.5,left-hand,0.9718,0.0282
5,3.5,left-hand,0.8249,0.1751
5,3.5,left-hand,0.9621,0.0379
5,3.5,right-hand,0.2271,0.7729
5,3.5,right-hand,0.0356,0.9644
5,3.5,left-hand,0.9708,0.0292
5,3.5,right-hand,0.0485,0.9515
5,3.5,left-hand,0.7668,0.2332
5,3.5,right-hand,0.3079,0.6921
5,3.5,left-hand,0.9823,0.0177
5,3.5,left-hand,0.9835,0.0165
5,3.5,right-hand,0.2549,0.7451
