fold,tmin,true_label,left-hand,right-hand
1,3.5,left-hand,0.1187,0.8813
1,3.5,left-hand,0.9933,0.0067
1,3.5,left-hand,0.5385,0.4615
1,3.5,right-hand,0.0001,0.9999
1,3.5,left-hand,0.9922,0.0078
1,3.5,left-hand,0.9907,0.0093
1,3.5,right-hand,0.9468,0.0532
1,3.5,left-hand,0.1963,0.8037
1,3.5,right-hand,0.0142,0.9858
1,3.5,left-hand,0.9477,0.0523
1,3.5,left-hand,0.8563,0.1437
1,3.5,right-hand,0.5084,0.4916
1,3.5,left-hand,0.9604,0.0396
1,3.5,left-hand,0.996,0.004
1,3.5,right-hand,0.0289,0.9711
1,3.5,right-hand,0.0083,0.9917
1,3.5,right-hand,0.1176,0.8824
1,3.5,left-hand,0.3065,0.6935
1,3.5,right-hand,0.0106,0.9894
1,3.5,left-hand,0.7768,0.2232
1,3.5,right-hand,0.0037,0.9963
1,3.5,left-hand,0.8437,0.1563
1,3.5,right-hand,0.7602,0.2398
1,3.5,left-hand,0.8878,0.1122
1,3.5,left-hand,0.948,0.052
1,3.5,left-hand,0.1295,0.8705
1,3.5,left-hand,0.5175,0.4825
1,3.5,right-hand,0.0104,0.9896
1,3.5,left-hand,0.998,0.002
1,3.5,left-hand,1.0,0.0
1,3.5,right-hand,0.006,0.994
1,3.5,right-hand,0.0003,0.9997
1,3.5,right-hand,0.0631,0.9369
1,3.5,right-hand,0.0222,0.9778
1,3.5,left-hand,0.1584,0.8416
1,3.5,left-hand,0.7185,0.2815
1,3.5,left-hand,0.998,0.002
1,3.5,right-hand,0.435,0.565
1,3.5,right-hand,0.8021,0.1979
1,3.5,left-hand,0.954,0.046
1,3.5,right-hand,0.0131,0.9869
1,3.5,right-hand,0.0344,0.9656
1,3.5,right-hand,0.097,0.903
1,3.5,left-hand,0.9991,0.0009
1,3.5,left-hand,0.9897,0.0103
1,3.5,right-hand,0.0038,0.9962
1,3.5,right-hand,0.0616,0.9384
1,3.5,right-hand,0.0051,0.9949
1,3.5,right-hand,0.4834,0.5166
1,3.5,left-hand,0.8559,0.1441
1,3.5,left-hand,0.4372,0.5628
1,3.5,right-hand,0.0187,0.9813
1,3.5,right-hand,0.0003,0.9997
1,3.5,left-hand,0.2101,0.7899
1,3.5,right-hand,0.0309,0.9691
1,3.5,left-hand,0.9132,0.0868
1,3.5,left-hand,0.0711,0.9289
1,3.5,right-hand,0.2008,0.7992
1,3.5,left-hand,0.8139,0.1861
1,3.5,right-hand,0.157,0.843
1,3.5,right-hand,0.0046,0.9954
1,3.5,left-hand,0.214,0.786
1,3.5,right-hand,0.0106,0.9894
1,3.5,left-hand,0.9748,0.0252
1,3.5,right-hand,0.0,1.0
1,3.5,right-hand,0.0065,0.9935
1,3.5,left-hand,0.9812,0.0188
1,3.5,left-hand,0.9986,0.0014
1,3.5,left-hand,0.7472,0.2528
1,3.5,left-hand,0.9741,0.0259
1,3.5,right-hand,0.0388,0.9612
1,3.5,right-hand,0.0009,0.9991
1,3.5,right-hand,0.0,1.0
1,3.5,right-hand,0.4362,0.5638
1,3.5,right-hand,0.0002,0.9998
1,3.5,left-hand,0.8735,0.1265
1,3.5,right-hand,0.0007,0.9993
1,3.5,left-hand,0.113,0.887
1,3.5,right-hand,0.0038,0.9962
1,3.5,right-hand,0.0059,0.9941
1,3.5,right-hand,0.3024,0.6976
1,3.5,right-hand,0.9948,0.0052
1,3.5,right-hand,0.0002,0.9998
1,3.5,left-hand,0.843,0.157
1,3.5,left-hand,0.9922,0.0078
1,3.5,left-hand,0.9285,0.0715
1,3.5,right-hand,0.0,1.0
1,3.5,left-hand,0.9598,0.0402
1,3.5,left-hand,0.9956,0.0044
1,3.5,left-hand,0.9844,0.0156
1,3.5,left-hand,0.998,0.002
1,3.5,left-hand,0.9252,0.0748
1,3.5,left-hand,0.2093,0.7907
1,3.5,right-hand,0.0001,0.9999
1,3.5,right-hand,0.0,1.0
1,3.5,left-hand,0.9811,0.0189
1,3.5,right-hand,0.0,1.0
1,3.5,right-hand,0.0,1.0
1,3.5,right-hand,0.0,1.0
1,3.5,right-hand,0.0004,0.9996
1,3.5,right-hand,0.196,0.804
1,3.5,left-hand,0.9945,0.0055
1,3.5,right-hand,0.0012,0.9988
1,3.5,right-hand,0.0432,0.9568
1,3.5,right-hand,0.2172,0.7828
1,3.5,right-hand,0.1353,0.8647
1,3.5,left-hand,0.5186,0.4814
1,3.5,right-hand,0.0,1.0
1,3.5,right-hand,0.005,0.995
1,3.5,left-hand,0.9876,0.0124
1,3.5,left-hand,0.0717,0.9283
1,3.5,left-hand,0.9073,0.0927
1,3.5,right-hand,0.0005,0.9995
1,3.5,left-hand,0.8909,0.1091
1,3.5,right-hand,0.0018,0.9982
1,3.5,right-hand,0.0024,0.9976
1,3.5,left-hand,0.3869,0.6131
1,3.5,left-hand,0.0163,0.9837
1,3.5,left-hand,0.0305,0.9695
1,3.5,left-hand,0.9948,0.0052
1,3.5,left-hand,0.9889,0.0111
1,3.5,right-hand,0.8722,0.1278
1,3.5,right-hand,0.0598,0.9402
1,3.5,left-hand,0.0842,0.9158
1,3.5,right-hand,0.1063,0.8937
1,3.5,left-hand,0.7958,0.2042
1,3.5,left-hand,0.9444,0.0556
1,3.5,left-hand,0.435,0.565
1,3.5,left-hand,0.491,0.509
1,3.5,left-hand,0.5666,0.4334
1,3.5,left-hand,0.9448,0.0552
1,3.5,right-hand,0.0002,0.9998
1,3.5,left-hand,0.9852,0.0148
1,3.5,right-hand,0.0003,0.9997
1,3.5,left-hand,0.9901,0.0099
1,3.5,right-hand,0.2306,0.7694
1,3.5,right-hand,0.0005,0.9995
1,3.5,right-hand,0.0144,0.9856
1,3.5,left-hand,0.7944,0.2056
1,3.5,left-hand,0.8346,0.1654
1,3.5,left-hand,0.8563,0.1437
1,3.5,right-hand,0.004,0.996
1,3.5,right-hand,0.0,1.0
1,3.5,right-hand,0.0435,0.9565
1,3.5,left-hand,0.7435,0.2565
1,3.5,left-hand,0.2628,0.7372
1,3.5,right-hand,0.1001,0.8999
1,3.5,right-hand,0.1976,0.8024
2,3.5,left-hand,0.9929,0.0071
2,3.5,left-hand,0.9307,0.0693
2,3.5,right-hand,0.0014,0.9986
2,3.5,right-hand,0.1169,0.8831
2,3.5,left-hand,0.9577,0.0423
2,3.5,right-hand,0.0735,0.9265
2,3.5,right-hand,0.0092,0.9908
2,3.5,right-hand,0.0008,0.9992
2,3.5,left-hand,0.8088,0.1912
2,3.5,right-hand,0.278,0.722
2,3.5,right-hand,0.0001,0.9999
2,3.5,left-hand,0.9145,0.0855
2,3.5,left-hand,0.9985,0.0015
2,3.5,left-hand,0.9395,0.0605
2,3.5,right-hand,0.0009,0.9991
2,3.5,right-hand,0.0057,0.9943
2,3.5,left-hand,0.2794,0.7206
2,3.5,left-hand,0.4804,0.5196
2,3.5,left-hand,0.6223,0.3777
2,3.5,right-hand,0.0015,0.9985
2,3.5,left-hand,0.126,0.874
2,3.5,right-hand,0.8215,0.1785
2,3.5,left-hand,0.9969,0.0031
2,3.5,left-hand,0.1743,0.8257
2,3.5,left-hand,0.987,0.013
2,3.5,left-hand,0.7322,0.2678
2,3.5,right-hand,0.995,0.005
2,3.5,right-hand,0.0472,0.9528
2,3.5,left-hand,0.9806,0.0194
2,3.5,left-hand,0.9726,0.0274
2,3.5,right-hand,0.4198,0.5802
2,3.5,left-hand,0.9375,0.0625
2,3.5,left-hand,0.9934,0.0066
2,3.5,left-hand,0.9752,0.0248
2,3.5,left-hand,0.9966,0.0034
2,3.5,left-hand,0.9986,0.0014
2,3.5,right-hand,0.9304,0.0696
2,3.5,left-hand,0.9669,0.0331
2,3.5,right-hand,0.4451,0.5549
2,3.5,right-hand,0.1011,0.8989
2,3.5,left-hand,0.0036,0.9964
2,3.5,right-hand,0.0731,0.9269
2,3.5,right-hand,0.0,1.0
2,3.5,left-hand,0.8465,0.1535
2,3.5,right-hand,0.0004,0.9996
2,3.5,left-hand,0.9938,0.0062
2,3.5,right-hand,0.4149,0.5851
2,3.5,left-hand,0.764,0.236
2,3.5,left-hand,0.954,0.046
2,3.5,left-hand,0.7648,0.2352
2,3.5,right-hand,0.1219,0.8781
2,3.5,right-hand,0.5878,0.4122
2,3.5,left-hand,0.5709,0.4291
2,3.5,right-hand,0.0039,0.9961
2,3.5,left-hand,0.9846,0.0154
2,3.5,left-hand,0.8468,0.1532
2,3.5,right-hand,0.0876,0.9124
2,3.5,left-hand,0.968,0.032
2,3.5,left-hand,0.0024,0.9976
2,3.5,left-hand,0.7137,0.2863
2,3.5,left-hand,0.9916,0.0084
2,3.5,right-hand,0.0523,0.9477
2,3.5,right-hand,0.0,1.0
2,3.5,left-hand,0.9873,0.0127
2,3.5,right-hand,0.0201,0.9799
2,3.5,left-hand,0.9947,0.0053
2,3.5,left-hand,0.8993,0.1007
2,3.5,left-hand,0.8724,0.1276
2,3.5,right-hand,0.0014,0.9986
2,3.5,left-hand,0.9979,0.0021
2,3.5,right-hand,0.3495,0.6505
2,3.5,right-hand,0.0002,0.9998
2,3.5,right-hand,0.0003,0.9997
2,3.5,left-hand,0.9264,0.0736
2,3.5,right-hand,0.033,0.967
2,3.5,left-hand,0.9732,0.0268
2,3.5,left-hand,0.4404,0.5596
2,3.5,right-hand,0.0132,0.9868
2,3.5,right-hand,0.056,0.944
2,3.5,right-hand,0.0,1.0
2,3.5,left-hand,0.4513,0.5487
2,3.5,left-hand,0.9429,0.0571
2,3.5,left-hand,0.996,0.004
2,3.5,right-hand,0.0008,0.9992
2,3.5,left-hand,0.9994,0.0006
2,3.5,left-hand,0.9498,0.0502
2,3.5,left-hand,0.4358,0.5642
2,3.5,left-hand,0.8407,0.1593
2,3.5,right-hand,0.0,1.0
2,3.5,left-hand,0.696,0.304
2,3.5,right-hand,0.0007,0.9993
2,3.5,right-hand,0.0017,0.9983
2,3.5,right-hand,0.0,1.0
2,3.5,right-hand,0.0,1.0
2,3.5,left-hand,0.912,0.088
2,3.5,right-hand,0.1148,0.8852
2,3.5,right-hand,0.0006,0.9994
2,3.5,right-hand,0.0,1.0
2,3.5,right-hand,0.0,1.0
2,3.5,left-hand,0.9494,0.0506
2,3.5,left-hand,0.0085,0.9915
2,3.5,right-hand,0.0,1.0
2,3.5,right-hand,0.0,1.0
2,3.5,right-hand,0.0,1.0
2,3.5,left-hand,0.9972,0.0028
2,3.5,left-hand,0.306,0.694
2,3.5,left-hand,0.8935,0.1065
2,3.5,left-hand,0.8267,0.1733
2,3.5,left-hand,0.9574,0.0426
2,3.5,right-hand,0.0009,0.9991
2,3.5,left-hand,0.2787,0.7213
2,3.5,right-hand,0.0,1.0
2,3.5,left-hand,0.9876,0.0124
2,3.5,left-hand,0.8493,0.1507
2,3.5,right-hand,0.0063,0.9937
2,3.5,right-hand,0.2014,0.7986
2,3.5,right-hand,0.3376,0.6624
2,3.5,right-hand,0.004,0.996
2,3.5,right-hand,0.0001,0.9999
2,3.5,right-hand,0.0988,0.9012
2,3.5,right-hand,0.0597,0.9403
2,3.5,right-hand,0.0002,0.9998
2,3.5,right-hand,0.0005,0.9995
2,3.5,left-hand,0.9965,0.0035
2,3.5,right-hand,0.045,0.955
2,3.5,left-hand,0.4354,0.5646
2,3.5,right-hand,0.0,1.0
2,3.5,right-hand,0.0006,0.9994
2,3.5,left-hand,0.9889,0.0111
2,3.5,right-hand,0.0529,0.9471
2,3.5,right-hand,0.0016,0.9984
2,3.5,right-hand,0.9781,0.0219
2,3.5,left-hand,0.9919,0.0081
2,3.5,right-hand,0.7568,0.2432
2,3.5,left-hand,0.8296,0.1704
2,3.5,right-hand,0.1591,0.8409
2,3.5,right-hand,0.0188,0.9812
2,3.5,right-hand,0.0067,0.9933
2,3.5,right-hand,0.0048,0.9952
2,3.5,left-hand,0.0474,0.9526
2,3.5,left-hand,0.9418,0.0582
2,3.5,left-hand,0.9761,0.0239
2,3.5,left-hand,0.9736,0.0264
2,3.5,right-hand,0.0019,0.9981
2,3.5,right-hand,0.3442,0.6558
2,3.5,right-hand,0.034,0.966
2,3.5,left-hand,0.8927,0.1073
2,3.5,left-hand,0.9908,0.0092
3,3.5,right-hand,0.0713,0.9287
3,3.5,right-hand,0.9632,0.0368
3,3.5,left-hand,0.9248,0.0752
3,3.5,left-hand,0.9935,0.0065
3,3.5,right-hand,0.0198,0.9802
3,3.5,left-hand,0.0874,0.9126
3,3.5,right-hand,0.7148,0.2852
3,3.5,left-hand,0.3918,0.6082
3,3.5,left-hand,0.9993,0.0007
3,3.5,right-hand,0.3037,0.6963
3,3.5,right-hand,0.21,0.79
3,3.5,left-hand,0.6468,0.3532
3,3.5,left-hand,0.358,0.642
3,3.5,right-hand,0.8325,0.1675
3,3.5,left-hand,0.9933,0.0067
3,3.5,right-hand,0.6478,0.3522
3,3.5,left-hand,0.2144,0.7856
3,3.5,right-hand,0.0,1.0
3,3.5,right-hand,0.0094,0.9906
3,3.5,right-hand,0.1225,0.8775
3,3.5,right-hand,0.279,0.721
3,3.5,right-hand,0.0006,0.9994
3,3.5,right-hand,0.5315,0.4685
3,3.5,right-hand,0.7511,0.2489
3,3.5,left-hand,0.2257,0.7743
3,3.5,left-hand,0.9382,0.0618
3,3.5,right-hand,0.0135,0.9865
3,3.5,left-hand,0.5511,0.4489
3,3.5,left-hand,0.9522,0.0478
3,3.5,right-hand,0.0192,0.9808
3,3.5,right-hand,0.7274,0.2726
3,3.5,left-hand,0.9972,0.0028
3,3.5,left-hand,0.9723,0.0277
3,3.5,right-hand,0.046,0.954
3,3.5,right-hand,0.012,0.988
3,3.5,left-hand,0.9926,0.0074
3,3.5,right-hand,0.0001,0.9999
3,3.5,left-hand,0.8987,0.1013
3,3.5,right-hand,0.5322,0.4678
3,3.5,right-hand,0.0472,0.9528
3,3.5,left-hand,0.3279,0.6721
3,3.5,left-hand,0.8644,0.1356
3,3.5,right-hand,0.0355,0.9645
3,3.5,left-hand,0.9913,0.0087
3,3.5,right-hand,0.317,0.683
3,3.5,left-hand,0.8384,0.1616
3,3.5,left-hand,0.9616,0.0384
3,3.5,left-hand,0.7867,0.2133
3,3.5,right-hand,0.0008,0.9992
3,3.5,left-hand,0.5852,0.4148
3,3.5,right-hand,0.027,0.973
3,3.5,left-hand,0.834,0.166
3,3.5,right-hand,0.2526,0.7474
3,3.5,right-hand,0.1719,0.8281
3,3.5,right-hand,0.029,0.971
3,3.5,left-hand,0.8309,0.1691
3,3.5,left-hand,0.934,0.066
3,3.5,right-hand,0.0035,0.9965
3,3.5,right-hand,0.0146,0.9854
3,3.5,left-hand,0.9842,0.0158
3,3.5,right-hand,0.0,1.0
3,3.5,right-hand,0.0001,0.9999
3,3.5,left-hand,0.307,0.693
3,3.5,left-hand,0.9959,0.0041
3,3.5,right-hand,0.0002,0.9998
3,3.5,left-hand,0.9044,0.0956
3,3.5,left-hand,0.7841,0.2159
3,3.5,right-hand,0.0138,0.9862
3,3.5,right-hand,0.0287,0.9713
3,3.5,left-hand,0.8462,0.1538
3,3.5,left-hand,0.8157,0.1843
3,3.5,right-hand,0.0114,0.9886
3,3.5,right-hand,0.0002,0.9998
3,3.5,right-hand,0.1102,0.8898
3,3.5,left-hand,0.5522,0.4478
3,3.5,left-hand,0.9816,0.0184
3,3.5,left-hand,0.9965,0.0035
3,3.5,right-hand,0.0014,0.9986
3,3.5,left-hand,0.5254,0.4746
3,3.5,left-hand,0.9938,0.0062
3,3.5,left-hand,0.9918,0.0082
3,3.5,right-hand,0.0061,0.9939
3,3.5,right-hand,0.0002,0.9998
3,3.5,right-hand,0.0,1.0
3,3.5,right-hand,0.0036,0.9964
3,3.5,right-hand,0.0,1.0
3,3.5,left-hand,0.0606,0.9394
3,3.5,right-hand,0.0041,0.9959
3,3.5,left-hand,0.9194,0.0806
3,3.5,right-hand,0.0007,0.9993
3,3.5,right-hand,0.0005,0.9995
3,3.5,left-hand,0.9776,0.0224
3,3.5,left-hand,0.1141,0.8859
3,3.5,left-hand,0.9699,0.0301
3,3.5,left-hand,0.9581,0.0419
3,3.5,left-hand,0.8911,0.1089
3,3.5,left-hand,0.4016,0.5984
3,3.5,right-hand,0.0243,0.9757
3,3.5,right-hand,0.0,1.0
3,3.5,left-hand,0.9812,0.0188
3,3.5,right-hand,0.0,1.0
3,3.5,right-hand,0.0,1.0
3,3.5,right-hand,0.0,1.0
3,3.5,right-hand,0.0037,0.9963
3,3.5,right-hand,0.0,1.0
3,3.5,left-hand,0.9894,0.0106
3,3.5,left-hand,0.751,0.249
3,3.5,left-hand,0.9926,0.0074
3,3.5,left-hand,0.8424,0.1576
3,3.5,right-hand,0.0,1.0
3,3.5,left-hand,0.6553,0.3447
3,3.5,right-hand,0.0005,0.9995
3,3.5,right-hand,0.0009,0.9991
3,3.5,left-hand,0.366,0.634
3,3.5,right-hand,0.0,1.0
3,3.5,right-hand,0.0851,0.9149
3,3.5,right-hand,0.1186,0.8814
3,3.5,left-hand,0.9996,0.0004
3,3.5,right-hand,0.0767,0.9233
3,3.5,left-hand,0.7071,0.2929
3,3.5,left-hand,0.5856,0.4144
3,3.5,right-hand,0.1535,0.8465
3,3.5,left-hand,0.3103,0.6897
3,3.5,left-hand,0.1168,0.8832
3,3.5,left-hand,0.2154,0.7846
3,3.5,left-hand,0.4822,0.5178
3,3.5,left-hand,0.9625,0.0375
3,3.5,right-hand,0.0104,0.9896
3,3.5,left-hand,0.6195,0.3805
3,3.5,right-hand,0.0054,0.9946
3,3.5,left-hand,0.5168,0.4832
3,3.5,left-hand,0.9593,0.0407
3,3.5,left-hand,0.6463,0.3537
3,3.5,left-hand,0.7805,0.2195
3,3.5,right-hand,0.1473,0.8527
3,3.5,right-hand,0.0027,0.9973
3,3.5,left-hand,0.4258,0.5742
3,3.5,left-hand,0.6758,0.3242
3,3.5,right-hand,0.1115,0.8885
3,3.5,right-hand,0.0156,0.9844
3,3.5,right-hand,0.2398,0.7602
3,3.5,left-hand,0.8426,0.1574
3,3.5,left-hand,0.8904,0.1096
3,3.5,right-hand,0.5091,0.4909
3,3.5,right-hand,0.0002,0.9998
3,3.5,left-hand,0.186,0.814
3,3.5,left-hand,0.9846,0.0154
3,3.5,right-hand,0.771,0.229
4,3.5,right-hand,0.1107,0.8893
4,3.5,right-hand,0.053,0.947
4,3.5,left-hand,0.7247,0.2753
4,3.5,left-hand,0.7399,0.2601
4,3.5,left-hand,0.5062,0.4938
4,3.5,right-hand,0.078,0.922
4,3.5,left-hand,0.9857,0.0143
4,3.5,right-hand,0.0078,0.9922
4,3.5,left-hand,0.7779,0.2221
4,3.5,left-hand,0.197,0.803
4,3.5,left-hand,0.9455,0.0545
4,3.5,right-hand,0.0107,0.9893
4,3.5,right-hand,0.0,1.0
4,3.5,left-hand,0.6585,0.3415
4,3.5,right-hand,0.2604,0.7396
4,3.5,left-hand,0.9963,0.0037
4,3.5,right-hand,0.947,0.053
4,3.5,right-hand,0.0,1.0
4,3.5,right-hand,0.9815,0.0185
4,3.5,right-hand,0.1719,0.8281
4,3.5,left-hand,0.0148,0.9852
4,3.5,left-hand,0.9954,0.0046
4,3.5,right-hand,0.0138,0.9862
4,3.5,right-hand,0.019,0.981
4,3.5,right-hand,0.0063,0.9937
4,3.5,left-hand,0.9517,0.0483
4,3.5,left-hand,0.8545,0.1455
4,3.5,right-hand,0.0019,0.9981
4,3.5,left-hand,0.4573,0.5427
4,3.5,right-hand,0.0216,0.9784
4,3.5,right-hand,0.9493,0.0507
4,3.5,right-hand,0.7562,0.2438
4,3.5,left-hand,0.5456,0.4544
4,3.5,left-hand,0.7362,0.2638
4,3.5,left-hand,0.8808,0.1192
4,3.5,right-hand,0.2261,0.7739
4,3.5,left-hand,0.982,0.018
4,3.5,left-hand,0.9997,0.0003
4,3.5,right-hand,0.0224,0.9776
4,3.5,right-hand,0.0589,0.9411
4,3.5,left-hand,1.0,0.0
4,3.5,right-hand,0.4334,0.5666
4,3.5,right-hand,0.0144,0.9856
4,3.5,left-hand,0.9963,0.0037
4,3.5,right-hand,0.9328,0.0672
4,3.5,left-hand,0.7836,0.2164
4,3.5,right-hand,0.9847,0.0153
4,3.5,right-hand,0.0818,0.9182
4,3.5,right-hand,0.3958,0.6042
4,3.5,right-hand,0.0432,0.9568
4,3.5,left-hand,0.7854,0.2146
4,3.5,left-hand,0.8901,0.1099
4,3.5,right-hand,0.1394,0.8606
4,3.5,left-hand,0.0509,0.9491
4,3.5,right-hand,0.071,0.929
4,3.5,right-hand,0.0007,0.9993
4,3.5,left-hand,0.858,0.142
4,3.5,left-hand,0.8672,0.1328
4,3.5,right-hand,0.0504,0.9496
4,3.5,right-hand,0.0025,0.9975
4,3.5,left-hand,0.8876,0.1124
4,3.5,right-hand,0.1219,0.8781
4,3.5,right-hand,0.44,0.56
4,3.5,right-hand,0.0062,0.9938
4,3.5,left-hand,0.9073,0.0927
4,3.5,right-hand,0.001,0.999
4,3.5,left-hand,0.9922,0.0078
4,3.5,left-hand,0.6382,0.3618
4,3.5,right-hand,0.0022,0.9978
4,3.5,left-hand,0.9959,0.0041
4,3.5,left-hand,0.9959,0.0041
4,3.5,right-hand,0.0002,0.9998
4,3.5,right-hand,0.0008,0.9992
4,3.5,right-hand,0.0534,0.9466
4,3.5,right-hand,0.0001,0.9999
4,3.5,left-hand,0.9004,0.0996
4,3.5,left-hand,0.5891,0.4109
4,3.5,left-hand,0.0,1.0
4,3.5,right-hand,0.0035,0.9965
4,3.5,right-hand,0.6542,0.3458
4,3.5,left-hand,0.9941,0.0059
4,3.5,left-hand,0.9626,0.0374
4,3.5,left-hand,0.9129,0.0871
4,3.5,right-hand,0.1198,0.8802
4,3.5,left-hand,0.1643,0.8357
4,3.5,left-hand,0.9871,0.0129
4,3.5,right-hand,0.0009,0.9991
4,3.5,left-hand,0.9985,0.0015
4,3.5,left-hand,0.9749,0.0251
4,3.5,right-hand,0.083,0.917
4,3.5,left-hand,0.9792,0.0208
4,3.5,left-hand,0.0001,0.9999
4,3.5,left-hand,0.3089,0.6911
4,3.5,right-hand,0.0,1.0
4,3.5,left-hand,0.9412,0.0588
4,3.5,right-hand,0.0001,0.9999
4,3.5,left-hand,0.2703,0.7297
4,3.5,left-hand,0.6645,0.3355
4,3.5,left-hand,0.9337,0.0663
4,3.5,left-hand,0.9777,0.0223
4,3.5,left-hand,1.0,0.0
4,3.5,left-hand,0.9871,0.0129
4,3.5,right-hand,0.0,1.0
4,3.5,right-hand,0.0,1.0
4,3.5,right-hand,0.0007,0.9993
4,3.5,right-hand,0.6053,0.3947
4,3.5,right-hand,0.0276,0.9724
4,3.5,right-hand,0.0042,0.9958
4,3.5,left-hand,0.0232,0.9768
4,3.5,right-hand,0.0003,0.9997
4,3.5,right-hand,0.0007,0.9993
4,3.5,right-hand,0.0002,0.9998
4,3.5,left-hand,0.4068,0.5932
4,3.5,left-hand,0.0149,0.9851
4,3.5,left-hand,0.2105,0.7895
4,3.5,right-hand,0.0028,0.9972
4,3.5,right-hand,0.0011,0.9989
4,3.5,right-hand,0.2067,0.7933
4,3.5,right-hand,0.9808,0.0192
4,3.5,left-hand,0.2078,0.7922
4,3.5,left-hand,0.9338,0.0662
4,3.5,left-hand,0.8706,0.1294
4,3.5,left-hand,0.1275,0.8725
4,3.5,right-hand,0.3927,0.6073
4,3.5,left-hand,0.3169,0.6831
4,3.5,right-hand,0.0286,0.9714
4,3.5,right-hand,0.0025,0.9975
4,3.5,right-hand,0.9602,0.0398
4,3.5,left-hand,0.9158,0.0842
4,3.5,right-hand,0.0001,0.9999
4,3.5,right-hand,0.9394,0.0606
4,3.5,right-hand,0.0001,0.9999
4,3.5,left-hand,0.9875,0.0125
4,3.5,left-hand,0.9975,0.0025
4,3.5,left-hand,0.1151,0.8849
4,3.5,right-hand,0.0013,0.9987
4,3.5,left-hand,0.3633,0.6367
4,3.5,left-hand,0.9986,0.0014
4,3.5,right-hand,0.0311,0.9689
4,3.5,right-hand,0.0384,0.9616
4,3.5,left-hand,0.955,0.045
4,3.5,left-hand,0.9892,0.0108
4,3.5,left-hand,0.9525,0.0475
4,3.5,left-hand,0.7055,0.2945
4,3.5,left-hand,0.9751,0.0249
4,3.5,right-hand,0.006,0.994
4,3.5,right-hand,0.2911,0.7089
4,3.5,left-hand,0.0872,0.9128
5,3.5,left-hand,0.6422,0.3578
5,3.5,right-hand,0.7009,0.2991
5,3.5,left-hand,0.9953,0.0047
5,3.5,right-hand,0.0053,0.9947
5,3.5,left-hand,0.9883,0.0117
5,3.5,right-hand,0.0034,0.9966
5,3.5,right-hand,0.4368,0.5632
5,3.5,right-hand,0.6397,0.3603
5,3.5,left-hand,0.729,0.271
5,3.5,right-hand,0.7415,0.2585
5,3.5,right-hand,0.09,0.91
5,3.5,right-hand,0.1054,0.8946
5,3.5,left-hand,0.979,0.021
5,3.5,right-hand,0.0143,0.9857
5,3.5,right-hand,0.9088,0.0912
5,3.5,left-hand,0.8911,0.1089
5,3.5,right-hand,0.0713,0.9287
5,3.5,right-hand,0.127,0.873
5,3.5,left-hand,0.0155,0.9845
5,3.5,left-hand,0.9828,0.0172
5,3.5,left-hand,0.8865,0.1135
5,3.5,left-hand,0.9722,0.0278
5,3.5,right-hand,0.0109,0.9891
5,3.5,left-hand,0.9949,0.0051
5,3.5,right-hand,0.0767,0.9233
5,3.5,left-hand,0.8618,0.1382
5,3.5,right-hand,0.8262,0.1738
5,3.5,right-hand,0.7311,0.2689
5,3.5,left-hand,0.967,0.033
5,3.5,left-hand,0.6693,0.3307
5,3.5,right-hand,0.0002,0.9998
5,3.5,right-hand,0.0017,0.9983
5,3.5,right-hand,0.0,1.0
5,3.5,left-hand,0.7416,0.2584
5,3.5,right-hand,0.2648,0.7352
5,3.5,left-hand,0.5207,0.4793
5,3.5,left-hand,0.913,0.087
5,3.5,right-hand,0.0314,0.9686
5,3.5,right-hand,0.0211,0.9789
5,3.5,left-hand,0.9463,0.0537
5,3.5,right-hand,0.001,0.999
5,3.5,left-hand,0.9665,0.0335
5,3.5,right-hand,0.1589,0.8411
5,3.5,left-hand,0.9822,0.0178
5,3.5,left-hand,0.9019,0.0981
5,3.5,left-hand,0.9662,0.0338
5,3.5,right-hand,0.0625,0.9375
5,3.5,left-hand,0.988,0.012
5,3.5,left-hand,0.8354,0.1646
5,3.5,left-hand,0.9528,0.0472
5,3.5,left-hand,0.7137,0.2863
5,3.5,right-hand,0.0717,0.9283
5,3.5,right-hand,0.0035,0.9965
5,3.5,right-hand,0.0592,0.9408
5,3.5,left-hand,0.7267,0.2733
5,3.5,right-hand,0.0503,0.9497
5,3.5,right-hand,0.014,0.986
5,3.5,left-hand,0.8437,0.1563
5,3.5,right-hand,0.0443,0.9557
5,3.5,left-hand,0.6279,0.3721
5,3.5,right-hand,0.0006,0.9994
5,3.5,right-hand,0.0431,0.9569
5,3.5,left-hand,0.8375,0.1625
5,3.5,left-hand,0.9179,0.0821
5,3.5,left-hand,0.6507,0.3493
5,3.5,left-hand,0.9925,0.0075
5,3.5,right-hand,0.0009,0.9991
5,3.5,right-hand,0.0,1.0
5,3.5,left-hand,0.9967,0.0033
5,3.5,right-hand,0.0095,0.9905
5,3.5,left-hand,0.993,0.007
5,3.5,right-hand,0.0002,0.9998
5,3.5,left-hand,0.9554,0.0446
5,3.5,left-hand,0.9789,0.0211
5,3.5,right-hand,0.1264,0.8736
5,3.5,right-hand,0.0038,0.9962
5,3.5,left-hand,0.998,0.002
5,3.5,left-hand,0.4685,0.5315
5,3.5,left-hand,0.6719,0.3281
5,3.5,right-hand,0.0206,0.9794
5,3.5,left-hand,0.9448,0.0552
5,3.5,left-hand,0.9204,0.0796
5,3.5,right-hand,0.0138,0.9862
5,3.5,right-hand,0.0005,0.9995
5,3.5,left-hand,0.9171,0.0829
5,3.5,right-hand,0.0154,0.9846
5,3.5,right-hand,0.0002,0.9998
5,3.5,left-hand,0.9988,0.0012
5,3.5,left-hand,0.9957,0.0043
5,3.5,right-hand,0.0,1.0
5,3.5,right-hand,0.0001,0.9999
5,3.5,left-hand,0.9996,0.0004
5,3.5,right-hand,0.0001,0.9999
5,3.5,left-hand,0.9611,0.0389
5,3.5,left-hand,0.9983,0.0017
5,3.5,right-hand,0.0519,0.9481
5,3.5,left-hand,0.9678,0.0322
5,3.5,right-hand,0.0,1.0
5,3.5,right-hand,0.0,1.0
5,3.5,right-hand,0.0,1.0
5,3.5,right-hand,0.3979,0.6021
5,3.5,left-hand,0.9679,0.0321
5,3.5,right-hand,0.0017,0.9983
5,3.5,left-hand,0.4699,0.5301
5,3.5,left-hand,0.6752,0.3248
5,3.5,left-hand,0.7791,0.2209
5,3.5,right-hand,0.1411,0.8589
5,3.5,right-hand,0.0,1.0
5,3.5,right-hand,0.0002,0.9998
5,3.5,left-hand,0.483,0.517
5,3.5,left-hand,0.3294,0.6706
5,3.5,right-hand,0.0,1.0
5,3.5,right-hand,0.0,1.0
5,3.5,right-hand,0.1455,0.8545
5,3.5,left-hand,0.958,0.042
5,3.5,left-hand,0.9644,0.0356
5,3.5,left-hand,0.6876,0.3124
5,3.5,left-hand,0.9989,0.0011
5,3.5,left-hand,0.6252,0.3748
5,3.5,left-hand,0.1882,0.8118
5,3.5,left-hand,0.0761,0.9239
5,3.5,right-hand,0.0003,0.9997
5,3.5,right-hand,0.1459,0.8541
5,3.5,right-hand,0.0007,0.9993
5,3.5,right-hand,0.0001,0.9999
5,3.5,left-hand,0.4654,0.5346
5,3.5,left-hand,0.9474,0.0526
5,3.5,right-hand,0.0544,0.9456
5,3.5,right-hand,0.0226,0.9774
5,3.5,left-hand,0.9709,0.0291
5,3.5,left-hand,0.8079,0.1921
5,3.5,left-hand,0.9436,0.0564
5,3.5,right-hand,0.0057,0.9943
5,3.5,left-hand,0.4389,0.5611
5,3.5,right-hand,0.0203,0.9797
5,3.5,left-hand,0.9909,0.0091
5,3.5,right-hand,0.0033,0.9967
5,3.5,right-hand,0.0002,0.9998
5,3.5,right-hand,0.0018,0.9982
5,3.5,left-hand,0.9383,0.0617
5,3.5,left-hand,0.4614,0.5386
5,3.5,right-hand,0.0003,0.9997
5,3.5,left-hand,0.9478,0.0522
5,3.5,left-hand,0.9854,0.0146
5,3.5,right-hand,0.0053,0.9947
5,3.5,right-hand,0.001,0.999
5,3.5,right-hand,0.8255,0.1745
5,3.5,left-hand,0.3684,0.6316
