fold,tmin,true_label,left-hand,right-hand
1,3.5,right-hand,0.3178,0.6822
1,3.5,right-hand,0.5294,0.4706
1,3.5,left-hand,0.1802,0.8198
1,3.5,right-hand,0.5377,0.4623
1,3.5,right-hand,0.2095,0.7905
1,3.5,left-hand,0.4273,0.5727
1,3.5,right-hand,0.7484,0.2516
1,3.5,right-hand,0.3175,0.6825
1,3.5,left-hand,0.0587,0.9413
1,3.5,right-hand,0.5277,0.4723
1,3.5,right-hand,0.229,0.771
1,3.5,right-hand,0.8614,0.1386
1,3.5,left-hand,0.7379,0.2621
1,3.5,right-hand,0.3339,0.6661
1,3.5,right-hand,0.7813,0.2187
1,3.5,right-hand,0.21,0.79
1,3.5,left-hand,0.1666,0.8334
1,3.5,right-hand,0.9229,0.0771
1,3.5,left-hand,0.7952,0.2048
1,3.5,right-hand,0.8383,0.1617
1,3.5,left-hand,0.6164,0.3836
1,3.5,left-hand,0.7729,0.2271
1,3.5,right-hand,0.3719,0.6281
1,3.5,left-hand,0.9082,0.0918
1,3.5,left-hand,0.707,0.293
1,3.5,right-hand,0.1654,0.8346
1,3.5,left-hand,0.9396,0.0604
1,3.5,right-hand,0.4571,0.5429
1,3.5,left-hand,0.5428,0.4572
1,3.5,right-hand,0.2479,0.7521
1,3.5,right-hand,0.8712,0.1288
1,3.5,right-hand,0.6106,0.3894
1,3.5,left-hand,0.6187,0.3813
1,3.5,right-hand,0.8379,0.1621
1,3.5,left-hand,0.9382,0.0618
1,3.5,left-hand,0.7133,0.2867
1,3.5,left-hand,0.2704,0.7296
1,3.5,left-hand,0.7449,0.2551
1,3.5,left-hand,0.8055,0.1945
1,3.5,right-hand,0.8619,0.1381
1,3.5,left-hand,0.9849,0.0151
1,3.5,right-hand,0.3,0.7
1,3.5,right-hand,0.4344,0.5656
1,3.5,right-hand,0.8733,0.1267
1,3.5,left-hand,0.5249,0.4751
1,3.5,left-hand,0.8937,0.1063
1,3.5,right-hand,0.5576,0.4424
1,3.5,left-hand,0.798,0.202
1,3.5,left-hand,0.5075,0.4925
1,3.5,right-hand,0.0694,0.9306
1,3.5,left-hand,0.6954,0.3046
1,3.5,left-hand,0.6278,0.3722
1,3.5,left-hand,0.216,0.784
1,3.5,right-hand,0.5313,0.4687
1,3.5,left-hand,0.2812,0.7188
1,3.5,left-hand,0.1987,0.8013
1,3.5,right-hand,0.3045,0.6955
1,3.5,left-hand,0.1763,0.8237
1,3.5,right-hand,0.9544,0.0456
1,3.5,left-hand,0.6856,0.3144
1,3.5,left-hand,0.5792,0.4208
1,3.5,right-hand,0.5891,0.4109
1,3.5,right-hand,0.2756,0.7244
1,3.5,right-hand,0.0312,0.9688
1,3.5,left-hand,0.6363,0.3637
1,3.5,left-hand,0.9475,0.0525
1,3.5,left-hand,0.7505,0.2495
1,3.5,right-hand,0.0499,0.9501
1,3.5,left-hand,0.5432,0.4568
1,3.5,left-hand,0.0872,0.9128
1,3.5,left-hand,0.9195,0.0805
1,3.5,right-hand,0.0419,0.9581
1,3.5,right-hand,0.0447,0.9553
1,3.5,right-hand,0.2098,0.7902
1,3.5,right-hand,0.2719,0.7281
1,3.5,left-hand,0.6654,0.3346
1,3.5,left-hand,0.8923,0.1077
1,3.5,left-hand,0.1263,0.8737
1,3.5,left-hand,0.065,0.935
1,3.5,right-hand,0.012,0.988
1,3.5,right-hand,0.0395,0.9605
1,3.5,left-hand,0.9718,0.0282
1,3.5,left-hand,0.9807,0.0193
1,3.5,left-hand,0.8836,0.1164
1,3.5,left-hand,0.912,0.088
1,3.5,left-hand,0.3852,0.6148
1,3.5,right-hand,0.1796,0.8204
1,3.5,left-hand,0.9336,0.0664
1,3.5,left-hand,0.0704,0.9296
1,3.5,right-hand,0.2641,0.7359
1,3.5,left-hand,0.8564,0.1436
1,3.5,left-hand,0.9963,0.0037
1,3.5,right-hand,0.7509,0.2491
1,3.5,right-hand,0.0349,0.9651
1,3.5,left-hand,0.992,0.008
1,3.5,right-hand,0.2329,0.7671
1,3.5,right-hand,0.0224,0.9776
1,3.5,left-hand,0.8487,0.1513
1,3.5,right-hand,0.0469,0.9531
1,3.5,right-hand,0.6893,0.3107
1,3.5,right-hand,0.0177,0.9823
1,3.5,right-hand,0.5082,0.4918
1,3.5,left-hand,0.921,0.079
1,3.5,right-hand,0.0795,0.9205
1,3.5,left-hand,0.5894,0.4106
1,3.5,right-hand,0.1784,0.8216
1,3.5,left-hand,0.8068,0.1932
1,3.5,right-hand,0.5954,0.4046
1,3.5,left-hand,0.8961,0.1039
1,3.5,left-hand,0.628,0.372
1,3.5,left-hand,0.1711,0.8289
1,3.5,left-hand,0.8892,0.1108
1,3.5,right-hand,0.0617,0.9383
1,3.5,right-hand,0.0486,0.9514
1,3.5,right-hand,0.073,0.927
1,3.5,left-hand,0.9912,0.0088
1,3.5,left-hand,0.0292,0.9708
1,3.5,right-hand,0.1661,0.8339
1,3.5,left-hand,0.4122,0.5878
1,3.5,left-hand,0.6903,0.3097
1,3.5,right-hand,0.0395,0.9605
1,3.5,right-hand,0.2269,0.7731
1,3.5,right-hand,0.4042,0.5958
1,3.5,right-hand,0.0574,0.9426
1,3.5,left-hand,0.6475,0.3525
1,3.5,right-hand,0.0855,0.9145
1,3.5,left-hand,0.9433,0.0567
1,3.5,left-hand,0.7586,0.2414
1,3.5,right-hand,0.0493,0.9507
1,3.5,left-hand,0.7921,0.2079
1,3.5,right-hand,0.0627,0.9373
1,3.5,right-hand,0.0542,0.9458
1,3.5,right-hand,0.0457,0.9543
1,3.5,left-hand,0.9406,0.0594
1,3.5,right-hand,0.8265,0.1735
1,3.5,right-hand,0.0399,0.9601
1,3.5,right-hand,0.0067,0.9933
1,3.5,right-hand,0.077,0.923
1,3.5,right-hand,0.4038,0.5962
1,3.5,left-hand,0.4039,0.5961
1,3.5,right-hand,0.576,0.424
1,3.5,right-hand,0.0198,0.9802
1,3.5,left-hand,0.806,0.194
1,3.5,right-hand,0.1133,0.8867
1,3.5,left-hand,0.3416,0.6584
1,3.5,left-hand,0.9726,0.0274
1,3.5,left-hand,0.8801,0.1199
1,3.5,left-hand,0.8657,0.1343
1,3.5,left-hand,0.7463,0.2537
1,3.5,left-hand,0.79,0.21
1,3.5,right-hand,0.11,0.89
1,3.5,right-hand,0.3404,0.6596
2,3.5,left-hand,0.6596,0.3404
2,3.5,left-hand,0.2697,0.7303
2,3.5,left-hand,0.415,0.585
2,3.5,right-hand,0.4631,0.5369
2,3.5,right-hand,0.8351,0.1649
2,3.5,left-hand,0.9614,0.0386
2,3.5,left-hand,0.7035,0.2965
2,3.5,right-hand,0.6992,0.3008
2,3.5,left-hand,0.8251,0.1749
2,3.5,right-hand,0.0739,0.9261
2,3.5,right-hand,0.3031,0.6969
2,3.5,right-hand,0.1162,0.8838
2,3.5,right-hand,0.6121,0.3879
2,3.5,left-hand,0.7298,0.2702
2,3.5,right-hand,0.2424,0.7576
2,3.5,left-hand,0.7552,0.2448
2,3.5,left-hand,0.7323,0.2677
2,3.5,right-hand,0.8575,0.1425
2,3.5,left-hand,0.8997,0.1003
2,3.5,left-hand,0.7828,0.2172
2,3.5,left-hand,0.2883,0.7117
2,3.5,right-hand,0.8805,0.1195
2,3.5,left-hand,0.8573,0.1427
2,3.5,left-hand,0.8532,0.1468
2,3.5,left-hand,0.9771,0.0229
2,3.5,right-hand,0.2071,0.7929
2,3.5,right-hand,0.055,0.945
2,3.5,right-hand,0.7689,0.2311
2,3.5,right-hand,0.4295,0.5705
2,3.5,right-hand,0.3695,0.6305
2,3.5,right-hand,0.2132,0.7868
2,3.5,right-hand,0.3637,0.6363
2,3.5,right-hand,0.2901,0.7099
2,3.5,left-hand,0.3689,0.6311
2,3.5,right-hand,0.7565,0.2435
2,3.5,right-hand,0.3838,0.6162
2,3.5,right-hand,0.1413,0.8587
2,3.5,left-hand,0.9965,0.0035
2,3.5,left-hand,0.2255,0.7745
2,3.5,left-hand,0.3855,0.6145
2,3.5,right-hand,0.4098,0.5902
2,3.5,right-hand,0.1036,0.8964
2,3.5,left-hand,0.5934,0.4066
2,3.5,right-hand,0.8975,0.1025
2,3.5,right-hand,0.0436,0.9564
2,3.5,left-hand,0.0608,0.9392
2,3.5,left-hand,0.7502,0.2498
2,3.5,right-hand,0.781,0.219
2,3.5,right-hand,0.4045,0.5955
2,3.5,right-hand,0.9048,0.0952
2,3.5,left-hand,0.9526,0.0474
2,3.5,right-hand,0.4259,0.5741
2,3.5,left-hand,0.0101,0.9899
2,3.5,right-hand,0.4724,0.5276
2,3.5,right-hand,0.8025,0.1975
2,3.5,left-hand,0.008,0.992
2,3.5,left-hand,0.562,0.438
2,3.5,left-hand,0.673,0.327
2,3.5,right-hand,0.5506,0.4494
2,3.5,right-hand,0.0218,0.9782
2,3.5,right-hand,0.2761,0.7239
2,3.5,right-hand,0.1144,0.8856
2,3.5,right-hand,0.0817,0.9183
2,3.5,left-hand,0.9618,0.0382
2,3.5,right-hand,0.0691,0.9309
2,3.5,left-hand,0.619,0.381
2,3.5,right-hand,0.1269,0.8731
2,3.5,right-hand,0.3991,0.6009
2,3.5,right-hand,0.3261,0.6739
2,3.5,left-hand,0.9198,0.0802
2,3.5,right-hand,0.0626,0.9374
2,3.5,right-hand,0.7543,0.2457
2,3.5,left-hand,0.9782,0.0218
2,3.5,left-hand,0.2834,0.7166
2,3.5,right-hand,0.0256,0.9744
2,3.5,left-hand,0.9443,0.0557
2,3.5,left-hand,0.8966,0.1034
2,3.5,right-hand,0.1048,0.8952
2,3.5,left-hand,0.9095,0.0905
2,3.5,left-hand,0.5265,0.4735
2,3.5,left-hand,0.4611,0.5389
2,3.5,right-hand,0.5137,0.4863
2,3.5,right-hand,0.0143,0.9857
2,3.5,left-hand,0.0201,0.9799
2,3.5,right-hand,0.0397,0.9603
2,3.5,left-hand,0.9281,0.0719
2,3.5,left-hand,0.9369,0.0631
2,3.5,left-hand,0.6905,0.3095
2,3.5,right-hand,0.0847,0.9153
2,3.5,right-hand,0.0476,0.9524
2,3.5,left-hand,0.6299,0.3701
2,3.5,right-hand,0.8545,0.1455
2,3.5,right-hand,0.0426,0.9574
2,3.5,left-hand,0.9032,0.0968
2,3.5,right-hand,0.8171,0.1829
2,3.5,left-hand,0.9435,0.0565
2,3.5,right-hand,0.132,0.868
2,3.5,left-hand,0.7638,0.2362
2,3.5,right-hand,0.3033,0.6967
2,3.5,right-hand,0.0191,0.9809
2,3.5,left-hand,0.9281,0.0719
2,3.5,left-hand,0.9841,0.0159
2,3.5,left-hand,0.414,0.586
2,3.5,right-hand,0.3366,0.6634
2,3.5,right-hand,0.2966,0.7034
2,3.5,left-hand,0.8838,0.1162
2,3.5,right-hand,0.0825,0.9175
2,3.5,left-hand,0.9764,0.0236
2,3.5,left-hand,0.5271,0.4729
2,3.5,left-hand,0.2584,0.7416
2,3.5,right-hand,0.0044,0.9956
2,3.5,right-hand,0.5517,0.4483
2,3.5,left-hand,0.6659,0.3341
2,3.5,right-hand,0.5302,0.4698
2,3.5,right-hand,0.9691,0.0309
2,3.5,right-hand,0.0416,0.9584
2,3.5,left-hand,0.0867,0.9133
2,3.5,left-hand,0.9908,0.0092
2,3.5,left-hand,0.6192,0.3808
2,3.5,left-hand,0.9865,0.0135
2,3.5,right-hand,0.352,0.648
2,3.5,left-hand,0.863,0.137
2,3.5,left-hand,0.2232,0.7768
2,3.5,left-hand,0.3015,0.6985
2,3.5,right-hand,0.0054,0.9946
2,3.5,left-hand,0.9075,0.0925
2,3.5,right-hand,0.2347,0.7653
2,3.5,left-hand,0.9908,0.0092
2,3.5,left-hand,0.8517,0.1483
2,3.5,left-hand,0.8859,0.1141
2,3.5,right-hand,0.167,0.833
2,3.5,left-hand,0.8679,0.1321
2,3.5,right-hand,0.0095,0.9905
2,3.5,left-hand,0.6825,0.3175
2,3.5,left-hand,0.7529,0.2471
2,3.5,left-hand,0.8915,0.1085
2,3.5,left-hand,0.5358,0.4642
2,3.5,left-hand,0.1038,0.8962
2,3.5,left-hand,0.7709,0.2291
2,3.5,left-hand,0.7303,0.2697
2,3.5,left-hand,0.9842,0.0158
2,3.5,right-hand,0.0385,0.9615
2,3.5,right-hand,0.1272,0.8728
2,3.5,right-hand,0.0056,0.9944
2,3.5,right-hand,0.0778,0.9222
2,3.5,right-hand,0.7843,0.2157
2,3.5,left-hand,0.8899,0.1101
2,3.5,left-hand,0.9889,0.0111
2,3.5,right-hand,0.0076,0.9924
2,3.5,right-hand,0.0954,0.9046
2,3.5,right-hand,0.5693,0.4307
2,3.5,left-hand,0.7604,0.2396
3,3.5,left-hand,0.6605,0.3395
3,3.5,right-hand,0.5538,0.4462
3,3.5,left-hand,0.9149,0.0851
3,3.5,left-hand,0.8795,0.1205
3,3.5,left-hand,0.6659,0.3341
3,3.5,left-hand,0.3527,0.6473
3,3.5,right-hand,0.3887,0.6113
3,3.5,right-hand,0.8507,0.1493
3,3.5,right-hand,0.4888,0.5112
3,3.5,left-hand,0.7759,0.2241
3,3.5,left-hand,0.8992,0.1008
3,3.5,right-hand,0.0314,0.9686
3,3.5,left-hand,0.2895,0.7105
3,3.5,left-hand,0.4828,0.5172
3,3.5,right-hand,0.0743,0.9257
3,3.5,left-hand,0.9564,0.0436
3,3.5,right-hand,0.9753,0.0247
3,3.5,left-hand,0.8583,0.1417
3,3.5,left-hand,0.4527,0.5473
3,3.5,left-hand,0.7065,0.2935
3,3.5,right-hand,0.2765,0.7235
3,3.5,left-hand,0.154,0.846
3,3.5,right-hand,0.3336,0.6664
3,3.5,right-hand,0.8566,0.1434
3,3.5,left-hand,0.9734,0.0266
3,3.5,left-hand,0.9336,0.0664
3,3.5,right-hand,0.7648,0.2352
3,3.5,left-hand,0.7181,0.2819
3,3.5,left-hand,0.9833,0.0167
3,3.5,left-hand,0.3525,0.6475
3,3.5,right-hand,0.8153,0.1847
3,3.5,left-hand,0.6478,0.3522
3,3.5,left-hand,0.7697,0.2303
3,3.5,left-hand,0.9434,0.0566
3,3.5,right-hand,0.2739,0.7261
3,3.5,left-hand,0.5019,0.4981
3,3.5,left-hand,0.0525,0.9475
3,3.5,left-hand,0.7127,0.2873
3,3.5,right-hand,0.4947,0.5053
3,3.5,left-hand,0.5213,0.4787
3,3.5,right-hand,0.0138,0.9862
3,3.5,right-hand,0.4551,0.5449
3,3.5,right-hand,0.8306,0.1694
3,3.5,right-hand,0.8036,0.1964
3,3.5,left-hand,0.8755,0.1245
3,3.5,left-hand,0.554,0.446
3,3.5,left-hand,0.3606,0.6394
3,3.5,right-hand,0.6802,0.3198
3,3.5,left-hand,0.891,0.109
3,3.5,right-hand,0.5479,0.4521
3,3.5,right-hand,0.7589,0.2411
3,3.5,right-hand,0.0318,0.9682
3,3.5,left-hand,0.8167,0.1833
3,3.5,right-hand,0.007,0.993
3,3.5,left-hand,0.3809,0.6191
3,3.5,right-hand,0.0723,0.9277
3,3.5,right-hand,0.2753,0.7247
3,3.5,left-hand,0.0354,0.9646
3,3.5,right-hand,0.0052,0.9948
3,3.5,right-hand,0.0075,0.9925
3,3.5,right-hand,0.0349,0.9651
3,3.5,left-hand,0.0929,0.9071
3,3.5,left-hand,0.4113,0.5887
3,3.5,left-hand,0.0741,0.9259
3,3.5,left-hand,0.8803,0.1197
3,3.5,left-hand,0.0067,0.9933
3,3.5,right-hand,0.798,0.202
3,3.5,right-hand,0.101,0.899
3,3.5,left-hand,0.0553,0.9447
3,3.5,right-hand,0.2333,0.7667
3,3.5,left-hand,0.1463,0.8537
3,3.5,right-hand,0.087,0.913
3,3.5,right-hand,0.0379,0.9621
3,3.5,left-hand,0.9465,0.0535
3,3.5,left-hand,0.9216,0.0784
3,3.5,right-hand,0.2314,0.7686
3,3.5,right-hand,0.6386,0.3614
3,3.5,left-hand,0.6895,0.3105
3,3.5,right-hand,0.2168,0.7832
3,3.5,right-hand,0.0868,0.9132
3,3.5,right-hand,0.0124,0.9876
3,3.5,right-hand,0.7049,0.2951
3,3.5,right-hand,0.7365,0.2635
3,3.5,left-hand,0.9332,0.0668
3,3.5,right-hand,0.1084,0.8916
3,3.5,right-hand,0.0736,0.9264
3,3.5,right-hand,0.3132,0.6868
3,3.5,right-hand,0.0605,0.9395
3,3.5,right-hand,0.1615,0.8385
3,3.5,left-hand,0.077,0.923
3,3.5,left-hand,0.8864,0.1136
3,3.5,left-hand,0.983,0.017
3,3.5,left-hand,0.7109,0.2891
3,3.5,left-hand,0.1252,0.8748
3,3.5,right-hand,0.5222,0.4778
3,3.5,left-hand,0.8423,0.1577
3,3.5,right-hand,0.0501,0.9499
3,3.5,left-hand,0.8925,0.1075
3,3.5,right-hand,0.4962,0.5038
3,3.5,left-hand,0.0757,0.9243
3,3.5,left-hand,0.5087,0.4913
3,3.5,right-hand,0.0379,0.9621
3,3.5,right-hand,0.0216,0.9784
3,3.5,left-hand,0.9121,0.0879
3,3.5,right-hand,0.4774,0.5226
3,3.5,right-hand,0.0126,0.9874
3,3.5,right-hand,0.0586,0.9414
3,3.5,left-hand,0.9684,0.0316
3,3.5,right-hand,0.8023,0.1977
3,3.5,right-hand,0.0237,0.9763
3,3.5,left-hand,0.9354,0.0646
3,3.5,right-hand,0.0531,0.9469
3,3.5,left-hand,0.7847,0.2153
3,3.5,left-hand,0.9153,0.0847
3,3.5,left-hand,0.8368,0.1632
3,3.5,right-hand,0.7287,0.2713
3,3.5,left-hand,0.164,0.836
3,3.5,left-hand,0.9684,0.0316
3,3.5,right-hand,0.0597,0.9403
3,3.5,right-hand,0.2348,0.7652
3,3.5,left-hand,0.9538,0.0462
3,3.5,right-hand,0.0994,0.9006
3,3.5,left-hand,0.1284,0.8716
3,3.5,right-hand,0.0175,0.9825
3,3.5,right-hand,0.607,0.393
3,3.5,left-hand,0.9546,0.0454
3,3.5,left-hand,0.904,0.096
3,3.5,left-hand,0.9194,0.0806
3,3.5,left-hand,0.6961,0.3039
3,3.5,left-hand,0.7336,0.2664
3,3.5,right-hand,0.9126,0.0874
3,3.5,right-hand,0.2037,0.7963
3,3.5,right-hand,0.0269,0.9731
3,3.5,right-hand,0.1129,0.8871
3,3.5,right-hand,0.3301,0.6699
3,3.5,right-hand,0.1005,0.8995
3,3.5,left-hand,0.9921,0.0079
3,3.5,right-hand,0.027,0.973
3,3.5,right-hand,0.5381,0.4619
3,3.5,right-hand,0.04,0.96
3,3.5,right-hand,0.0317,0.9683
3,3.5,left-hand,0.9654,0.0346
3,3.5,right-hand,0.9437,0.0563
3,3.5,right-hand,0.083,0.917
3,3.5,left-hand,0.5523,0.4477
3,3.5,left-hand,0.787,0.213
3,3.5,right-hand,0.0768,0.9232
3,3.5,left-hand,0.9328,0.0672
3,3.5,left-hand,0.9114,0.0886
3,3.5,left-hand,0.8305,0.1695
3,3.5,right-hand,0.0203,0.9797
3,3.5,left-hand,0.9174,0.0826
4,3.5,right-hand,0.8333,0.1667
4,3.5,right-hand,0.8284,0.1716
4,3.5,left-hand,0.4886,0.5114
4,3.5,right-hand,0.1387,0.8613
4,3.5,left-hand,0.9605,0.0395
4,3.5,right-hand,0.9085,0.0915
4,3.5,right-hand,0.4504,0.5496
4,3.5,right-hand,0.7632,0.2368
4,3.5,right-hand,0.244,0.756
4,3.5,right-hand,0.1483,0.8517
4,3.5,left-hand,0.9598,0.0402
4,3.5,left-hand,0.6414,0.3586
4,3.5,right-hand,0.6142,0.3858
4,3.5,left-hand,0.437,0.563
4,3.5,right-hand,0.5212,0.4788
4,3.5,left-hand,0.3541,0.6459
4,3.5,right-hand,0.7613,0.2387
4,3.5,left-hand,0.6548,0.3452
4,3.5,right-hand,0.363,0.637
4,3.5,left-hand,0.9958,0.0042
4,3.5,right-hand,0.5364,0.4636
4,3.5,left-hand,0.9354,0.0646
4,3.5,right-hand,0.8732,0.1268
4,3.5,left-hand,0.2892,0.7108
4,3.5,right-hand,0.3984,0.6016
4,3.5,left-hand,0.9068,0.0932
4,3.5,left-hand,0.8942,0.1058
4,3.5,left-hand,0.4276,0.5724
4,3.5,left-hand,0.6907,0.3093
4,3.5,right-hand,0.6415,0.3585
4,3.5,left-hand,0.7944,0.2056
4,3.5,right-hand,0.2737,0.7263
4,3.5,left-hand,0.2033,0.7967
4,3.5,right-hand,0.6076,0.3924
4,3.5,left-hand,0.6393,0.3607
4,3.5,right-hand,0.5769,0.4231
4,3.5,left-hand,0.8834,0.1166
4,3.5,right-hand,0.9647,0.0353
4,3.5,right-hand,0.3099,0.6901
4,3.5,left-hand,0.7957,0.2043
4,3.5,right-hand,0.0889,0.9111
4,3.5,right-hand,0.3448,0.6552
4,3.5,left-hand,0.9081,0.0919
4,3.5,right-hand,0.4272,0.5728
4,3.5,right-hand,0.5768,0.4232
4,3.5,right-hand,0.6854,0.3146
4,3.5,left-hand,0.2054,0.7946
4,3.5,right-hand,0.0221,0.9779
4,3.5,left-hand,0.774,0.226
4,3.5,left-hand,0.2881,0.7119
4,3.5,left-hand,0.939,0.061
4,3.5,right-hand,0.937,0.063
4,3.5,left-hand,0.6677,0.3323
4,3.5,left-hand,0.9826,0.0174
4,3.5,right-hand,0.5396,0.4604
4,3.5,right-hand,0.0935,0.9065
4,3.5,left-hand,0.1286,0.8714
4,3.5,left-hand,0.7937,0.2063
4,3.5,left-hand,0.6752,0.3248
4,3.5,right-hand,0.0522,0.9478
4,3.5,right-hand,0.3216,0.6784
4,3.5,right-hand,0.0033,0.9967
4,3.5,left-hand,0.9964,0.0036
4,3.5,right-hand,0.1652,0.8348
4,3.5,left-hand,0.6339,0.3661
4,3.5,left-hand,0.7587,0.2413
4,3.5,right-hand,0.0646,0.9354
4,3.5,right-hand,0.8703,0.1297
4,3.5,right-hand,0.0346,0.9654
4,3.5,left-hand,0.8796,0.1204
4,3.5,right-hand,0.0253,0.9747
4,3.5,left-hand,0.9548,0.0452
4,3.5,right-hand,0.0359,0.9641
4,3.5,right-hand,0.0579,0.9421
4,3.5,right-hand,0.2885,0.7115
4,3.5,left-hand,0.9663,0.0337
4,3.5,left-hand,0.6789,0.3211
4,3.5,right-hand,0.1401,0.8599
4,3.5,left-hand,0.9037,0.0963
4,3.5,left-hand,0.6911,0.3089
4,3.5,left-hand,0.838,0.162
4,3.5,left-hand,0.9677,0.0323
4,3.5,right-hand,0.1818,0.8182
4,3.5,left-hand,0.7181,0.2819
4,3.5,right-hand,0.2666,0.7334
4,3.5,left-hand,0.3766,0.6234
4,3.5,left-hand,0.8597,0.1403
4,3.5,right-hand,0.2541,0.7459
4,3.5,right-hand,0.4298,0.5702
4,3.5,left-hand,0.154,0.846
4,3.5,right-hand,0.2339,0.7661
4,3.5,right-hand,0.2344,0.7656
4,3.5,left-hand,0.8873,0.1127
4,3.5,left-hand,0.9442,0.0558
4,3.5,right-hand,0.0204,0.9796
4,3.5,right-hand,0.4794,0.5206
4,3.5,left-hand,0.9917,0.0083
4,3.5,left-hand,0.9413,0.0587
4,3.5,right-hand,0.1331,0.8669
4,3.5,right-hand,0.4105,0.5895
4,3.5,right-hand,0.4717,0.5283
4,3.5,left-hand,0.7377,0.2623
4,3.5,left-hand,0.404,0.596
4,3.5,right-hand,0.1388,0.8612
4,3.5,right-hand,0.2766,0.7234
4,3.5,left-hand,0.4908,0.5092
4,3.5,left-hand,0.1851,0.8149
4,3.5,right-hand,0.6913,0.3087
4,3.5,left-hand,0.2993,0.7007
4,3.5,left-hand,0.987,0.013
4,3.5,left-hand,0.3895,0.6105
4,3.5,right-hand,0.1516,0.8484
4,3.5,left-hand,0.1161,0.8839
4,3.5,left-hand,0.8729,0.1271
4,3.5,left-hand,0.2761,0.7239
4,3.5,right-hand,0.0271,0.9729
4,3.5,left-hand,0.3615,0.6385
4,3.5,left-hand,0.8851,0.1149
4,3.5,right-hand,0.0772,0.9228
4,3.5,left-hand,0.7658,0.2342
4,3.5,right-hand,0.0144,0.9856
4,3.5,left-hand,0.8845,0.1155
4,3.5,right-hand,0.2036,0.7964
4,3.5,left-hand,0.9454,0.0546
4,3.5,right-hand,0.8464,0.1536
4,3.5,left-hand,0.7713,0.2287
4,3.5,right-hand,0.2851,0.7149
4,3.5,right-hand,0.6765,0.3235
4,3.5,left-hand,0.9944,0.0056
4,3.5,left-hand,0.7285,0.2715
4,3.5,right-hand,0.0642,0.9358
4,3.5,left-hand,0.9811,0.0189
4,3.5,left-hand,0.1645,0.8355
4,3.5,right-hand,0.0405,0.9595
4,3.5,right-hand,0.0587,0.9413
4,3.5,right-hand,0.1035,0.8965
4,3.5,left-hand,0.7975,0.2025
4,3.5,left-hand,0.8712,0.1288
4,3.5,right-hand,0.2749,0.7251
4,3.5,left-hand,0.9819,0.0181
4,3.5,right-hand,0.9032,0.0968
4,3.5,left-hand,0.762,0.238
4,3.5,left-hand,0.9829,0.0171
4,3.5,right-hand,0.0447,0.9553
4,3.5,right-hand,0.8375,0.1625
4,3.5,left-hand,0.8042,0.1958
4,3.5,left-hand,0.9801,0.0199
4,3.5,right-hand,0.0081,0.9919
4,3.5,right-hand,0.0129,0.9871
4,3.5,right-hand,0.2073,0.7927
4,3.5,right-hand,0.2612,0.7388
4,3.5,left-hand,0.859,0.141
5,3.5,left-hand,0.6273,0.3727
5,3.5,left-hand,0.8345,0.1655
5,3.5,left-hand,0.7663,0.2337
5,3.5,left-hand,0.7554,0.2446
5,3.5,right-hand,0.5256,0.4744
5,3.5,right-hand,0.0422,0.9578
5,3.5,right-hand,0.8402,0.1598
5,3.5,left-hand,0.3628,0.6372
5,3.5,left-hand,0.971,0.029
5,3.5,left-hand,0.8556,0.1444
5,3.5,right-hand,0.955,0.045
5,3.5,left-hand,0.2635,0.7365
5,3.5,left-hand,0.8686,0.1314
5,3.5,left-hand,0.0932,0.9068
5,3.5,right-hand,0.0707,0.9293
5,3.5,left-hand,0.4106,0.5894
5,3.5,left-hand,0.9853,0.0147
5,3.5,left-hand,0.8887,0.1113
5,3.5,right-hand,0.9022,0.0978
5,3.5,right-hand,0.9505,0.0495
5,3.5,right-hand,0.9172,0.0828
5,3.5,right-hand,0.9294,0.0706
5,3.5,left-hand,0.838,0.162
5,3.5,left-hand,0.8127,0.1873
5,3.5,right-hand,0.4342,0.5658
5,3.5,left-hand,0.7401,0.2599
5,3.5,left-hand,0.8094,0.1906
5,3.5,left-hand,0.6587,0.3413
5,3.5,right-hand,0.8422,0.1578
5,3.5,right-hand,0.9273,0.0727
5,3.5,right-hand,0.987,0.013
5,3.5,right-hand,0.2759,0.7241
5,3.5,right-hand,0.4389,0.5611
5,3.5,right-hand,0.658,0.342
5,3.5,left-hand,0.0436,0.9564
5,3.5,left-hand,0.0474,0.9526
5,3.5,left-hand,0.7824,0.2176
5,3.5,left-hand,0.6547,0.3453
5,3.5,right-hand,0.2018,0.7982
5,3.5,right-hand,0.3389,0.6611
5,3.5,right-hand,0.4803,0.5197
5,3.5,right-hand,0.0313,0.9687
5,3.5,left-hand,0.9158,0.0842
5,3.5,right-hand,0.9314,0.0686
5,3.5,right-hand,0.7742,0.2258
5,3.5,left-hand,0.0601,0.9399
5,3.5,left-hand,0.16,0.84
5,3.5,right-hand,0.0571,0.9429
5,3.5,right-hand,0.132,0.868
5,3.5,right-hand,0.9315,0.0685
5,3.5,right-hand,0.2626,0.7374
5,3.5,right-hand,0.4287,0.5713
5,3.5,right-hand,0.183,0.817
5,3.5,left-hand,0.5605,0.4395
5,3.5,left-hand,0.4594,0.5406
5,3.5,left-hand,0.0769,0.9231
5,3.5,right-hand,0.8091,0.1909
5,3.5,right-hand,0.0762,0.9238
5,3.5,left-hand,0.4293,0.5707
5,3.5,left-hand,0.9802,0.0198
5,3.5,right-hand,0.1342,0.8658
5,3.5,right-hand,0.2742,0.7258
5,3.5,left-hand,0.0438,0.9562
5,3.5,left-hand,0.0715,0.9285
5,3.5,left-hand,0.9628,0.0372
5,3.5,left-hand,0.9118,0.0882
5,3.5,left-hand,0.0114,0.9886
5,3.5,left-hand,0.9924,0.0076
5,3.5,left-hand,0.8453,0.1547
5,3.5,right-hand,0.0387,0.9613
5,3.5,right-hand,0.0103,0.9897
5,3.5,left-hand,0.3451,0.6549
5,3.5,left-hand,0.7583,0.2417
5,3.5,left-hand,0.0607,0.9393
5,3.5,left-hand,0.9921,0.0079
5,3.5,right-hand,0.3304,0.6696
5,3.5,right-hand,0.3614,0.6386
5,3.5,left-hand,0.8708,0.1292
5,3.5,right-hand,0.4054,0.5946
5,3.5,left-hand,0.7911,0.2089
5,3.5,right-hand,0.0897,0.9103
5,3.5,left-hand,0.2469,0.7531
5,3.5,right-hand,0.0355,0.9645
5,3.5,left-hand,0.9085,0.0915
5,3.5,right-hand,0.0167,0.9833
5,3.5,right-hand,0.4265,0.5735
5,3.5,left-hand,0.9754,0.0246
5,3.5,left-hand,0.7541,0.2459
5,3.5,right-hand,0.8066,0.1934
5,3.5,right-hand,0.0639,0.9361
5,3.5,right-hand,0.0144,0.9856
5,3.5,left-hand,0.2322,0.7678
5,3.5,right-hand,0.696,0.304
5,3.5,left-hand,0.7648,0.2352
5,3.5,left-hand,0.0265,0.9735
5,3.5,left-hand,0.9019,0.0981
5,3.5,left-hand,0.2971,0.7029
5,3.5,left-hand,0.9565,0.0435
5,3.5,right-hand,0.0857,0.9143
5,3.5,right-hand,0.0679,0.9321
5,3.5,left-hand,0.1187,0.8813
5,3.5,right-hand,0.0508,0.9492
5,3.5,right-hand,0.0792,0.9208
5,3.5,right-hand,0.1299,0.8701
5,3.5,right-hand,0.2614,0.7386
5,3.5,left-hand,0.999,0.001
5,3.5,left-hand,0.879,0.121
5,3.5,left-hand,0.9955,0.0045
5,3.5,left-hand,0.9809,0.0191
5,3.5,right-hand,0.0444,0.9556
5,3.5,right-hand,0.0055,0.9945
5,3.5,left-hand,0.7525,0.2475
5,3.5,right-hand,0.3523,0.6477
5,3.5,right-hand,0.335,0.665
5,3.5,right-hand,0.0107,0.9893
5,3.5,right-hand,0.3787,0.6213
5,3.5,left-hand,0.9923,0.0077
5,3.5,left-hand,0.6481,0.3519
5,3.5,left-hand,0.7863,0.2137
5,3.5,right-hand,0.0344,0.9656
5,3.5,right-hand,0.0231,0.9769
5,3.5,right-hand,0.016,0.984
5,3.5,right-hand,0.5677,0.4323
5,3.5,left-hand,0.9669,0.0331
5,3.5,left-hand,0.0253,0.9747
5,3.5,left-hand,0.2891,0.7109
5,3.5,right-hand,0.3429,0.6571
5,3.5,left-hand,0.9579,0.0421
5,3.5,left-hand,0.9178,0.0822
5,3.5,right-hand,0.035,0.965
5,3.5,right-hand,0.0227,0.9773
5,3.5,right-hand,0.5395,0.4605
5,3.5,right-hand,0.0479,0.9521
5,3.5,right-hand,0.9256,0.0744
5,3.5,right-hand,0.0474,0.9526
5,3.5,left-hand,0.8506,0.1494
5,3.5,left-hand,0.7551,0.2449
5,3.5,right-hand,0.6649,0.3351
5,3.5,right-hand,0.4723,0.5277
5,3.5,left-hand,0.5886,0.4114
5,3.5,right-hand,0.0725,0.9275
5,3.5,right-hand,0.2173,0.7827
5,3.5,left-hand,0.9808,0.0192
5,3.5,left-hand,0.9611,0.0389
5,3.5,left-hand,0.986,0.014
5,3.5,right-hand,0.1044,0.8956
5,3.5,right-hand,0.0117,0.9883
5,3.5,right-hand,0.6578,0.3422
5,3.5,left-hand,0.9645,0.0355
5,3.5,left-hand,0.9905,0.0095
5,3.5,right-hand,0.0358,0.9642
5,3.5,left-hand,0.9792,0.0208
