fold,tmin,true_label,left-hand,right-hand
1,3.5,right-hand,0.7732,0.2268
1,3.5,left-hand,0.287,0.713
1,3.5,right-hand,0.5507,0.4493
1,3.5,right-hand,0.7785,0.2215
1,3.5,right-hand,0.6846,0.3154
1,3.5,left-hand,0.6195,0.3805
1,3.5,left-hand,0.9268,0.0732
1,3.5,left-hand,0.0572,0.9428
1,3.5,left-hand,0.1928,0.8072
1,3.5,right-hand,0.3011,0.6989
1,3.5,left-hand,0.1807,0.8193
1,3.5,right-hand,0.2609,0.7391
1,3.5,left-hand,0.0,1.0
1,3.5,left-hand,0.5625,0.4375
1,3.5,right-hand,0.8082,0.1918
1,3.5,right-hand,0.2233,0.7767
1,3.5,right-hand,0.0928,0.9072
1,3.5,left-hand,0.6149,0.3851
1,3.5,right-hand,0.3229,0.6771
1,3.5,right-hand,0.2735,0.7265
1,3.5,left-hand,0.0,1.0
1,3.5,right-hand,0.1882,0.8118
1,3.5,right-hand,0.3921,0.6079
1,3.5,left-hand,0.3435,0.6565
1,3.5,left-hand,0.9142,0.0858
1,3.5,left-hand,0.5534,0.4466
1,3.5,right-hand,0.0273,0.9727
1,3.5,right-hand,0.4379,0.5621
1,3.5,right-hand,0.4963,0.5037
1,3.5,left-hand,0.8624,0.1376
1,3.5,left-hand,0.406,0.594
1,3.5,left-hand,0.3204,0.6796
1,3.5,right-hand,0.1773,0.8227
1,3.5,left-hand,0.697,0.303
1,3.5,left-hand,0.3424,0.6576
1,3.5,right-hand,0.2194,0.7806
1,3.5,right-hand,0.1279,0.8721
1,3.5,left-hand,0.5783,0.4217
1,3.5,right-hand,0.473,0.527
1,3.5,left-hand,0.7397,0.2603
1,3.5,right-hand,0.5215,0.4785
1,3.5,left-hand,0.4301,0.5699
1,3.5,left-hand,0.8851,0.1149
1,3.5,right-hand,0.2858,0.7142
1,3.5,left-hand,0.6558,0.3442
1,3.5,left-hand,0.5048,0.4952
1,3.5,right-hand,0.7301,0.2699
1,3.5,right-hand,0.6725,0.3275
1,3.5,right-hand,0.469,0.531
1,3.5,right-hand,0.0611,0.9389
1,3.5,left-hand,0.3214,0.6786
1,3.5,left-hand,0.6386,0.3614
1,3.5,left-hand,0.2955,0.7045
1,3.5,right-hand,0.6172,0.3828
1,3.5,left-hand,0.5086,0.4914
1,3.5,left-hand,0.5225,0.4775
1,3.5,right-hand,0.0293,0.9707
1,3.5,right-hand,0.0971,0.9029
1,3.5,left-hand,0.1359,0.8641
1,3.5,left-hand,0.5277,0.4723
1,3.5,right-hand,0.057,0.943
1,3.5,right-hand,0.0182,0.9818
1,3.5,left-hand,0.7104,0.2896
1,3.5,right-hand,0.1797,0.8203
1,3.5,left-hand,0.4534,0.5466
1,3.5,right-hand,0.1303,0.8697
1,3.5,right-hand,0.9234,0.0766
1,3.5,left-hand,0.3431,0.6569
1,3.5,left-hand,0.8921,0.1079
1,3.5,left-hand,0.3277,0.6723
1,3.5,left-hand,0.8753,0.1247
1,3.5,right-hand,0.4773,0.5227
1,3.5,left-hand,0.8314,0.1686
1,3.5,right-hand,0.2305,0.7695
1,3.5,left-hand,0.5204,0.4796
1,3.5,left-hand,0.0698,0.9302
1,3.5,left-hand,0.5273,0.4727
1,3.5,left-hand,0.8414,0.1586
1,3.5,left-hand,0.0051,0.9949
1,3.5,right-hand,0.0159,0.9841
1,3.5,left-hand,0.7467,0.2533
1,3.5,right-hand,0.0822,0.9178
1,3.5,right-hand,0.1774,0.8226
1,3.5,right-hand,0.0955,0.9045
1,3.5,left-hand,0.5387,0.4613
1,3.5,right-hand,0.1448,0.8552
1,3.5,right-hand,0.0532,0.9468
1,3.5,right-hand,0.3864,0.6136
1,3.5,right-hand,0.1375,0.8625
1,3.5,left-hand,0.3818,0.6182
1,3.5,left-hand,0.3355,0.6645
1,3.5,left-hand,0.486,0.514
1,3.5,left-hand,0.3206,0.6794
1,3.5,right-hand,0.0937,0.9063
1,3.5,left-hand,0.3105,0.6895
1,3.5,right-hand,0.0471,0.9529
1,3.5,left-hand,0.6804,0.3196
1,3.5,left-hand,0.2662,0.7338
1,3.5,left-hand,0.465,0.535
1,3.5,left-hand,0.4807,0.5193
1,3.5,right-hand,0.1217,0.8783
1,3.5,right-hand,0.3342,0.6658
1,3.5,right-hand,0.2234,0.7766
1,3.5,left-hand,0.7326,0.2674
1,3.5,left-hand,0.3858,0.6142
1,3.5,right-hand,0.0539,0.9461
1,3.5,left-hand,0.7469,0.2531
1,3.5,right-hand,0.3958,0.6042
1,3.5,right-hand,0.6687,0.3313
1,3.5,left-hand,0.6911,0.3089
1,3.5,right-hand,0.4051,0.5949
1,3.5,left-hand,0.3854,0.6146
1,3.5,right-hand,0.0253,0.9747
1,3.5,right-hand,0.1046,0.8954
1,3.5,right-hand,0.0753,0.9247
1,3.5,right-hand,0.1375,0.8625
1,3.5,right-hand,0.8877,0.1123
1,3.5,left-hand,0.2013,0.7987
1,3.5,left-hand,0.0245,0.9755
1,3.5,right-hand,0.1368,0.8632
1,3.5,right-hand,0.5533,0.4467
1,3.5,left-hand,0.2458,0.7542
1,3.5,right-hand,0.3369,0.6631
1,3.5,right-hand,0.4676,0.5324
1,3.5,right-hand,0.3142,0.6858
1,3.5,right-hand,0.1425,0.8575
1,3.5,right-hand,0.3106,0.6894
1,3.5,left-hand,0.4139,0.5861
1,3.5,left-hand,0.2531,0.7469
1,3.5,left-hand,0.8448,0.1552
1,3.5,right-hand,0.0983,0.9017
1,3.5,right-hand,0.1449,0.8551
1,3.5,left-hand,0.7397,0.2603
1,3.5,left-hand,0.8448,0.1552
1,3.5,right-hand,0.0813,0.9187
1,3.5,right-hand,0.0249,0.9751
1,3.5,right-hand,0.0105,0.9895
1,3.5,left-hand,0.5811,0.4189
1,3.5,left-hand,0.3106,0.6894
1,3.5,left-hand,0.8252,0.1748
1,3.5,right-hand,0.7065,0.2935
1,3.5,right-hand,0.0043,0.9957
1,3.5,left-hand,0.7567,0.2433
1,3.5,left-hand,0.7225,0.2775
2,3.5,left-hand,0.9527,0.0473
2,3.5,left-hand,0.8064,0.1936
2,3.5,right-hand,0.5939,0.4061
2,3.5,left-hand,0.5191,0.4809
2,3.5,right-hand,0.8654,0.1346
2,3.5,right-hand,0.5588,0.4412
2,3.5,right-hand,0.436,0.564
2,3.5,right-hand,0.4107,0.5893
2,3.5,left-hand,0.9058,0.0942
2,3.5,right-hand,0.0885,0.9115
2,3.5,left-hand,0.5265,0.4735
2,3.5,left-hand,0.6983,0.3017
2,3.5,left-hand,0.7316,0.2684
2,3.5,right-hand,0.3444,0.6556
2,3.5,left-hand,0.8274,0.1726
2,3.5,right-hand,0.6798,0.3202
2,3.5,right-hand,0.619,0.381
2,3.5,left-hand,0.9396,0.0604
2,3.5,right-hand,0.7489,0.2511
2,3.5,left-hand,0.9125,0.0875
2,3.5,right-hand,0.5772,0.4228
2,3.5,left-hand,0.8649,0.1351
2,3.5,right-hand,0.4933,0.5067
2,3.5,left-hand,0.8411,0.1589
2,3.5,right-hand,0.6044,0.3956
2,3.5,right-hand,0.2835,0.7165
2,3.5,left-hand,0.8968,0.1032
2,3.5,right-hand,0.2978,0.7022
2,3.5,right-hand,0.5031,0.4969
2,3.5,right-hand,0.7958,0.2042
2,3.5,right-hand,0.0234,0.9766
2,3.5,left-hand,0.601,0.399
2,3.5,right-hand,0.3858,0.6142
2,3.5,left-hand,0.7375,0.2625
2,3.5,left-hand,0.3281,0.6719
2,3.5,right-hand,0.711,0.289
2,3.5,left-hand,0.6929,0.3071
2,3.5,left-hand,0.3401,0.6599
2,3.5,right-hand,0.5058,0.4942
2,3.5,left-hand,0.999,0.001
2,3.5,right-hand,0.2712,0.7288
2,3.5,right-hand,0.1906,0.8094
2,3.5,right-hand,0.7678,0.2322
2,3.5,right-hand,0.4702,0.5298
2,3.5,left-hand,0.8193,0.1807
2,3.5,left-hand,0.8752,0.1248
2,3.5,left-hand,0.255,0.745
2,3.5,right-hand,0.6773,0.3227
2,3.5,right-hand,0.5413,0.4587
2,3.5,left-hand,0.3839,0.6161
2,3.5,right-hand,0.3475,0.6525
2,3.5,right-hand,0.0151,0.9849
2,3.5,left-hand,0.9679,0.0321
2,3.5,right-hand,0.4941,0.5059
2,3.5,right-hand,0.0815,0.9185
2,3.5,left-hand,0.9202,0.0798
2,3.5,right-hand,0.6732,0.3268
2,3.5,right-hand,0.9173,0.0827
2,3.5,right-hand,0.6324,0.3676
2,3.5,left-hand,0.7934,0.2066
2,3.5,right-hand,0.3591,0.6409
2,3.5,left-hand,0.3845,0.6155
2,3.5,right-hand,0.4973,0.5027
2,3.5,left-hand,0.4,0.6
2,3.5,right-hand,0.0416,0.9584
2,3.5,left-hand,0.7486,0.2514
2,3.5,left-hand,0.8058,0.1942
2,3.5,right-hand,0.7542,0.2458
2,3.5,left-hand,0.1373,0.8627
2,3.5,right-hand,0.0935,0.9065
2,3.5,left-hand,0.4512,0.5488
2,3.5,right-hand,0.5822,0.4178
2,3.5,right-hand,0.8887,0.1113
2,3.5,left-hand,0.4217,0.5783
2,3.5,right-hand,0.5058,0.4942
2,3.5,right-hand,0.7209,0.2791
2,3.5,left-hand,0.4731,0.5269
2,3.5,left-hand,0.1089,0.8911
2,3.5,right-hand,0.0272,0.9728
2,3.5,right-hand,0.2613,0.7387
2,3.5,left-hand,0.354,0.646
2,3.5,left-hand,0.8378,0.1622
2,3.5,right-hand,0.1159,0.8841
2,3.5,right-hand,0.1867,0.8133
2,3.5,right-hand,0.14,0.86
2,3.5,left-hand,0.8898,0.1102
2,3.5,left-hand,0.7611,0.2389
2,3.5,left-hand,0.7053,0.2947
2,3.5,right-hand,0.6031,0.3969
2,3.5,left-hand,0.2263,0.7737
2,3.5,left-hand,0.5801,0.4199
2,3.5,left-hand,0.4584,0.5416
2,3.5,right-hand,0.1745,0.8255
2,3.5,left-hand,0.8774,0.1226
2,3.5,right-hand,0.0079,0.9921
2,3.5,left-hand,0.4329,0.5671
2,3.5,left-hand,0.8516,0.1484
2,3.5,right-hand,0.3594,0.6406
2,3.5,left-hand,0.8262,0.1738
2,3.5,right-hand,0.6468,0.3532
2,3.5,right-hand,0.4284,0.5716
2,3.5,right-hand,0.3996,0.6004
2,3.5,right-hand,0.5535,0.4465
2,3.5,left-hand,0.7551,0.2449
2,3.5,left-hand,0.5426,0.4574
2,3.5,right-hand,0.1172,0.8828
2,3.5,right-hand,0.3928,0.6072
2,3.5,left-hand,0.8494,0.1506
2,3.5,right-hand,0.0357,0.9643
2,3.5,right-hand,0.013,0.987
2,3.5,right-hand,0.0448,0.9552
2,3.5,left-hand,0.5656,0.4344
2,3.5,left-hand,0.2884,0.7116
2,3.5,left-hand,0.7942,0.2058
2,3.5,left-hand,0.7566,0.2434
2,3.5,left-hand,0.4057,0.5943
2,3.5,left-hand,0.6624,0.3376
2,3.5,left-hand,0.8495,0.1505
2,3.5,right-hand,0.1854,0.8146
2,3.5,right-hand,0.1934,0.8066
2,3.5,left-hand,0.4724,0.5276
2,3.5,right-hand,0.0439,0.9561
2,3.5,left-hand,0.8368,0.1632
2,3.5,left-hand,0.9245,0.0755
2,3.5,left-hand,0.6565,0.3435
2,3.5,right-hand,0.3677,0.6323
2,3.5,left-hand,0.9301,0.0699
2,3.5,left-hand,0.0006,0.9994
2,3.5,left-hand,0.6955,0.3045
2,3.5,left-hand,0.8676,0.1324
2,3.5,right-hand,0.3875,0.6125
2,3.5,left-hand,0.8983,0.1017
2,3.5,left-hand,0.9639,0.0361
2,3.5,left-hand,0.8212,0.1788
2,3.5,left-hand,0.9707,0.0293
2,3.5,right-hand,0.8309,0.1691
2,3.5,right-hand,0.0014,0.9986
2,3.5,right-hand,0.1661,0.8339
2,3.5,right-hand,0.4553,0.5447
2,3.5,left-hand,0.4543,0.5457
2,3.5,left-hand,0.9433,0.0567
2,3.5,left-hand,0.8175,0.1825
2,3.5,right-hand,0.0971,0.9029
2,3.5,right-hand,0.0276,0.9724
3,3.5,left-hand,0.7458,0.2542
3,3.5,left-hand,0.7436,0.2564
3,3.5,right-hand,0.6606,0.3394
3,3.5,right-hand,0.781,0.219
3,3.5,left-hand,0.8289,0.1711
3,3.5,left-hand,0.7017,0.2983
3,3.5,left-hand,0.8754,0.1246
3,3.5,right-hand,0.663,0.337
3,3.5,left-hand,0.6669,0.3331
3,3.5,left-hand,0.6367,0.3633
3,3.5,right-hand,0.0633,0.9367
3,3.5,left-hand,0.8518,0.1482
3,3.5,left-hand,0.6496,0.3504
3,3.5,right-hand,0.7124,0.2876
3,3.5,right-hand,0.5629,0.4371
3,3.5,left-hand,0.8101,0.1899
3,3.5,left-hand,0.9355,0.0645
3,3.5,left-hand,0.9735,0.0265
3,3.5,left-hand,0.4943,0.5057
3,3.5,right-hand,0.5458,0.4542
3,3.5,right-hand,0.505,0.495
3,3.5,left-hand,0.8578,0.1422
3,3.5,left-hand,0.9564,0.0436
3,3.5,left-hand,0.6445,0.3555
3,3.5,right-hand,0.0203,0.9797
3,3.5,right-hand,0.4066,0.5934
3,3.5,right-hand,0.4115,0.5885
3,3.5,right-hand,0.7648,0.2352
3,3.5,left-hand,0.8857,0.1143
3,3.5,right-hand,0.479,0.521
3,3.5,right-hand,0.79,0.21
3,3.5,right-hand,0.157,0.843
3,3.5,right-hand,0.0721,0.9279
3,3.5,left-hand,0.8982,0.1018
3,3.5,left-hand,0.6506,0.3494
3,3.5,right-hand,0.3371,0.6629
3,3.5,left-hand,0.7706,0.2294
3,3.5,right-hand,0.5227,0.4773
3,3.5,right-hand,0.8088,0.1912
3,3.5,right-hand,0.762,0.238
3,3.5,left-hand,0.9741,0.0259
3,3.5,left-hand,0.9642,0.0358
3,3.5,right-hand,0.8236,0.1764
3,3.5,right-hand,0.4129,0.5871
3,3.5,right-hand,0.8884,0.1116
3,3.5,left-hand,0.6314,0.3686
3,3.5,right-hand,0.1863,0.8137
3,3.5,left-hand,0.9401,0.0599
3,3.5,left-hand,0.6707,0.3293
3,3.5,right-hand,0.7618,0.2382
3,3.5,left-hand,0.7093,0.2907
3,3.5,left-hand,0.572,0.428
3,3.5,left-hand,0.9049,0.0951
3,3.5,left-hand,0.4316,0.5684
3,3.5,right-hand,0.4511,0.5489
3,3.5,right-hand,0.5125,0.4875
3,3.5,left-hand,0.7299,0.2701
3,3.5,right-hand,0.5891,0.4109
3,3.5,right-hand,0.0988,0.9012
3,3.5,right-hand,0.8717,0.1283
3,3.5,left-hand,0.6413,0.3587
3,3.5,left-hand,0.9095,0.0905
3,3.5,left-hand,0.9085,0.0915
3,3.5,right-hand,0.5792,0.4208
3,3.5,left-hand,0.7156,0.2844
3,3.5,left-hand,0.5263,0.4737
3,3.5,right-hand,0.0412,0.9588
3,3.5,right-hand,0.2995,0.7005
3,3.5,left-hand,0.5375,0.4625
3,3.5,right-hand,0.1446,0.8554
3,3.5,right-hand,0.7618,0.2382
3,3.5,right-hand,0.5507,0.4493
3,3.5,right-hand,0.1459,0.8541
3,3.5,right-hand,0.5737,0.4263
3,3.5,left-hand,0.8134,0.1866
3,3.5,left-hand,0.7877,0.2123
3,3.5,right-hand,0.4415,0.5585
3,3.5,left-hand,0.7153,0.2847
3,3.5,right-hand,0.3506,0.6494
3,3.5,left-hand,0.1837,0.8163
3,3.5,right-hand,0.3774,0.6226
3,3.5,left-hand,0.101,0.899
3,3.5,left-hand,0.8807,0.1193
3,3.5,left-hand,0.4166,0.5834
3,3.5,left-hand,0.6841,0.3159
3,3.5,left-hand,0.2941,0.7059
3,3.5,right-hand,0.1023,0.8977
3,3.5,left-hand,0.7068,0.2932
3,3.5,left-hand,0.2863,0.7137
3,3.5,right-hand,0.229,0.771
3,3.5,right-hand,0.0112,0.9888
3,3.5,right-hand,0.0684,0.9316
3,3.5,right-hand,0.2454,0.7546
3,3.5,right-hand,0.0951,0.9049
3,3.5,left-hand,0.7042,0.2958
3,3.5,right-hand,0.0767,0.9233
3,3.5,right-hand,0.5677,0.4323
3,3.5,left-hand,0.2086,0.7914
3,3.5,left-hand,0.749,0.251
3,3.5,left-hand,0.5971,0.4029
3,3.5,left-hand,0.9822,0.0178
3,3.5,left-hand,0.5973,0.4027
3,3.5,left-hand,0.2909,0.7091
3,3.5,left-hand,0.535,0.465
3,3.5,right-hand,0.3502,0.6498
3,3.5,right-hand,0.8578,0.1422
3,3.5,right-hand,0.3032,0.6968
3,3.5,right-hand,0.3554,0.6446
3,3.5,left-hand,0.5934,0.4066
3,3.5,right-hand,0.1486,0.8514
3,3.5,right-hand,0.6741,0.3259
3,3.5,left-hand,0.703,0.297
3,3.5,left-hand,0.7075,0.2925
3,3.5,left-hand,0.5767,0.4233
3,3.5,right-hand,0.108,0.892
3,3.5,left-hand,0.1701,0.8299
3,3.5,right-hand,0.136,0.864
3,3.5,right-hand,0.4283,0.5717
3,3.5,right-hand,0.2142,0.7858
3,3.5,right-hand,0.1619,0.8381
3,3.5,right-hand,0.3817,0.6183
3,3.5,left-hand,0.7215,0.2785
3,3.5,left-hand,0.461,0.539
3,3.5,left-hand,0.8571,0.1429
3,3.5,right-hand,0.1682,0.8318
3,3.5,left-hand,0.8023,0.1977
3,3.5,right-hand,0.341,0.659
3,3.5,right-hand,0.6479,0.3521
3,3.5,right-hand,0.0727,0.9273
3,3.5,right-hand,0.3606,0.6394
3,3.5,left-hand,0.6467,0.3533
3,3.5,right-hand,0.1402,0.8598
3,3.5,left-hand,0.5546,0.4454
3,3.5,left-hand,0.6994,0.3006
3,3.5,right-hand,0.1018,0.8982
3,3.5,right-hand,0.2785,0.7215
3,3.5,right-hand,0.5885,0.4115
3,3.5,left-hand,0.3805,0.6195
3,3.5,right-hand,0.5485,0.4515
3,3.5,left-hand,0.7734,0.2266
3,3.5,left-hand,0.8722,0.1278
3,3.5,left-hand,0.8462,0.1538
3,3.5,right-hand,0.4286,0.5714
3,3.5,left-hand,0.5208,0.4792
4,3.5,right-hand,0.8855,0.1145
4,3.5,left-hand,0.945,0.055
4,3.5,right-hand,0.9824,0.0176
4,3.5,left-hand,0.8262,0.1738
4,3.5,left-hand,0.9628,0.0372
4,3.5,right-hand,0.7093,0.2907
4,3.5,right-hand,0.9158,0.0842
4,3.5,left-hand,0.8184,0.1816
4,3.5,right-hand,0.3067,0.6933
4,3.5,right-hand,0.5592,0.4408
4,3.5,right-hand,0.5106,0.4894
4,3.5,left-hand,0.7186,0.2814
4,3.5,left-hand,0.8749,0.1251
4,3.5,right-hand,0.572,0.428
4,3.5,left-hand,0.8501,0.1499
4,3.5,left-hand,0.7815,0.2185
4,3.5,right-hand,0.4546,0.5454
4,3.5,right-hand,0.501,0.499
4,3.5,right-hand,0.6605,0.3395
4,3.5,left-hand,0.5265,0.4735
4,3.5,right-hand,0.1617,0.8383
4,3.5,left-hand,0.6637,0.3363
4,3.5,left-hand,0.9943,0.0057
4,3.5,left-hand,0.985,0.015
4,3.5,right-hand,0.2838,0.7162
4,3.5,left-hand,0.8105,0.1895
4,3.5,left-hand,0.9051,0.0949
4,3.5,left-hand,0.5944,0.4056
4,3.5,left-hand,0.8697,0.1303
4,3.5,left-hand,0.9054,0.0946
4,3.5,left-hand,0.9373,0.0627
4,3.5,right-hand,0.0364,0.9636
4,3.5,right-hand,0.0778,0.9222
4,3.5,right-hand,0.9262,0.0738
4,3.5,left-hand,0.8031,0.1969
4,3.5,left-hand,0.5797,0.4203
4,3.5,right-hand,0.6651,0.3349
4,3.5,right-hand,0.1269,0.8731
4,3.5,left-hand,0.2967,0.7033
4,3.5,right-hand,0.5892,0.4108
4,3.5,left-hand,0.7109,0.2891
4,3.5,right-hand,0.8926,0.1074
4,3.5,left-hand,0.9471,0.0529
4,3.5,left-hand,0.8917,0.1083
4,3.5,left-hand,0.9639,0.0361
4,3.5,right-hand,0.7818,0.2182
4,3.5,right-hand,0.3068,0.6932
4,3.5,left-hand,0.9998,0.0002
4,3.5,right-hand,0.2105,0.7895
4,3.5,right-hand,0.3523,0.6477
4,3.5,right-hand,0.4118,0.5882
4,3.5,left-hand,0.7313,0.2687
4,3.5,left-hand,0.9529,0.0471
4,3.5,right-hand,0.09,0.91
4,3.5,left-hand,0.8317,0.1683
4,3.5,right-hand,0.5448,0.4552
4,3.5,right-hand,0.4342,0.5658
4,3.5,right-hand,0.696,0.304
4,3.5,left-hand,0.6306,0.3694
4,3.5,right-hand,0.1113,0.8887
4,3.5,left-hand,0.5902,0.4098
4,3.5,left-hand,0.482,0.518
4,3.5,left-hand,0.8981,0.1019
4,3.5,right-hand,0.025,0.975
4,3.5,left-hand,0.3786,0.6214
4,3.5,right-hand,0.0124,0.9876
4,3.5,right-hand,0.204,0.796
4,3.5,left-hand,0.8741,0.1259
4,3.5,left-hand,0.68,0.32
4,3.5,left-hand,0.7721,0.2279
4,3.5,right-hand,0.2394,0.7606
4,3.5,left-hand,0.8831,0.1169
4,3.5,left-hand,0.4318,0.5682
4,3.5,right-hand,0.6233,0.3767
4,3.5,right-hand,0.0361,0.9639
4,3.5,right-hand,0.3705,0.6295
4,3.5,left-hand,0.6816,0.3184
4,3.5,right-hand,0.2451,0.7549
4,3.5,right-hand,1.0,0.0
4,3.5,right-hand,0.2207,0.7793
4,3.5,left-hand,0.4389,0.5611
4,3.5,right-hand,0.081,0.919
4,3.5,left-hand,0.1332,0.8668
4,3.5,right-hand,0.5293,0.4707
4,3.5,right-hand,0.7257,0.2743
4,3.5,left-hand,0.9032,0.0968
4,3.5,right-hand,0.3877,0.6123
4,3.5,left-hand,0.8174,0.1826
4,3.5,right-hand,0.0219,0.9781
4,3.5,right-hand,0.0074,0.9926
4,3.5,left-hand,0.175,0.825
4,3.5,left-hand,0.5563,0.4437
4,3.5,right-hand,0.2635,0.7365
4,3.5,right-hand,0.1494,0.8506
4,3.5,left-hand,0.3396,0.6604
4,3.5,right-hand,0.1578,0.8422
4,3.5,left-hand,0.414,0.586
4,3.5,right-hand,0.4631,0.5369
4,3.5,right-hand,0.2787,0.7213
4,3.5,left-hand,0.5986,0.4014
4,3.5,left-hand,0.6709,0.3291
4,3.5,right-hand,0.0221,0.9779
4,3.5,left-hand,0.019,0.981
4,3.5,left-hand,0.7561,0.2439
4,3.5,left-hand,0.7946,0.2054
4,3.5,left-hand,0.9496,0.0504
4,3.5,left-hand,0.6211,0.3789
4,3.5,left-hand,0.8756,0.1244
4,3.5,right-hand,0.0916,0.9084
4,3.5,right-hand,0.0691,0.9309
4,3.5,left-hand,0.0929,0.9071
4,3.5,right-hand,0.1936,0.8064
4,3.5,left-hand,0.0746,0.9254
4,3.5,left-hand,0.8875,0.1125
4,3.5,right-hand,0.5183,0.4817
4,3.5,right-hand,0.7041,0.2959
4,3.5,right-hand,0.3834,0.6166
4,3.5,left-hand,0.7084,0.2916
4,3.5,left-hand,0.9663,0.0337
4,3.5,left-hand,0.9859,0.0141
4,3.5,left-hand,0.8699,0.1301
4,3.5,right-hand,0.2049,0.7951
4,3.5,right-hand,0.6699,0.3301
4,3.5,right-hand,0.6226,0.3774
4,3.5,right-hand,0.3208,0.6792
4,3.5,left-hand,0.5787,0.4213
4,3.5,right-hand,0.699,0.301
4,3.5,right-hand,0.7315,0.2685
4,3.5,left-hand,0.0057,0.9943
4,3.5,right-hand,0.603,0.397
4,3.5,left-hand,0.9823,0.0177
4,3.5,left-hand,0.8282,0.1718
4,3.5,right-hand,0.1615,0.8385
4,3.5,left-hand,0.9094,0.0906
4,3.5,left-hand,0.7274,0.2726
4,3.5,right-hand,0.859,0.141
4,3.5,left-hand,0.8732,0.1268
4,3.5,right-hand,0.7766,0.2234
4,3.5,right-hand,0.1333,0.8667
4,3.5,right-hand,0.0805,0.9195
4,3.5,right-hand,0.4168,0.5832
4,3.5,left-hand,0.9604,0.0396
4,3.5,left-hand,0.8643,0.1357
4,3.5,right-hand,0.1282,0.8718
5,3.5,right-hand,0.8041,0.1959
5,3.5,left-hand,0.7758,0.2242
5,3.5,left-hand,0.9245,0.0755
5,3.5,right-hand,0.5151,0.4849
5,3.5,right-hand,0.0996,0.9004
5,3.5,right-hand,0.2654,0.7346
5,3.5,left-hand,0.4108,0.5892
5,3.5,left-hand,0.5903,0.4097
5,3.5,right-hand,0.5848,0.4152
5,3.5,left-hand,0.1873,0.8127
5,3.5,right-hand,0.812,0.188
5,3.5,right-hand,0.8545,0.1455
5,3.5,right-hand,0.8555,0.1445
5,3.5,left-hand,0.7642,0.2358
5,3.5,left-hand,0.685,0.315
5,3.5,right-hand,0.5385,0.4615
5,3.5,right-hand,0.1845,0.8155
5,3.5,right-hand,0.4016,0.5984
5,3.5,left-hand,0.9078,0.0922
5,3.5,left-hand,0.2567,0.7433
5,3.5,right-hand,0.4971,0.5029
5,3.5,left-hand,0.9224,0.0776
5,3.5,left-hand,0.5352,0.4648
5,3.5,left-hand,0.779,0.221
5,3.5,right-hand,0.5827,0.4173
5,3.5,left-hand,0.7203,0.2797
5,3.5,left-hand,0.8434,0.1566
5,3.5,left-hand,0.8038,0.1962
5,3.5,right-hand,0.1226,0.8774
5,3.5,right-hand,0.0873,0.9127
5,3.5,right-hand,0.9569,0.0431
5,3.5,right-hand,0.4119,0.5881
5,3.5,right-hand,0.0911,0.9089
5,3.5,left-hand,0.8696,0.1304
5,3.5,left-hand,0.8088,0.1912
5,3.5,left-hand,0.9392,0.0608
5,3.5,right-hand,0.3434,0.6566
5,3.5,right-hand,0.7844,0.2156
5,3.5,left-hand,0.5707,0.4293
5,3.5,right-hand,0.1403,0.8597
5,3.5,left-hand,0.9735,0.0265
5,3.5,right-hand,0.9435,0.0565
5,3.5,right-hand,0.3497,0.6503
5,3.5,left-hand,0.9999,0.0001
5,3.5,left-hand,0.0395,0.9605
5,3.5,left-hand,0.499,0.501
5,3.5,left-hand,0.9016,0.0984
5,3.5,left-hand,0.9212,0.0788
5,3.5,right-hand,0.7624,0.2376
5,3.5,left-hand,0.9131,0.0869
5,3.5,left-hand,0.5638,0.4362
5,3.5,right-hand,0.5545,0.4455
5,3.5,right-hand,0.7879,0.2121
5,3.5,left-hand,0.5859,0.4141
5,3.5,right-hand,0.0709,0.9291
5,3.5,right-hand,0.2441,0.7559
5,3.5,left-hand,0.6907,0.3093
5,3.5,left-hand,0.4472,0.5528
5,3.5,left-hand,0.7173,0.2827
5,3.5,left-hand,0.8642,0.1358
5,3.5,left-hand,0.4949,0.5051
5,3.5,left-hand,0.5838,0.4162
5,3.5,left-hand,0.6545,0.3455
5,3.5,right-hand,0.3912,0.6088
5,3.5,right-hand,0.289,0.711
5,3.5,left-hand,0.8577,0.1423
5,3.5,right-hand,0.2606,0.7394
5,3.5,right-hand,0.9087,0.0913
5,3.5,right-hand,0.6039,0.3961
5,3.5,left-hand,0.927,0.073
5,3.5,right-hand,0.0044,0.9956
5,3.5,left-hand,0.7505,0.2495
5,3.5,right-hand,0.4989,0.5011
5,3.5,right-hand,0.1638,0.8362
5,3.5,right-hand,0.491,0.509
5,3.5,right-hand,0.1029,0.8971
5,3.5,left-hand,0.4591,0.5409
5,3.5,left-hand,0.6047,0.3953
5,3.5,left-hand,0.0605,0.9395
5,3.5,left-hand,0.3838,0.6162
5,3.5,left-hand,0.5747,0.4253
5,3.5,right-hand,0.7204,0.2796
5,3.5,left-hand,0.1133,0.8867
5,3.5,right-hand,0.1044,0.8956
5,3.5,left-hand,0.4955,0.5045
5,3.5,right-hand,0.228,0.772
5,3.5,right-hand,0.1235,0.8765
5,3.5,left-hand,0.3969,0.6031
5,3.5,right-hand,0.0506,0.9494
5,3.5,right-hand,0.0458,0.9542
5,3.5,left-hand,0.6548,0.3452
5,3.5,right-hand,0.626,0.374
5,3.5,right-hand,0.2626,0.7374
5,3.5,left-hand,0.5634,0.4366
5,3.5,left-hand,0.6595,0.3405
5,3.5,left-hand,0.7368,0.2632
5,3.5,right-hand,0.4379,0.5621
5,3.5,right-hand,0.6043,0.3957
5,3.5,right-hand,0.3323,0.6677
5,3.5,right-hand,0.7681,0.2319
5,3.5,right-hand,0.0321,0.9679
5,3.5,left-hand,0.4216,0.5784
5,3.5,right-hand,0.3828,0.6172
5,3.5,left-hand,0.5886,0.4114
5,3.5,left-hand,0.6205,0.3795
5,3.5,left-hand,0.5181,0.4819
5,3.5,left-hand,0.5189,0.4811
5,3.5,left-hand,0.6227,0.3773
5,3.5,right-hand,0.5302,0.4698
5,3.5,right-hand,0.2193,0.7807
5,3.5,left-hand,0.7799,0.2201
5,3.5,left-hand,0.8559,0.1441
5,3.5,left-hand,0.8579,0.1421
5,3.5,right-hand,0.4473,0.5527
5,3.5,right-hand,0.4495,0.5505
5,3.5,right-hand,0.0861,0.9139
5,3.5,right-hand,0.2442,0.7558
5,3.5,right-hand,0.1001,0.8999
5,3.5,right-hand,0.0261,0.9739
5,3.5,left-hand,0.9155,0.0845
5,3.5,left-hand,0.2903,0.7097
5,3.5,left-hand,0.9614,0.0386
5,3.5,right-hand,0.3129,0.6871
5,3.5,left-hand,0.5471,0.4529
5,3.5,right-hand,0.9369,0.0631
5,3.5,left-hand,0.5512,0.4488
5,3.5,right-hand,0.7859,0.2141
5,3.5,right-hand,0.2517,0.7483
5,3.5,left-hand,0.6429,0.3571
5,3.5,right-hand,0.256,0.744
5,3.5,left-hand,0.698,0.302
5,3.5,right-hand,0.707,0.293
5,3.5,right-hand,0.2273,0.7727
5,3.5,left-hand,0.5792,0.4208
5,3.5,left-hand,0.8051,0.1949
5,3.5,left-hand,0.8632,0.1368
5,3.5,right-hand,0.4273,0.5727
5,3.5,right-hand,0.1743,0.8257
5,3.5,right-hand,0.5535,0.4465
5,3.5,left-hand,0.845,0.155
5,3.5,right-hand,0.1097,0.8903
5,3.5,left-hand,0.9121,0.0879
5,3.5,left-hand,0.7894,0.2106
5,3.5,right-hand,0.3491,0.6509
