fold,tmin,true_label,left-hand,right-hand
1,3.5,right-hand,0.0755,0.9245
1,3.5,right-hand,0.0544,0.9456
1,3.5,right-hand,0.0111,0.9889
1,3.5,left-hand,0.8799,0.1201
1,3.5,right-hand,0.1142,0.8858
1,3.5,right-hand,0.0277,0.9723
1,3.5,right-hand,0.0301,0.9699
1,3.5,left-hand,0.8108,0.1892
1,3.5,left-hand,0.4797,0.5203
1,3.5,right-hand,0.021,0.979
1,3.5,right-hand,0.0149,0.9851
1,3.5,left-hand,0.9184,0.0816
1,3.5,right-hand,0.0103,0.9897
1,3.5,right-hand,0.0103,0.9897
1,3.5,left-hand,0.2632,0.7368
1,3.5,right-hand,0.0377,0.9623
1,3.5,right-hand,0.0119,0.9881
1,3.5,left-hand,0.6229,0.3771
1,3.5,left-hand,0.8987,0.1013
1,3.5,left-hand,0.912,0.088
1,3.5,left-hand,0.974,0.026
1,3.5,right-hand,0.957,0.043
1,3.5,right-hand,0.1077,0.8923
1,3.5,left-hand,0.9314,0.0686
1,3.5,right-hand,0.8566,0.1434
1,3.5,right-hand,0.9782,0.0218
1,3.5,left-hand,0.8035,0.1965
1,3.5,right-hand,0.1396,0.8604
1,3.5,right-hand,0.0984,0.9016
1,3.5,right-hand,0.2685,0.7315
1,3.5,left-hand,0.6515,0.3485
1,3.5,left-hand,0.9709,0.0291
1,3.5,left-hand,0.9281,0.0719
1,3.5,left-hand,0.9537,0.0463
1,3.5,right-hand,0.1537,0.8463
1,3.5,right-hand,0.1347,0.8653
1,3.5,right-hand,0.1118,0.8882
1,3.5,left-hand,0.9529,0.0471
1,3.5,left-hand,0.9984,0.0016
1,3.5,left-hand,0.9697,0.0303
1,3.5,left-hand,0.945,0.055
1,3.5,right-hand,0.7944,0.2056
1,3.5,right-hand,0.2304,0.7696
1,3.5,left-hand,0.9757,0.0243
1,3.5,right-hand,0.8489,0.1511
1,3.5,left-hand,0.9773,0.0227
1,3.5,left-hand,0.1404,0.8596
1,3.5,left-hand,0.4393,0.5607
1,3.5,left-hand,0.9986,0.0014
1,3.5,right-hand,0.0162,0.9838
1,3.5,right-hand,0.0855,0.9145
1,3.5,left-hand,0.4678,0.5322
1,3.5,left-hand,0.5683,0.4317
1,3.5,left-hand,0.5997,0.4003
1,3.5,right-hand,0.2451,0.7549
1,3.5,right-hand,0.152,0.848
1,3.5,right-hand,0.5567,0.4433
1,3.5,left-hand,0.6745,0.3255
1,3.5,right-hand,0.0249,0.9751
1,3.5,right-hand,0.0028,0.9972
1,3.5,left-hand,0.9165,0.0835
1,3.5,left-hand,0.9988,0.0012
1,3.5,left-hand,0.2602,0.7398
1,3.5,right-hand,0.0041,0.9959
1,3.5,left-hand,0.8755,0.1245
1,3.5,right-hand,0.37,0.63
1,3.5,right-hand,0.3265,0.6735
1,3.5,right-hand,0.0037,0.9963
1,3.5,right-hand,0.0162,0.9838
1,3.5,left-hand,0.916,0.084
1,3.5,left-hand,0.9979,0.0021
1,3.5,left-hand,0.8196,0.1804
1,3.5,left-hand,0.9439,0.0561
1,3.5,left-hand,0.8868,0.1132
1,3.5,left-hand,0.0175,0.9825
1,3.5,right-hand,0.0401,0.9599
1,3.5,right-hand,0.0076,0.9924
1,3.5,left-hand,0.9538,0.0462
1,3.5,left-hand,0.9304,0.0696
1,3.5,left-hand,0.9983,0.0017
1,3.5,left-hand,0.9092,0.0908
1,3.5,right-hand,0.0355,0.9645
1,3.5,left-hand,0.491,0.509
1,3.5,right-hand,0.3563,0.6437
1,3.5,left-hand,0.9943,0.0057
1,3.5,right-hand,0.0201,0.9799
1,3.5,left-hand,0.3792,0.6208
1,3.5,right-hand,0.808,0.192
1,3.5,right-hand,0.0784,0.9216
1,3.5,right-hand,0.0044,0.9956
1,3.5,right-hand,0.0011,0.9989
1,3.5,right-hand,0.9905,0.0095
1,3.5,right-hand,0.2542,0.7458
1,3.5,left-hand,0.4517,0.5483
1,3.5,left-hand,0.9872,0.0128
1,3.5,right-hand,0.0562,0.9438
1,3.5,left-hand,0.8876,0.1124
1,3.5,left-hand,0.716,0.284
1,3.5,left-hand,0.8631,0.1369
1,3.5,left-hand,0.9936,0.0064
1,3.5,left-hand,0.6518,0.3482
1,3.5,right-hand,0.1238,0.8762
1,3.5,left-hand,0.9508,0.0492
1,3.5,left-hand,0.0685,0.9315
1,3.5,left-hand,0.9885,0.0115
1,3.5,left-hand,0.9589,0.0411
1,3.5,right-hand,0.2306,0.7694
1,3.5,left-hand,0.047,0.953
1,3.5,left-hand,0.6503,0.3497
1,3.5,right-hand,0.0272,0.9728
1,3.5,right-hand,0.0106,0.9894
1,3.5,right-hand,0.0152,0.9848
1,3.5,left-hand,0.6228,0.3772
1,3.5,left-hand,0.3889,0.6111
1,3.5,left-hand,0.8267,0.1733
1,3.5,right-hand,0.1748,0.8252
1,3.5,right-hand,0.0472,0.9528
1,3.5,right-hand,0.2096,0.7904
1,3.5,right-hand,0.7865,0.2135
1,3.5,right-hand,0.3677,0.6323
1,3.5,right-hand,0.0222,0.9778
1,3.5,left-hand,0.7586,0.2414
1,3.5,left-hand,0.9951,0.0049
1,3.5,right-hand,0.0094,0.9906
1,3.5,left-hand,0.9445,0.0555
1,3.5,right-hand,0.0993,0.9007
1,3.5,right-hand,0.0199,0.9801
1,3.5,right-hand,0.8128,0.1872
1,3.5,right-hand,0.0199,0.9801
1,3.5,right-hand,0.004,0.996
1,3.5,right-hand,0.4415,0.5585
1,3.5,left-hand,0.8743,0.1257
1,3.5,right-hand,0.0571,0.9429
1,3.5,right-hand,0.078,0.922
1,3.5,right-hand,0.5978,0.4022
1,3.5,left-hand,0.8573,0.1427
1,3.5,right-hand,0.4849,0.5151
1,3.5,left-hand,0.4846,0.5154
1,3.5,left-hand,0.5367,0.4633
1,3.5,left-hand,0.8733,0.1267
1,3.5,right-hand,0.0233,0.9767
1,3.5,left-hand,0.9949,0.0051
1,3.5,left-hand,0.9683,0.0317
1,3.5,left-hand,0.9637,0.0363
1,3.5,right-hand,0.0028,0.9972
1,3.5,right-hand,0.6757,0.3243
1,3.5,left-hand,0.9021,0.0979
1,3.5,left-hand,0.7936,0.2064
2,3.5,left-hand,0.9554,0.0446
2,3.5,right-hand,0.9824,0.0176
2,3.5,right-hand,0.0058,0.9942
2,3.5,left-hand,0.5054,0.4946
2,3.5,right-hand,0.0619,0.9381
2,3.5,left-hand,0.9986,0.0014
2,3.5,left-hand,0.0148,0.9852
2,3.5,left-hand,0.9815,0.0185
2,3.5,left-hand,0.9935,0.0065
2,3.5,right-hand,0.0025,0.9975
2,3.5,left-hand,0.0274,0.9726
2,3.5,right-hand,0.8438,0.1562
2,3.5,right-hand,0.0066,0.9934
2,3.5,right-hand,0.3164,0.6836
2,3.5,left-hand,0.4512,0.5488
2,3.5,left-hand,0.889,0.111
2,3.5,right-hand,0.0059,0.9941
2,3.5,right-hand,0.0349,0.9651
2,3.5,right-hand,0.9217,0.0783
2,3.5,left-hand,0.9024,0.0976
2,3.5,left-hand,0.8463,0.1537
2,3.5,right-hand,0.071,0.929
2,3.5,right-hand,0.0195,0.9805
2,3.5,right-hand,0.3726,0.6274
2,3.5,right-hand,0.9546,0.0454
2,3.5,right-hand,0.9069,0.0931
2,3.5,left-hand,0.9033,0.0967
2,3.5,left-hand,0.6464,0.3536
2,3.5,right-hand,0.4296,0.5704
2,3.5,right-hand,0.0459,0.9541
2,3.5,left-hand,0.9025,0.0975
2,3.5,right-hand,0.0053,0.9947
2,3.5,right-hand,0.0319,0.9681
2,3.5,left-hand,0.8666,0.1334
2,3.5,right-hand,0.0434,0.9566
2,3.5,right-hand,0.3722,0.6278
2,3.5,right-hand,0.9929,0.0071
2,3.5,right-hand,0.1943,0.8057
2,3.5,left-hand,0.9935,0.0065
2,3.5,left-hand,0.5343,0.4657
2,3.5,left-hand,0.9925,0.0075
2,3.5,left-hand,0.9955,0.0045
2,3.5,right-hand,0.2185,0.7815
2,3.5,right-hand,0.0576,0.9424
2,3.5,left-hand,0.4761,0.5239
2,3.5,right-hand,0.7888,0.2112
2,3.5,left-hand,0.876,0.124
2,3.5,right-hand,0.9602,0.0398
2,3.5,right-hand,0.9346,0.0654
2,3.5,left-hand,0.8667,0.1333
2,3.5,right-hand,0.9828,0.0172
2,3.5,left-hand,0.9418,0.0582
2,3.5,right-hand,0.0658,0.9342
2,3.5,right-hand,0.9503,0.0497
2,3.5,right-hand,0.3628,0.6372
2,3.5,left-hand,0.9976,0.0024
2,3.5,left-hand,0.9852,0.0148
2,3.5,right-hand,0.0165,0.9835
2,3.5,right-hand,0.031,0.969
2,3.5,right-hand,0.1848,0.8152
2,3.5,right-hand,0.011,0.989
2,3.5,right-hand,0.002,0.998
2,3.5,right-hand,0.0011,0.9989
2,3.5,left-hand,0.1235,0.8765
2,3.5,left-hand,0.9955,0.0045
2,3.5,left-hand,0.9919,0.0081
2,3.5,right-hand,0.0739,0.9261
2,3.5,right-hand,0.0086,0.9914
2,3.5,left-hand,0.3422,0.6578
2,3.5,right-hand,0.0095,0.9905
2,3.5,left-hand,0.9568,0.0432
2,3.5,left-hand,0.9473,0.0527
2,3.5,left-hand,0.9284,0.0716
2,3.5,right-hand,0.0083,0.9917
2,3.5,left-hand,0.8745,0.1255
2,3.5,right-hand,0.6896,0.3104
2,3.5,right-hand,0.0115,0.9885
2,3.5,left-hand,0.7861,0.2139
2,3.5,left-hand,0.9973,0.0027
2,3.5,right-hand,0.0657,0.9343
2,3.5,right-hand,0.0094,0.9906
2,3.5,left-hand,0.9796,0.0204
2,3.5,right-hand,0.0064,0.9936
2,3.5,left-hand,0.9794,0.0206
2,3.5,right-hand,0.0091,0.9909
2,3.5,right-hand,0.1344,0.8656
2,3.5,left-hand,0.9828,0.0172
2,3.5,right-hand,0.3414,0.6586
2,3.5,right-hand,0.1055,0.8945
2,3.5,right-hand,0.7721,0.2279
2,3.5,left-hand,0.9679,0.0321
2,3.5,left-hand,0.9733,0.0267
2,3.5,left-hand,0.9833,0.0167
2,3.5,right-hand,0.2697,0.7303
2,3.5,left-hand,0.9929,0.0071
2,3.5,left-hand,0.9448,0.0552
2,3.5,left-hand,0.5447,0.4553
2,3.5,right-hand,0.4196,0.5804
2,3.5,left-hand,0.799,0.201
2,3.5,right-hand,0.1982,0.8018
2,3.5,left-hand,0.9969,0.0031
2,3.5,left-hand,0.9722,0.0278
2,3.5,left-hand,0.7994,0.2006
2,3.5,left-hand,0.5683,0.4317
2,3.5,right-hand,0.9233,0.0767
2,3.5,right-hand,0.3639,0.6361
2,3.5,right-hand,0.0014,0.9986
2,3.5,right-hand,0.0344,0.9656
2,3.5,right-hand,0.0441,0.9559
2,3.5,left-hand,0.9839,0.0161
2,3.5,left-hand,0.9823,0.0177
2,3.5,right-hand,0.5794,0.4206
2,3.5,right-hand,0.9394,0.0606
2,3.5,right-hand,0.0491,0.9509
2,3.5,left-hand,0.9514,0.0486
2,3.5,left-hand,0.9606,0.0394
2,3.5,left-hand,0.9976,0.0024
2,3.5,left-hand,0.1902,0.8098
2,3.5,left-hand,0.9084,0.0916
2,3.5,left-hand,0.2733,0.7267
2,3.5,left-hand,0.9985,0.0015
2,3.5,right-hand,0.0666,0.9334
2,3.5,left-hand,0.9624,0.0376
2,3.5,left-hand,0.7982,0.2018
2,3.5,left-hand,0.9771,0.0229
2,3.5,right-hand,0.0127,0.9873
2,3.5,right-hand,0.0752,0.9248
2,3.5,left-hand,0.9664,0.0336
2,3.5,left-hand,0.9274,0.0726
2,3.5,right-hand,0.1038,0.8962
2,3.5,left-hand,0.9811,0.0189
2,3.5,left-hand,0.273,0.727
2,3.5,left-hand,0.9976,0.0024
2,3.5,right-hand,0.0095,0.9905
2,3.5,left-hand,0.9817,0.0183
2,3.5,left-hand,0.9914,0.0086
2,3.5,left-hand,0.9959,0.0041
2,3.5,left-hand,0.9671,0.0329
2,3.5,left-hand,0.9774,0.0226
2,3.5,right-hand,0.0081,0.9919
2,3.5,right-hand,0.1209,0.8791
2,3.5,right-hand,0.0195,0.9805
2,3.5,right-hand,0.0064,0.9936
2,3.5,left-hand,0.9433,0.0567
2,3.5,left-hand,0.7511,0.2489
2,3.5,left-hand,0.9982,0.0018
2,3.5,right-hand,0.0691,0.9309
2,3.5,right-hand,0.2332,0.7668
3,3.5,left-hand,0.0267,0.9733
3,3.5,left-hand,0.0673,0.9327
3,3.5,right-hand,0.0025,0.9975
3,3.5,right-hand,0.5983,0.4017
3,3.5,left-hand,0.5901,0.4099
3,3.5,left-hand,0.9682,0.0318
3,3.5,left-hand,0.4268,0.5732
3,3.5,right-hand,0.0099,0.9901
3,3.5,right-hand,0.0346,0.9654
3,3.5,right-hand,0.0099,0.9901
3,3.5,right-hand,0.0204,0.9796
3,3.5,left-hand,0.091,0.909
3,3.5,right-hand,0.0103,0.9897
3,3.5,right-hand,0.0537,0.9463
3,3.5,left-hand,0.7767,0.2233
3,3.5,left-hand,0.2627,0.7373
3,3.5,right-hand,0.0063,0.9937
3,3.5,left-hand,0.8888,0.1112
3,3.5,left-hand,0.8054,0.1946
3,3.5,left-hand,0.8873,0.1127
3,3.5,left-hand,0.0127,0.9873
3,3.5,left-hand,0.8802,0.1198
3,3.5,left-hand,0.1324,0.8676
3,3.5,left-hand,0.4543,0.5457
3,3.5,right-hand,0.0147,0.9853
3,3.5,right-hand,0.0068,0.9932
3,3.5,left-hand,0.664,0.336
3,3.5,right-hand,0.5836,0.4164
3,3.5,right-hand,0.023,0.977
3,3.5,left-hand,0.984,0.016
3,3.5,left-hand,0.9838,0.0162
3,3.5,right-hand,0.1224,0.8776
3,3.5,right-hand,0.1556,0.8444
3,3.5,left-hand,0.6051,0.3949
3,3.5,left-hand,0.9887,0.0113
3,3.5,right-hand,0.5642,0.4358
3,3.5,left-hand,0.0998,0.9002
3,3.5,right-hand,0.0482,0.9518
3,3.5,right-hand,0.0888,0.9112
3,3.5,left-hand,0.9859,0.0141
3,3.5,left-hand,0.9932,0.0068
3,3.5,right-hand,0.1657,0.8343
3,3.5,left-hand,0.9995,0.0005
3,3.5,right-hand,0.0043,0.9957
3,3.5,left-hand,0.9946,0.0054
3,3.5,right-hand,0.1009,0.8991
3,3.5,right-hand,0.9705,0.0295
3,3.5,right-hand,0.0344,0.9656
3,3.5,left-hand,0.9968,0.0032
3,3.5,right-hand,0.5423,0.4577
3,3.5,left-hand,0.6281,0.3719
3,3.5,right-hand,0.5998,0.4002
3,3.5,left-hand,0.9947,0.0053
3,3.5,left-hand,0.7218,0.2782
3,3.5,right-hand,0.6941,0.3059
3,3.5,right-hand,0.0037,0.9963
3,3.5,left-hand,0.6098,0.3902
3,3.5,left-hand,0.5859,0.4141
3,3.5,left-hand,0.9982,0.0018
3,3.5,right-hand,0.0408,0.9592
3,3.5,right-hand,0.0102,0.9898
3,3.5,left-hand,0.1192,0.8808
3,3.5,left-hand,0.9326,0.0674
3,3.5,right-hand,0.0061,0.9939
3,3.5,right-hand,0.1678,0.8322
3,3.5,left-hand,0.9846,0.0154
3,3.5,right-hand,0.0321,0.9679
3,3.5,right-hand,0.0042,0.9958
3,3.5,left-hand,0.1296,0.8704
3,3.5,left-hand,0.5648,0.4352
3,3.5,right-hand,0.8876,0.1124
3,3.5,right-hand,0.0085,0.9915
3,3.5,right-hand,0.0414,0.9586
3,3.5,right-hand,0.0531,0.9469
3,3.5,left-hand,0.9916,0.0084
3,3.5,right-hand,0.0045,0.9955
3,3.5,left-hand,0.8168,0.1832
3,3.5,right-hand,0.0063,0.9937
3,3.5,left-hand,0.8999,0.1001
3,3.5,right-hand,0.0102,0.9898
3,3.5,left-hand,0.9062,0.0938
3,3.5,left-hand,0.9571,0.0429
3,3.5,left-hand,0.9745,0.0255
3,3.5,left-hand,0.9982,0.0018
3,3.5,left-hand,0.9955,0.0045
3,3.5,left-hand,0.9864,0.0136
3,3.5,left-hand,0.9845,0.0155
3,3.5,right-hand,0.0952,0.9048
3,3.5,right-hand,0.0088,0.9912
3,3.5,left-hand,0.9851,0.0149
3,3.5,right-hand,0.0023,0.9977
3,3.5,left-hand,0.9814,0.0186
3,3.5,right-hand,0.1129,0.8871
3,3.5,right-hand,0.5696,0.4304
3,3.5,right-hand,0.0031,0.9969
3,3.5,right-hand,0.2019,0.7981
3,3.5,right-hand,0.2368,0.7632
3,3.5,left-hand,0.9466,0.0534
3,3.5,left-hand,0.6827,0.3173
3,3.5,left-hand,0.984,0.016
3,3.5,right-hand,0.0017,0.9983
3,3.5,left-hand,0.5725,0.4275
3,3.5,left-hand,0.0356,0.9644
3,3.5,left-hand,0.8718,0.1282
3,3.5,left-hand,0.9202,0.0798
3,3.5,right-hand,0.0205,0.9795
3,3.5,right-hand,0.0222,0.9778
3,3.5,right-hand,0.1995,0.8005
3,3.5,right-hand,0.0079,0.9921
3,3.5,left-hand,0.8624,0.1376
3,3.5,left-hand,0.9818,0.0182
3,3.5,left-hand,0.9852,0.0148
3,3.5,right-hand,0.0417,0.9583
3,3.5,left-hand,0.2827,0.7173
3,3.5,right-hand,0.7422,0.2578
3,3.5,left-hand,0.8848,0.1152
3,3.5,right-hand,0.0223,0.9777
3,3.5,right-hand,0.2125,0.7875
3,3.5,right-hand,0.3088,0.6912
3,3.5,left-hand,0.8401,0.1599
3,3.5,left-hand,0.1754,0.8246
3,3.5,left-hand,0.9952,0.0048
3,3.5,right-hand,0.1197,0.8803
3,3.5,right-hand,0.7024,0.2976
3,3.5,right-hand,0.1126,0.8874
3,3.5,right-hand,0.3179,0.6821
3,3.5,right-hand,0.0037,0.9963
3,3.5,right-hand,0.0223,0.9777
3,3.5,left-hand,0.682,0.318
3,3.5,right-hand,0.9322,0.0678
3,3.5,right-hand,0.0696,0.9304
3,3.5,left-hand,0.9632,0.0368
3,3.5,right-hand,0.0798,0.9202
3,3.5,right-hand,0.0062,0.9938
3,3.5,right-hand,0.0403,0.9597
3,3.5,left-hand,0.8871,0.1129
3,3.5,left-hand,0.7094,0.2906
3,3.5,right-hand,0.0157,0.9843
3,3.5,left-hand,0.9705,0.0295
3,3.5,right-hand,0.0214,0.9786
3,3.5,left-hand,0.1556,0.8444
3,3.5,left-hand,0.9885,0.0115
3,3.5,left-hand,0.9475,0.0525
3,3.5,right-hand,0.2357,0.7643
3,3.5,left-hand,0.9229,0.0771
3,3.5,right-hand,0.3059,0.6941
3,3.5,right-hand,0.5605,0.4395
3,3.5,left-hand,0.7567,0.2433
4,3.5,left-hand,0.9176,0.0824
4,3.5,left-hand,0.0729,0.9271
4,3.5,right-hand,0.0078,0.9922
4,3.5,right-hand,0.0022,0.9978
4,3.5,right-hand,0.5801,0.4199
4,3.5,right-hand,0.0746,0.9254
4,3.5,left-hand,0.0172,0.9828
4,3.5,left-hand,0.9888,0.0112
4,3.5,right-hand,0.0507,0.9493
4,3.5,right-hand,0.0559,0.9441
4,3.5,right-hand,0.0057,0.9943
4,3.5,left-hand,0.9545,0.0455
4,3.5,left-hand,0.1238,0.8762
4,3.5,right-hand,0.0019,0.9981
4,3.5,right-hand,0.0204,0.9796
4,3.5,left-hand,0.9344,0.0656
4,3.5,left-hand,0.2789,0.7211
4,3.5,left-hand,0.06,0.94
4,3.5,left-hand,0.8331,0.1669
4,3.5,left-hand,0.859,0.141
4,3.5,right-hand,0.0008,0.9992
4,3.5,right-hand,0.3398,0.6602
4,3.5,left-hand,0.2694,0.7306
4,3.5,left-hand,0.1529,0.8471
4,3.5,left-hand,0.0311,0.9689
4,3.5,right-hand,0.0216,0.9784
4,3.5,right-hand,0.6036,0.3964
4,3.5,left-hand,0.9598,0.0402
4,3.5,left-hand,0.8737,0.1263
4,3.5,left-hand,0.9555,0.0445
4,3.5,left-hand,0.1733,0.8267
4,3.5,right-hand,0.004,0.996
4,3.5,right-hand,0.0364,0.9636
4,3.5,right-hand,0.0764,0.9236
4,3.5,right-hand,0.9644,0.0356
4,3.5,right-hand,0.0111,0.9889
4,3.5,left-hand,0.9992,0.0008
4,3.5,left-hand,0.8061,0.1939
4,3.5,left-hand,0.9756,0.0244
4,3.5,left-hand,0.2761,0.7239
4,3.5,right-hand,0.0094,0.9906
4,3.5,left-hand,0.938,0.062
4,3.5,right-hand,0.0142,0.9858
4,3.5,right-hand,0.0029,0.9971
4,3.5,left-hand,0.595,0.405
4,3.5,right-hand,0.5196,0.4804
4,3.5,left-hand,0.9319,0.0681
4,3.5,left-hand,0.4247,0.5753
4,3.5,left-hand,0.9029,0.0971
4,3.5,left-hand,0.7794,0.2206
4,3.5,right-hand,0.6862,0.3138
4,3.5,right-hand,0.0054,0.9946
4,3.5,right-hand,0.0114,0.9886
4,3.5,left-hand,0.9427,0.0573
4,3.5,right-hand,0.9203,0.0797
4,3.5,right-hand,0.899,0.101
4,3.5,left-hand,0.9333,0.0667
4,3.5,left-hand,0.9708,0.0292
4,3.5,left-hand,0.3951,0.6049
4,3.5,right-hand,0.0455,0.9545
4,3.5,left-hand,0.9269,0.0731
4,3.5,left-hand,0.9868,0.0132
4,3.5,left-hand,0.9373,0.0627
4,3.5,right-hand,0.9746,0.0254
4,3.5,left-hand,0.08,0.92
4,3.5,left-hand,0.99,0.01
4,3.5,left-hand,0.9778,0.0222
4,3.5,right-hand,0.0056,0.9944
4,3.5,right-hand,0.031,0.969
4,3.5,right-hand,0.0089,0.9911
4,3.5,right-hand,0.0018,0.9982
4,3.5,left-hand,0.9957,0.0043
4,3.5,left-hand,0.9997,0.0003
4,3.5,left-hand,0.6204,0.3796
4,3.5,right-hand,0.2798,0.7202
4,3.5,left-hand,0.8127,0.1873
4,3.5,right-hand,0.0035,0.9965
4,3.5,left-hand,0.9855,0.0145
4,3.5,right-hand,0.0063,0.9937
4,3.5,right-hand,0.569,0.431
4,3.5,right-hand,0.0278,0.9722
4,3.5,left-hand,0.996,0.004
4,3.5,right-hand,0.009,0.991
4,3.5,left-hand,0.0906,0.9094
4,3.5,right-hand,0.6073,0.3927
4,3.5,right-hand,0.8357,0.1643
4,3.5,left-hand,0.8782,0.1218
4,3.5,right-hand,0.0985,0.9015
4,3.5,right-hand,0.0134,0.9866
4,3.5,left-hand,0.9988,0.0012
4,3.5,right-hand,0.8644,0.1356
4,3.5,right-hand,0.0681,0.9319
4,3.5,right-hand,0.9774,0.0226
4,3.5,right-hand,0.0047,0.9953
4,3.5,right-hand,0.4619,0.5381
4,3.5,left-hand,0.999,0.001
4,3.5,left-hand,0.8967,0.1033
4,3.5,right-hand,0.9909,0.0091
4,3.5,right-hand,0.0351,0.9649
4,3.5,right-hand,0.5521,0.4479
4,3.5,right-hand,0.6726,0.3274
4,3.5,left-hand,0.914,0.086
4,3.5,left-hand,0.9946,0.0054
4,3.5,right-hand,0.0053,0.9947
4,3.5,left-hand,0.9904,0.0096
4,3.5,left-hand,0.9786,0.0214
4,3.5,left-hand,0.9977,0.0023
4,3.5,left-hand,0.9965,0.0035
4,3.5,left-hand,0.9899,0.0101
4,3.5,right-hand,0.0982,0.9018
4,3.5,left-hand,0.9929,0.0071
4,3.5,left-hand,0.9895,0.0105
4,3.5,right-hand,0.6095,0.3905
4,3.5,left-hand,0.9691,0.0309
4,3.5,right-hand,0.9596,0.0404
4,3.5,right-hand,0.9979,0.0021
4,3.5,left-hand,0.9939,0.0061
4,3.5,right-hand,0.0194,0.9806
4,3.5,right-hand,0.0293,0.9707
4,3.5,right-hand,0.0031,0.9969
4,3.5,left-hand,0.9653,0.0347
4,3.5,left-hand,0.8374,0.1626
4,3.5,right-hand,0.8077,0.1923
4,3.5,left-hand,0.0282,0.9718
4,3.5,left-hand,0.995,0.005
4,3.5,right-hand,0.9149,0.0851
4,3.5,left-hand,0.724,0.276
4,3.5,left-hand,0.9457,0.0543
4,3.5,right-hand,0.1155,0.8845
4,3.5,left-hand,0.1222,0.8778
4,3.5,left-hand,0.6053,0.3947
4,3.5,left-hand,0.7396,0.2604
4,3.5,right-hand,0.0224,0.9776
4,3.5,right-hand,0.3796,0.6204
4,3.5,right-hand,0.0029,0.9971
4,3.5,right-hand,0.0114,0.9886
4,3.5,left-hand,0.9954,0.0046
4,3.5,right-hand,0.9704,0.0296
4,3.5,left-hand,0.9833,0.0167
4,3.5,right-hand,0.0129,0.9871
4,3.5,right-hand,0.4209,0.5791
4,3.5,left-hand,0.3616,0.6384
4,3.5,right-hand,0.0017,0.9983
4,3.5,right-hand,0.1014,0.8986
4,3.5,right-hand,0.0403,0.9597
4,3.5,left-hand,0.9019,0.0981
4,3.5,left-hand,0.9869,0.0131
4,3.5,right-hand,0.0128,0.9872
5,3.5,right-hand,0.0124,0.9876
5,3.5,left-hand,0.6303,0.3697
5,3.5,left-hand,0.9558,0.0442
5,3.5,right-hand,0.5853,0.4147
5,3.5,right-hand,0.4046,0.5954
5,3.5,left-hand,0.4762,0.5238
5,3.5,left-hand,0.2521,0.7479
5,3.5,left-hand,0.4589,0.5411
5,3.5,right-hand,0.0023,0.9977
5,3.5,left-hand,0.3241,0.6759
5,3.5,left-hand,0.6074,0.3926
5,3.5,left-hand,0.746,0.254
5,3.5,right-hand,0.0246,0.9754
5,3.5,left-hand,0.1775,0.8225
5,3.5,left-hand,0.2083,0.7917
5,3.5,right-hand,0.0029,0.9971
5,3.5,left-hand,0.7228,0.2772
5,3.5,right-hand,0.0142,0.9858
5,3.5,left-hand,0.8783,0.1217
5,3.5,right-hand,0.0076,0.9924
5,3.5,right-hand,0.0238,0.9762
5,3.5,left-hand,0.8773,0.1227
5,3.5,right-hand,0.9258,0.0742
5,3.5,right-hand,0.2267,0.7733
5,3.5,left-hand,0.3035,0.6965
5,3.5,right-hand,0.0451,0.9549
5,3.5,left-hand,0.8853,0.1147
5,3.5,right-hand,0.2306,0.7694
5,3.5,left-hand,0.965,0.035
5,3.5,right-hand,0.0469,0.9531
5,3.5,left-hand,0.5611,0.4389
5,3.5,right-hand,0.2071,0.7929
5,3.5,left-hand,0.992,0.008
5,3.5,left-hand,0.989,0.011
5,3.5,left-hand,0.9377,0.0623
5,3.5,left-hand,0.9171,0.0829
5,3.5,left-hand,0.562,0.438
5,3.5,right-hand,0.1084,0.8916
5,3.5,right-hand,0.0156,0.9844
5,3.5,right-hand,0.1159,0.8841
5,3.5,left-hand,0.4046,0.5954
5,3.5,right-hand,0.3423,0.6577
5,3.5,left-hand,0.9228,0.0772
5,3.5,right-hand,0.3684,0.6316
5,3.5,left-hand,0.5549,0.4451
5,3.5,right-hand,0.0227,0.9773
5,3.5,right-hand,0.1567,0.8433
5,3.5,right-hand,0.0134,0.9866
5,3.5,right-hand,0.0103,0.9897
5,3.5,right-hand,0.1053,0.8947
5,3.5,left-hand,0.9705,0.0295
5,3.5,right-hand,0.0074,0.9926
5,3.5,left-hand,0.9963,0.0037
5,3.5,left-hand,0.9857,0.0143
5,3.5,right-hand,0.4941,0.5059
5,3.5,left-hand,0.5157,0.4843
5,3.5,left-hand,0.1909,0.8091
5,3.5,left-hand,0.946,0.054
5,3.5,right-hand,0.2859,0.7141
5,3.5,right-hand,0.6793,0.3207
5,3.5,left-hand,0.9247,0.0753
5,3.5,right-hand,0.1796,0.8204
5,3.5,right-hand,0.1931,0.8069
5,3.5,right-hand,0.0266,0.9734
5,3.5,left-hand,0.5914,0.4086
5,3.5,right-hand,0.0606,0.9394
5,3.5,right-hand,0.014,0.986
5,3.5,left-hand,0.1343,0.8657
5,3.5,left-hand,0.993,0.007
5,3.5,right-hand,0.0584,0.9416
5,3.5,left-hand,0.9795,0.0205
5,3.5,left-hand,0.9976,0.0024
5,3.5,right-hand,0.0065,0.9935
5,3.5,right-hand,0.4016,0.5984
5,3.5,left-hand,0.2924,0.7076
5,3.5,left-hand,0.1386,0.8614
5,3.5,right-hand,0.0143,0.9857
5,3.5,right-hand,0.3676,0.6324
5,3.5,right-hand,0.2514,0.7486
5,3.5,right-hand,0.0094,0.9906
5,3.5,right-hand,0.0097,0.9903
5,3.5,right-hand,0.0257,0.9743
5,3.5,left-hand,0.9822,0.0178
5,3.5,left-hand,0.9794,0.0206
5,3.5,left-hand,0.9495,0.0505
5,3.5,left-hand,0.9333,0.0667
5,3.5,left-hand,0.8593,0.1407
5,3.5,left-hand,0.9889,0.0111
5,3.5,left-hand,0.526,0.474
5,3.5,right-hand,0.0016,0.9984
5,3.5,right-hand,0.0281,0.9719
5,3.5,left-hand,0.9973,0.0027
5,3.5,right-hand,0.0509,0.9491
5,3.5,left-hand,0.989,0.011
5,3.5,right-hand,0.6766,0.3234
5,3.5,right-hand,0.8197,0.1803
5,3.5,left-hand,0.993,0.007
5,3.5,right-hand,0.2978,0.7022
5,3.5,left-hand,0.9565,0.0435
5,3.5,left-hand,0.8413,0.1587
5,3.5,right-hand,0.1843,0.8157
5,3.5,left-hand,0.9825,0.0175
5,3.5,left-hand,0.9817,0.0183
5,3.5,right-hand,0.6225,0.3775
5,3.5,right-hand,0.0051,0.9949
5,3.5,right-hand,0.3731,0.6269
5,3.5,left-hand,0.4183,0.5817
5,3.5,left-hand,0.9974,0.0026
5,3.5,left-hand,0.9883,0.0117
5,3.5,right-hand,0.1108,0.8892
5,3.5,right-hand,0.0532,0.9468
5,3.5,left-hand,0.9892,0.0108
5,3.5,left-hand,0.9936,0.0064
5,3.5,right-hand,0.9973,0.0027
5,3.5,right-hand,0.0089,0.9911
5,3.5,right-hand,0.1281,0.8719
5,3.5,left-hand,0.9784,0.0216
5,3.5,right-hand,0.0087,0.9913
5,3.5,right-hand,0.3256,0.6744
5,3.5,right-hand,0.0449,0.9551
5,3.5,right-hand,0.0695,0.9305
5,3.5,left-hand,0.984,0.016
5,3.5,left-hand,0.957,0.043
5,3.5,left-hand,0.7828,0.2172
5,3.5,left-hand,0.9924,0.0076
5,3.5,right-hand,0.8065,0.1935
5,3.5,right-hand,0.0207,0.9793
5,3.5,left-hand,0.9786,0.0214
5,3.5,left-hand,0.9391,0.0609
5,3.5,right-hand,0.036,0.964
5,3.5,right-hand,0.0709,0.9291
5,3.5,right-hand,0.1257,0.8743
5,3.5,right-hand,0.2258,0.7742
5,3.5,left-hand,0.9796,0.0204
5,3.5,right-hand,0.1706,0.8294
5,3.5,left-hand,0.8965,0.1035
5,3.5,left-hand,0.9782,0.0218
5,3.5,left-hand,0.876,0.124
5,3.5,left-hand,0.8986,0.1014
5,3.5,right-hand,0.209,0.791
5,3.5,right-hand,0.0208,0.9792
5,3.5,left-hand,0.8922,0.1078
5,3.5,right-hand,0.0271,0.9729
5,3.5,left-hand,0.9731,0.0269
5,3.5,right-hand,0.1024,0.8976
5,3.5,left-hand,0.9795,0.0205
5,3.5,left-hand,0.9948,0.0052
5,3.5,right-hand,0.0391,0.9609
