fold,tmin,true_label,left-hand,right-hand
1,2.5,left-hand,0.7355,0.2645
1,2.5,right-hand,0.0842,0.9158
1,2.5,left-hand,0.537,0.463
1,2.5,right-hand,0.0004,0.9996
1,2.5,left-hand,0.9382,0.0618
1,2.5,right-hand,0.1314,0.8686
1,2.5,left-hand,0.9972,0.0028
1,2.5,right-hand,0.0323,0.9677
1,2.5,left-hand,0.3029,0.6971
1,2.5,left-hand,0.8202,0.1798
1,2.5,left-hand,0.0328,0.9672
1,2.5,right-hand,0.9867,0.0133
1,2.5,left-hand,0.9998,0.0002
1,2.5,right-hand,0.0283,0.9717
1,2.5,right-hand,0.1152,0.8848
1,2.5,left-hand,0.9995,0.0005
1,2.5,left-hand,0.6432,0.3568
1,2.5,right-hand,0.6212,0.3788
1,2.5,right-hand,0.0,1.0
1,2.5,right-hand,0.0019,0.9981
1,2.5,right-hand,0.6094,0.3906
1,2.5,left-hand,0.999,0.001
1,2.5,left-hand,0.0245,0.9755
1,2.5,left-hand,0.6662,0.3338
1,2.5,left-hand,0.9951,0.0049
1,2.5,left-hand,1.0,0.0
1,2.5,right-hand,0.0,1.0
1,2.5,right-hand,0.1159,0.8841
1,2.5,left-hand,0.2464,0.7536
1,2.5,left-hand,0.9975,0.0025
1,2.5,right-hand,0.0059,0.9941
1,2.5,right-hand,0.6709,0.3291
1,2.5,right-hand,0.0368,0.9632
1,2.5,right-hand,0.0394,0.9606
1,2.5,left-hand,0.0603,0.9397
1,2.5,right-hand,0.3567,0.6433
1,2.5,left-hand,0.0746,0.9254
1,2.5,right-hand,0.3858,0.6142
1,2.5,left-hand,0.5902,0.4098
1,2.5,left-hand,0.981,0.019
1,2.5,right-hand,0.0121,0.9879
1,2.5,left-hand,0.9992,0.0008
1,2.5,left-hand,0.9694,0.0306
1,2.5,right-hand,0.9639,0.0361
1,2.5,left-hand,0.9985,0.0015
1,2.5,left-hand,0.0918,0.9082
1,2.5,right-hand,0.9689,0.0311
1,2.5,right-hand,0.0234,0.9766
1,2.5,right-hand,0.3145,0.6855
1,2.5,left-hand,0.9774,0.0226
1,2.5,right-hand,0.7451,0.2549
1,2.5,right-hand,0.0,1.0
1,2.5,left-hand,0.863,0.137
1,2.5,right-hand,0.9671,0.0329
1,2.5,right-hand,0.0001,0.9999
1,2.5,right-hand,0.0455,0.9545
1,2.5,left-hand,0.9959,0.0041
1,2.5,left-hand,0.0041,0.9959
2,2.5,right-hand,0.0007,0.9993
2,2.5,left-hand,0.9973,0.0027
2,2.5,right-hand,0.8612,0.1388
2,2.5,left-hand,0.9113,0.0887
2,2.5,right-hand,0.0891,0.9109
2,2.5,right-hand,0.0001,0.9999
2,2.5,right-hand,0.0101,0.9899
2,2.5,right-hand,0.8721,0.1279
2,2.5,right-hand,0.1076,0.8924
2,2.5,left-hand,0.9158,0.0842
2,2.5,left-hand,0.9881,0.0119
2,2.5,right-hand,0.0285,0.9715
2,2.5,left-hand,0.9886,0.0114
2,2.5,left-hand,0.1226,0.8774
2,2.5,right-hand,0.0002,0.9998
2,2.5,left-hand,0.9956,0.0044
2,2.5,left-hand,0.9996,0.0004
2,2.5,right-hand,0.3019,0.6981
2,2.5,left-hand,0.9998,0.0002
2,2.5,right-hand,0.0,1.0
2,2.5,right-hand,0.1119,0.8881
2,2.5,left-hand,0.7351,0.2649
2,2.5,right-hand,0.0058,0.9942
2,2.5,left-hand,0.3751,0.6249
2,2.5,left-hand,0.7596,0.2404
2,2.5,right-hand,0.008,0.992
2,2.5,right-hand,0.0814,0.9186
2,2.5,left-hand,0.852,0.148
2,2.5,left-hand,0.2353,0.7647
2,2.5,right-hand,0.7661,0.2339
2,2.5,right-hand,0.5397,0.4603
2,2.5,left-hand,0.6462,0.3538
2,2.5,left-hand,0.9934,0.0066
2,2.5,left-hand,0.2901,0.7099
2,2.5,left-hand,0.7599,0.2401
2,2.5,right-hand,0.0335,0.9665
2,2.5,right-hand,0.0122,0.9878
2,2.5,right-hand,0.1441,0.8559
2,2.5,right-hand,0.0827,0.9173
2,2.5,left-hand,0.9615,0.0385
2,2.5,left-hand,0.9698,0.0302
2,2.5,left-hand,1.0,0.0
2,2.5,left-hand,0.9968,0.0032
2,2.5,left-hand,0.9995,0.0005
2,2.5,right-hand,0.4675,0.5325
2,2.5,right-hand,0.4555,0.5445
2,2.5,left-hand,0.1881,0.8119
2,2.5,right-hand,0.1911,0.8089
2,2.5,left-hand,0.9998,0.0002
2,2.5,right-hand,0.3742,0.6258
2,2.5,left-hand,0.8143,0.1857
2,2.5,left-hand,0.9632,0.0368
2,2.5,left-hand,0.995,0.005
2,2.5,right-hand,0.2071,0.7929
2,2.5,left-hand,1.0,0.0
2,2.5,right-hand,0.0089,0.9911
2,2.5,right-hand,0.86,0.14
2,2.5,right-hand,0.9965,0.0035
3,2.5,right-hand,0.0216,0.9784
3,2.5,left-hand,0.9555,0.0445
3,2.5,left-hand,0.9376,0.0624
3,2.5,left-hand,0.9983,0.0017
3,2.5,left-hand,0.9726,0.0274
3,2.5,right-hand,0.0092,0.9908
3,2.5,right-hand,0.9826,0.0174
3,2.5,left-hand,1.0,0.0
3,2.5,right-hand,0.001,0.999
3,2.5,left-hand,0.9474,0.0526
3,2.5,left-hand,0.9993,0.0007
3,2.5,right-hand,0.0035,0.9965
3,2.5,right-hand,0.0006,0.9994
3,2.5,right-hand,0.9162,0.0838
3,2.5,right-hand,0.0014,0.9986
3,2.5,left-hand,0.9973,0.0027
3,2.5,left-hand,0.8045,0.1955
3,2.5,right-hand,0.1018,0.8982
3,2.5,left-hand,0.9965,0.0035
3,2.5,right-hand,0.0006,0.9994
3,2.5,left-hand,0.9995,0.0005
3,2.5,right-hand,0.0302,0.9698
3,2.5,right-hand,0.0983,0.9017
3,2.5,left-hand,0.9931,0.0069
3,2.5,left-hand,0.994,0.006
3,2.5,right-hand,0.0,1.0
3,2.5,left-hand,0.9909,0.0091
3,2.5,right-hand,0.0001,0.9999
3,2.5,right-hand,0.0,1.0
3,2.5,left-hand,0.963,0.037
3,2.5,left-hand,0.9982,0.0018
3,2.5,left-hand,0.5686,0.4314
3,2.5,right-hand,0.0001,0.9999
3,2.5,left-hand,0.9188,0.0812
3,2.5,left-hand,0.0409,0.9591
3,2.5,right-hand,0.2706,0.7294
3,2.5,left-hand,0.9942,0.0058
3,2.5,right-hand,0.1783,0.8217
3,2.5,left-hand,0.9967,0.0033
3,2.5,right-hand,0.9917,0.0083
3,2.5,right-hand,0.9532,0.0468
3,2.5,right-hand,0.975,0.025
3,2.5,left-hand,0.0004,0.9996
3,2.5,right-hand,0.7092,0.2908
3,2.5,left-hand,1.0,0.0
3,2.5,right-hand,0.0293,0.9707
3,2.5,left-hand,0.1922,0.8078
3,2.5,right-hand,0.1564,0.8436
3,2.5,left-hand,0.9978,0.0022
3,2.5,left-hand,0.7158,0.2842
3,2.5,right-hand,0.0673,0.9327
3,2.5,left-hand,0.9998,0.0002
3,2.5,right-hand,0.2596,0.7404
3,2.5,right-hand,0.0013,0.9987
3,2.5,right-hand,0.9994,0.0006
3,2.5,right-hand,0.0,1.0
3,2.5,left-hand,0.9892,0.0108
3,2.5,left-hand,0.981,0.019
4,2.5,left-hand,0.9988,0.0012
4,2.5,right-hand,0.0191,0.9809
4,2.5,right-hand,0.4383,0.5617
4,2.5,left-hand,0.7147,0.2853
4,2.5,left-hand,0.6627,0.3373
4,2.5,right-hand,0.1103,0.8897
4,2.5,left-hand,0.9073,0.0927
4,2.5,right-hand,0.4375,0.5625
4,2.5,left-hand,0.9991,0.0009
4,2.5,right-hand,0.0738,0.9262
4,2.5,left-hand,1.0,0.0
4,2.5,right-hand,0.0012,0.9988
4,2.5,left-hand,0.9967,0.0033
4,2.5,left-hand,1.0,0.0
4,2.5,left-hand,0.9591,0.0409
4,2.5,right-hand,0.0078,0.9922
4,2.5,right-hand,0.0472,0.9528
4,2.5,left-hand,0.8835,0.1165
4,2.5,left-hand,0.2666,0.7334
4,2.5,right-hand,0.2708,0.7292
4,2.5,left-hand,0.9998,0.0002
4,2.5,right-hand,0.0005,0.9995
4,2.5,right-hand,0.1011,0.8989
4,2.5,right-hand,0.0522,0.9478
4,2.5,right-hand,0.0495,0.9505
4,2.5,left-hand,0.9969,0.0031
4,2.5,right-hand,0.0568,0.9432
4,2.5,left-hand,0.9999,0.0001
4,2.5,right-hand,0.0135,0.9865
4,2.5,left-hand,0.9875,0.0125
4,2.5,left-hand,0.0041,0.9959
4,2.5,right-hand,0.1567,0.8433
4,2.5,right-hand,0.0321,0.9679
4,2.5,right-hand,0.059,0.941
4,2.5,left-hand,0.3496,0.6504
4,2.5,left-hand,0.9958,0.0042
4,2.5,right-hand,0.7069,0.2931
4,2.5,left-hand,0.9952,0.0048
4,2.5,right-hand,0.9234,0.0766
4,2.5,right-hand,0.0966,0.9034
4,2.5,right-hand,0.5617,0.4383
4,2.5,right-hand,0.944,0.056
4,2.5,left-hand,0.9999,0.0001
4,2.5,left-hand,0.8087,0.1913
4,2.5,right-hand,0.0035,0.9965
4,2.5,left-hand,0.9967,0.0033
4,2.5,right-hand,0.0051,0.9949
4,2.5,left-hand,0.2856,0.7144
4,2.5,left-hand,0.9655,0.0345
4,2.5,left-hand,0.9999,0.0001
4,2.5,left-hand,0.8695,0.1305
4,2.5,right-hand,0.0368,0.9632
4,2.5,right-hand,0.0007,0.9993
4,2.5,right-hand,0.6271,0.3729
4,2.5,left-hand,0.9955,0.0045
4,2.5,left-hand,0.9884,0.0116
4,2.5,left-hand,0.9973,0.0027
5,2.5,left-hand,0.96,0.04
5,2.5,right-hand,0.457,0.543
5,2.5,right-hand,0.0013,0.9987
5,2.5,right-hand,0.6556,0.3444
5,2.5,left-hand,0.9702,0.0298
5,2.5,left-hand,1.0,0.0
5,2.5,left-hand,0.9996,0.0004
5,2.5,left-hand,1.0,0.0
5,2.5,left-hand,0.9999,0.0001
5,2.5,right-hand,0.006,0.994
5,2.5,right-hand,0.0,1.0
5,2.5,right-hand,0.0012,0.9988
5,2.5,left-hand,1.0,0.0
5,2.5,right-hand,0.0023,0.9977
5,2.5,left-hand,0.9999,0.0001
5,2.5,right-hand,0.2365,0.7635
5,2.5,right-hand,0.0051,0.9949
5,2.5,right-hand,0.0857,0.9143
5,2.5,right-hand,0.3071,0.6929
5,2.5,right-hand,0.0002,0.9998
5,2.5,left-hand,0.9803,0.0197
5,2.5,right-hand,0.0382,0.9618
5,2.5,right-hand,0.0077,0.9923
5,2.5,left-hand,0.7755,0.2245
5,2.5,left-hand,0.0569,0.9431
5,2.5,left-hand,0.9999,0.0001
5,2.5,left-hand,0.979,0.021
5,2.5,left-hand,1.0,0.0
5,2.5,right-hand,0.1678,0.8322
5,2.5,left-hand,0.9997,0.0003
5,2.5,right-hand,0.8395,0.1605
5,2.5,right-hand,0.8864,0.1136
5,2.5,left-hand,1.0,0.0
5,2.5,left-hand,0.0102,0.9898
5,2.5,left-hand,0.996,0.004
5,2.5,right-hand,0.8811,0.1189
5,2.5,left-hand,0.9976,0.0024
5,2.5,right-hand,0.0264,0.9736
5,2.5,right-hand,0.6079,0.3921
5,2.5,left-hand,0.9528,0.0472
5,2.5,right-hand,0.0024,0.9976
5,2.5,right-hand,0.4353,0.5647
5,2.5,left-hand,1.0,0.0
5,2.5,right-hand,0.0859,0.9141
5,2.5,right-hand,0.7289,0.2711
5,2.5,left-hand,0.9931,0.0069
5,2.5,left-hand,0.7104,0.2896
5,2.5,left-hand,0.5282,0.4718
5,2.5,left-hand,0.3802,0.6198
5,2.5,right-hand,0.485,0.515
5,2.5,right-hand,0.7286,0.2714
5,2.5,left-hand,0.999,0.001
5,2.5,right-hand,0.0,1.0
5,2.5,right-hand,0.0101,0.9899
5,2.5,left-hand,0.8674,0.1326
5,2.5,left-hand,0.4603,0.5397
5,2.5,right-hand,0.0775,0.9225
