fold,tmin,true_label,left-hand,right-hand
1,3.5,left-hand,0.9318,0.0682
1,3.5,right-hand,0.2988,0.7012
1,3.5,left-hand,0.2041,0.7959
1,3.5,left-hand,0.3266,0.6734
1,3.5,left-hand,0.6654,0.3346
1,3.5,right-hand,0.1899,0.8101
1,3.5,right-hand,0.1716,0.8284
1,3.5,right-hand,0.313,0.687
1,3.5,right-hand,0.1196,0.8804
1,3.5,left-hand,0.2115,0.7885
1,3.5,right-hand,0.6353,0.3647
1,3.5,left-hand,0.4911,0.5089
1,3.5,right-hand,0.1347,0.8653
1,3.5,left-hand,0.2341,0.7659
1,3.5,right-hand,0.3768,0.6232
1,3.5,left-hand,0.2616,0.7384
1,3.5,right-hand,0.3693,0.6307
1,3.5,left-hand,0.7841,0.2159
1,3.5,left-hand,0.0855,0.9145
1,3.5,right-hand,0.1187,0.8813
1,3.5,left-hand,0.5623,0.4377
1,3.5,left-hand,0.8743,0.1257
1,3.5,left-hand,0.4517,0.5483
1,3.5,right-hand,0.1668,0.8332
1,3.5,left-hand,0.806,0.194
1,3.5,right-hand,0.7801,0.2199
1,3.5,right-hand,0.1348,0.8652
1,3.5,left-hand,0.6575,0.3425
1,3.5,left-hand,0.2968,0.7032
1,3.5,right-hand,0.1597,0.8403
1,3.5,right-hand,0.1026,0.8974
1,3.5,right-hand,0.176,0.824
1,3.5,right-hand,0.225,0.775
1,3.5,left-hand,0.9215,0.0785
1,3.5,left-hand,0.1702,0.8298
1,3.5,right-hand,0.1516,0.8484
1,3.5,left-hand,0.4361,0.5639
1,3.5,right-hand,0.8067,0.1933
1,3.5,left-hand,0.3669,0.6331
1,3.5,right-hand,0.6348,0.3652
1,3.5,right-hand,0.3366,0.6634
1,3.5,left-hand,0.7726,0.2274
1,3.5,left-hand,0.0444,0.9556
1,3.5,right-hand,0.2431,0.7569
1,3.5,right-hand,0.0835,0.9165
1,3.5,right-hand,0.0699,0.9301
1,3.5,left-hand,0.1466,0.8534
1,3.5,left-hand,0.137,0.863
1,3.5,left-hand,0.8937,0.1063
1,3.5,left-hand,0.6964,0.3036
1,3.5,right-hand,0.1197,0.8803
1,3.5,left-hand,0.5358,0.4642
1,3.5,left-hand,0.4716,0.5284
1,3.5,right-hand,0.1421,0.8579
1,3.5,right-hand,0.5831,0.4169
1,3.5,right-hand,0.4679,0.5321
1,3.5,right-hand,0.1467,0.8533
1,3.5,left-hand,0.9089,0.0911
1,3.5,right-hand,0.2859,0.7141
1,3.5,left-hand,0.469,0.531
1,3.5,right-hand,0.0388,0.9612
1,3.5,right-hand,0.0923,0.9077
1,3.5,left-hand,0.7209,0.2791
1,3.5,left-hand,0.8094,0.1906
1,3.5,left-hand,0.4005,0.5995
1,3.5,right-hand,0.1765,0.8235
1,3.5,left-hand,0.4776,0.5224
1,3.5,right-hand,0.3377,0.6623
1,3.5,right-hand,0.1521,0.8479
1,3.5,right-hand,0.1536,0.8464
1,3.5,right-hand,0.1121,0.8879
1,3.5,left-hand,0.8687,0.1313
1,3.5,left-hand,0.9221,0.0779
1,3.5,right-hand,0.2295,0.7705
1,3.5,right-hand,0.9444,0.0556
1,3.5,right-hand,0.5482,0.4518
1,3.5,right-hand,0.0109,0.9891
1,3.5,left-hand,0.0257,0.9743
1,3.5,right-hand,0.3772,0.6228
1,3.5,right-hand,0.7058,0.2942
1,3.5,left-hand,0.1238,0.8762
1,3.5,right-hand,0.3576,0.6424
1,3.5,left-hand,0.3361,0.6639
1,3.5,left-hand,0.361,0.639
1,3.5,left-hand,0.6662,0.3338
1,3.5,right-hand,0.1772,0.8228
1,3.5,left-hand,0.8816,0.1184
1,3.5,left-hand,0.7917,0.2083
1,3.5,left-hand,0.5416,0.4584
1,3.5,right-hand,0.8397,0.1603
1,3.5,left-hand,0.7398,0.2602
1,3.5,right-hand,0.0854,0.9146
1,3.5,right-hand,0.7486,0.2514
1,3.5,right-hand,0.812,0.188
1,3.5,right-hand,0.4021,0.5979
1,3.5,right-hand,0.34,0.66
1,3.5,left-hand,0.9468,0.0532
1,3.5,right-hand,0.4843,0.5157
1,3.5,right-hand,0.1054,0.8946
1,3.5,left-hand,0.9146,0.0854
1,3.5,right-hand,0.0216,0.9784
1,3.5,left-hand,0.8009,0.1991
1,3.5,left-hand,0.895,0.105
1,3.5,right-hand,0.8561,0.1439
1,3.5,right-hand,0.1458,0.8542
1,3.5,left-hand,0.9726,0.0274
1,3.5,left-hand,0.622,0.378
1,3.5,left-hand,0.8052,0.1948
1,3.5,right-hand,0.4255,0.5745
1,3.5,right-hand,0.0427,0.9573
1,3.5,left-hand,0.8152,0.1848
1,3.5,right-hand,0.126,0.874
1,3.5,left-hand,0.864,0.136
1,3.5,left-hand,0.0812,0.9188
1,3.5,left-hand,0.829,0.171
1,3.5,left-hand,0.1642,0.8358
1,3.5,left-hand,0.2603,0.7397
1,3.5,right-hand,0.5085,0.4915
1,3.5,right-hand,0.326,0.674
1,3.5,left-hand,0.8506,0.1494
1,3.5,left-hand,0.3766,0.6234
1,3.5,left-hand,0.9138,0.0862
1,3.5,right-hand,0.4532,0.5468
1,3.5,left-hand,0.0786,0.9214
1,3.5,left-hand,0.1517,0.8483
1,3.5,left-hand,0.5727,0.4273
1,3.5,left-hand,0.5921,0.4079
1,3.5,left-hand,0.8924,0.1076
1,3.5,left-hand,0.7089,0.2911
1,3.5,right-hand,0.3769,0.6231
1,3.5,right-hand,0.1653,0.8347
1,3.5,right-hand,0.1573,0.8427
1,3.5,right-hand,0.9,0.1
1,3.5,left-hand,0.4469,0.5531
1,3.5,left-hand,0.9137,0.0863
1,3.5,right-hand,0.931,0.069
1,3.5,left-hand,0.89,0.11
1,3.5,right-hand,0.7439,0.2561
1,3.5,right-hand,0.0828,0.9172
1,3.5,right-hand,0.425,0.575
1,3.5,left-hand,0.9835,0.0165
1,3.5,left-hand,0.8554,0.1446
1,3.5,right-hand,0.686,0.314
1,3.5,right-hand,0.3484,0.6516
2,3.5,right-hand,0.8048,0.1952
2,3.5,right-hand,0.825,0.175
2,3.5,left-hand,0.3756,0.6244
2,3.5,left-hand,0.3803,0.6197
2,3.5,right-hand,0.382,0.618
2,3.5,left-hand,0.5012,0.4988
2,3.5,left-hand,0.5114,0.4886
2,3.5,left-hand,0.7993,0.2007
2,3.5,right-hand,0.2742,0.7258
2,3.5,left-hand,0.8191,0.1809
2,3.5,right-hand,0.571,0.429
2,3.5,right-hand,0.235,0.765
2,3.5,right-hand,0.252,0.748
2,3.5,left-hand,0.9081,0.0919
2,3.5,right-hand,0.5624,0.4376
2,3.5,left-hand,0.8921,0.1079
2,3.5,right-hand,0.2623,0.7377
2,3.5,left-hand,0.4151,0.5849
2,3.5,left-hand,0.2358,0.7642
2,3.5,right-hand,0.9484,0.0516
2,3.5,left-hand,0.0937,0.9063
2,3.5,right-hand,0.2647,0.7353
2,3.5,left-hand,0.9726,0.0274
2,3.5,right-hand,0.5127,0.4873
2,3.5,left-hand,0.7366,0.2634
2,3.5,left-hand,0.6613,0.3387
2,3.5,right-hand,0.4632,0.5368
2,3.5,left-hand,0.6991,0.3009
2,3.5,left-hand,0.9265,0.0735
2,3.5,left-hand,0.115,0.885
2,3.5,left-hand,0.8177,0.1823
2,3.5,right-hand,0.6264,0.3736
2,3.5,right-hand,0.3729,0.6271
2,3.5,left-hand,0.0566,0.9434
2,3.5,right-hand,0.1776,0.8224
2,3.5,left-hand,0.1366,0.8634
2,3.5,left-hand,0.9646,0.0354
2,3.5,right-hand,0.4388,0.5612
2,3.5,right-hand,0.2466,0.7534
2,3.5,right-hand,0.532,0.468
2,3.5,left-hand,0.8052,0.1948
2,3.5,left-hand,0.706,0.294
2,3.5,left-hand,0.9704,0.0296
2,3.5,left-hand,0.5992,0.4008
2,3.5,right-hand,0.4951,0.5049
2,3.5,right-hand,0.2766,0.7234
2,3.5,left-hand,0.2214,0.7786
2,3.5,right-hand,0.03,0.97
2,3.5,left-hand,0.2783,0.7217
2,3.5,right-hand,0.6892,0.3108
2,3.5,left-hand,0.5878,0.4122
2,3.5,left-hand,0.6536,0.3464
2,3.5,right-hand,0.0083,0.9917
2,3.5,left-hand,0.8055,0.1945
2,3.5,left-hand,0.9884,0.0116
2,3.5,right-hand,0.5322,0.4678
2,3.5,left-hand,0.5196,0.4804
2,3.5,left-hand,0.7505,0.2495
2,3.5,left-hand,0.2896,0.7104
2,3.5,right-hand,0.3561,0.6439
2,3.5,left-hand,0.4909,0.5091
2,3.5,right-hand,0.1431,0.8569
2,3.5,left-hand,0.9746,0.0254
2,3.5,right-hand,0.0389,0.9611
2,3.5,left-hand,0.4364,0.5636
2,3.5,left-hand,0.7046,0.2954
2,3.5,right-hand,0.3119,0.6881
2,3.5,right-hand,0.226,0.774
2,3.5,right-hand,0.0611,0.9389
2,3.5,left-hand,0.8373,0.1627
2,3.5,left-hand,0.9568,0.0432
2,3.5,left-hand,0.8822,0.1178
2,3.5,right-hand,0.4139,0.5861
2,3.5,left-hand,0.9767,0.0233
2,3.5,right-hand,0.636,0.364
2,3.5,right-hand,0.3392,0.6608
2,3.5,left-hand,0.5309,0.4691
2,3.5,left-hand,0.4199,0.5801
2,3.5,left-hand,0.7349,0.2651
2,3.5,left-hand,0.6931,0.3069
2,3.5,left-hand,0.5762,0.4238
2,3.5,left-hand,0.9197,0.0803
2,3.5,right-hand,0.4906,0.5094
2,3.5,right-hand,0.9282,0.0718
2,3.5,right-hand,0.0186,0.9814
2,3.5,right-hand,0.8714,0.1286
2,3.5,right-hand,0.5197,0.4803
2,3.5,right-hand,0.2773,0.7227
2,3.5,left-hand,0.7267,0.2733
2,3.5,right-hand,0.048,0.952
2,3.5,right-hand,0.6655,0.3345
2,3.5,right-hand,0.6297,0.3703
2,3.5,left-hand,0.6103,0.3897
2,3.5,right-hand,0.3204,0.6796
2,3.5,left-hand,0.8547,0.1453
2,3.5,right-hand,0.2675,0.7325
2,3.5,right-hand,0.7256,0.2744
2,3.5,left-hand,0.8642,0.1358
2,3.5,right-hand,0.195,0.805
2,3.5,left-hand,0.7873,0.2127
2,3.5,left-hand,0.9707,0.0293
2,3.5,left-hand,0.5693,0.4307
2,3.5,left-hand,0.852,0.148
2,3.5,right-hand,0.3434,0.6566
2,3.5,right-hand,0.3804,0.6196
2,3.5,left-hand,0.8457,0.1543
2,3.5,left-hand,0.4598,0.5402
2,3.5,right-hand,0.1442,0.8558
2,3.5,left-hand,0.6763,0.3237
2,3.5,left-hand,0.041,0.959
2,3.5,left-hand,0.7136,0.2864
2,3.5,right-hand,0.7964,0.2036
2,3.5,right-hand,0.5854,0.4146
2,3.5,right-hand,0.1782,0.8218
2,3.5,right-hand,0.7045,0.2955
2,3.5,right-hand,0.1677,0.8323
2,3.5,right-hand,0.8875,0.1125
2,3.5,right-hand,0.7397,0.2603
2,3.5,left-hand,0.7536,0.2464
2,3.5,right-hand,0.7742,0.2258
2,3.5,right-hand,0.3857,0.6143
2,3.5,right-hand,0.5572,0.4428
2,3.5,left-hand,0.882,0.118
2,3.5,left-hand,0.9361,0.0639
2,3.5,right-hand,0.1491,0.8509
2,3.5,left-hand,0.1258,0.8742
2,3.5,right-hand,0.1166,0.8834
2,3.5,right-hand,0.6871,0.3129
2,3.5,right-hand,0.5369,0.4631
2,3.5,left-hand,0.5913,0.4087
2,3.5,right-hand,0.5127,0.4873
2,3.5,right-hand,0.4236,0.5764
2,3.5,right-hand,0.0837,0.9163
2,3.5,right-hand,0.0999,0.9001
2,3.5,right-hand,0.7369,0.2631
2,3.5,left-hand,0.9354,0.0646
2,3.5,left-hand,0.7411,0.2589
2,3.5,left-hand,0.8573,0.1427
2,3.5,left-hand,0.8525,0.1475
2,3.5,right-hand,0.923,0.077
2,3.5,right-hand,0.7488,0.2512
2,3.5,left-hand,0.858,0.142
2,3.5,right-hand,0.314,0.686
2,3.5,left-hand,0.9478,0.0522
3,3.5,right-hand,0.1714,0.8286
3,3.5,right-hand,0.8964,0.1036
3,3.5,left-hand,0.6687,0.3313
3,3.5,right-hand,0.1031,0.8969
3,3.5,left-hand,0.9858,0.0142
3,3.5,right-hand,0.1132,0.8868
3,3.5,right-hand,0.3742,0.6258
3,3.5,left-hand,0.4732,0.5268
3,3.5,right-hand,0.196,0.804
3,3.5,right-hand,0.0406,0.9594
3,3.5,left-hand,0.8592,0.1408
3,3.5,right-hand,0.6526,0.3474
3,3.5,right-hand,0.4478,0.5522
3,3.5,left-hand,0.8022,0.1978
3,3.5,left-hand,0.9727,0.0273
3,3.5,right-hand,0.46,0.54
3,3.5,right-hand,0.8701,0.1299
3,3.5,right-hand,0.0152,0.9848
3,3.5,left-hand,0.753,0.247
3,3.5,right-hand,0.9794,0.0206
3,3.5,left-hand,0.1772,0.8228
3,3.5,right-hand,0.5994,0.4006
3,3.5,right-hand,0.4083,0.5917
3,3.5,left-hand,0.8138,0.1862
3,3.5,right-hand,0.1006,0.8994
3,3.5,left-hand,0.0736,0.9264
3,3.5,left-hand,0.6734,0.3266
3,3.5,left-hand,0.471,0.529
3,3.5,right-hand,0.3288,0.6712
3,3.5,left-hand,0.3597,0.6403
3,3.5,left-hand,0.5488,0.4512
3,3.5,left-hand,0.5986,0.4014
3,3.5,left-hand,0.8198,0.1802
3,3.5,right-hand,0.1494,0.8506
3,3.5,right-hand,0.6075,0.3925
3,3.5,left-hand,0.544,0.456
3,3.5,left-hand,0.898,0.102
3,3.5,left-hand,0.8206,0.1794
3,3.5,right-hand,0.979,0.021
3,3.5,left-hand,0.8586,0.1414
3,3.5,left-hand,0.483,0.517
3,3.5,right-hand,0.6533,0.3467
3,3.5,right-hand,0.309,0.691
3,3.5,left-hand,0.9357,0.0643
3,3.5,left-hand,0.5569,0.4431
3,3.5,right-hand,0.2196,0.7804
3,3.5,left-hand,0.0364,0.9636
3,3.5,right-hand,0.3629,0.6371
3,3.5,right-hand,0.4895,0.5105
3,3.5,left-hand,0.1067,0.8933
3,3.5,right-hand,0.4121,0.5879
3,3.5,right-hand,0.0697,0.9303
3,3.5,right-hand,0.7821,0.2179
3,3.5,left-hand,0.2508,0.7492
3,3.5,right-hand,0.0471,0.9529
3,3.5,left-hand,0.2735,0.7265
3,3.5,right-hand,0.092,0.908
3,3.5,left-hand,0.1411,0.8589
3,3.5,left-hand,0.1976,0.8024
3,3.5,left-hand,0.3466,0.6534
3,3.5,right-hand,0.8342,0.1658
3,3.5,right-hand,0.0132,0.9868
3,3.5,right-hand,0.0667,0.9333
3,3.5,left-hand,0.7287,0.2713
3,3.5,left-hand,0.9617,0.0383
3,3.5,right-hand,0.066,0.934
3,3.5,right-hand,0.5554,0.4446
3,3.5,right-hand,0.4983,0.5017
3,3.5,left-hand,0.8176,0.1824
3,3.5,left-hand,0.7368,0.2632
3,3.5,left-hand,0.9696,0.0304
3,3.5,left-hand,0.5863,0.4137
3,3.5,left-hand,0.786,0.214
3,3.5,left-hand,0.1133,0.8867
3,3.5,right-hand,0.0976,0.9024
3,3.5,left-hand,0.0597,0.9403
3,3.5,left-hand,0.0557,0.9443
3,3.5,right-hand,0.0161,0.9839
3,3.5,right-hand,0.0418,0.9582
3,3.5,right-hand,0.5102,0.4898
3,3.5,left-hand,0.6279,0.3721
3,3.5,right-hand,0.0727,0.9273
3,3.5,right-hand,0.8125,0.1875
3,3.5,right-hand,0.6032,0.3968
3,3.5,left-hand,0.9502,0.0498
3,3.5,right-hand,0.2321,0.7679
3,3.5,right-hand,0.8136,0.1864
3,3.5,right-hand,0.6083,0.3917
3,3.5,right-hand,0.3725,0.6275
3,3.5,left-hand,0.967,0.033
3,3.5,left-hand,0.9747,0.0253
3,3.5,left-hand,0.8377,0.1623
3,3.5,left-hand,0.882,0.118
3,3.5,left-hand,0.9654,0.0346
3,3.5,right-hand,0.1048,0.8952
3,3.5,left-hand,0.1996,0.8004
3,3.5,left-hand,0.9574,0.0426
3,3.5,right-hand,0.206,0.794
3,3.5,right-hand,0.138,0.862
3,3.5,right-hand,0.2498,0.7502
3,3.5,right-hand,0.0137,0.9863
3,3.5,right-hand,0.1182,0.8818
3,3.5,right-hand,0.0754,0.9246
3,3.5,right-hand,0.6285,0.3715
3,3.5,left-hand,0.7991,0.2009
3,3.5,left-hand,0.6846,0.3154
3,3.5,left-hand,0.3161,0.6839
3,3.5,left-hand,0.7803,0.2197
3,3.5,left-hand,0.7062,0.2938
3,3.5,right-hand,0.0195,0.9805
3,3.5,right-hand,0.4992,0.5008
3,3.5,left-hand,0.9045,0.0955
3,3.5,right-hand,0.3328,0.6672
3,3.5,right-hand,0.0086,0.9914
3,3.5,left-hand,0.7652,0.2348
3,3.5,left-hand,0.8184,0.1816
3,3.5,right-hand,0.7843,0.2157
3,3.5,left-hand,0.9407,0.0593
3,3.5,left-hand,0.8503,0.1497
3,3.5,left-hand,0.6605,0.3395
3,3.5,left-hand,0.9863,0.0137
3,3.5,right-hand,0.4629,0.5371
3,3.5,left-hand,0.9466,0.0534
3,3.5,right-hand,0.5612,0.4388
3,3.5,right-hand,0.4251,0.5749
3,3.5,left-hand,0.3099,0.6901
3,3.5,right-hand,0.2926,0.7074
3,3.5,left-hand,0.2106,0.7894
3,3.5,left-hand,0.853,0.147
3,3.5,left-hand,0.199,0.801
3,3.5,right-hand,0.5454,0.4546
3,3.5,left-hand,0.4378,0.5622
3,3.5,right-hand,0.0216,0.9784
3,3.5,left-hand,0.9466,0.0534
3,3.5,right-hand,0.7069,0.2931
3,3.5,left-hand,0.5102,0.4898
3,3.5,right-hand,0.9416,0.0584
3,3.5,right-hand,0.636,0.364
3,3.5,left-hand,0.3107,0.6893
3,3.5,right-hand,0.9053,0.0947
3,3.5,left-hand,0.0725,0.9275
3,3.5,right-hand,0.8707,0.1293
3,3.5,left-hand,0.6474,0.3526
3,3.5,right-hand,0.3223,0.6777
4,3.5,left-hand,0.4637,0.5363
4,3.5,right-hand,0.3433,0.6567
4,3.5,right-hand,0.0496,0.9504
4,3.5,left-hand,0.0851,0.9149
4,3.5,right-hand,0.9388,0.0612
4,3.5,left-hand,0.4725,0.5275
4,3.5,left-hand,0.7526,0.2474
4,3.5,right-hand,0.5464,0.4536
4,3.5,left-hand,0.5421,0.4579
4,3.5,left-hand,0.3726,0.6274
4,3.5,left-hand,0.8064,0.1936
4,3.5,right-hand,0.5329,0.4671
4,3.5,right-hand,0.6682,0.3318
4,3.5,right-hand,0.8032,0.1968
4,3.5,right-hand,0.0945,0.9055
4,3.5,left-hand,0.5785,0.4215
4,3.5,left-hand,0.7442,0.2558
4,3.5,left-hand,0.2737,0.7263
4,3.5,left-hand,0.8878,0.1122
4,3.5,right-hand,0.2793,0.7207
4,3.5,left-hand,0.5094,0.4906
4,3.5,right-hand,0.7033,0.2967
4,3.5,right-hand,0.9826,0.0174
4,3.5,right-hand,0.0345,0.9655
4,3.5,right-hand,0.7918,0.2082
4,3.5,left-hand,0.3375,0.6625
4,3.5,right-hand,0.2891,0.7109
4,3.5,right-hand,0.3486,0.6514
4,3.5,right-hand,0.1306,0.8694
4,3.5,left-hand,0.9711,0.0289
4,3.5,right-hand,0.77,0.23
4,3.5,left-hand,0.635,0.365
4,3.5,left-hand,0.0407,0.9593
4,3.5,right-hand,0.7898,0.2102
4,3.5,right-hand,0.0345,0.9655
4,3.5,right-hand,0.1068,0.8932
4,3.5,left-hand,0.8289,0.1711
4,3.5,left-hand,0.5456,0.4544
4,3.5,left-hand,0.2553,0.7447
4,3.5,right-hand,0.0724,0.9276
4,3.5,right-hand,0.9435,0.0565
4,3.5,left-hand,0.1569,0.8431
4,3.5,right-hand,0.6663,0.3337
4,3.5,right-hand,0.9677,0.0323
4,3.5,right-hand,0.6487,0.3513
4,3.5,left-hand,0.4218,0.5782
4,3.5,left-hand,0.1611,0.8389
4,3.5,left-hand,0.8302,0.1698
4,3.5,left-hand,0.4655,0.5345
4,3.5,left-hand,0.4924,0.5076
4,3.5,right-hand,0.1684,0.8316
4,3.5,right-hand,0.2173,0.7827
4,3.5,right-hand,0.1021,0.8979
4,3.5,left-hand,0.6794,0.3206
4,3.5,left-hand,0.4594,0.5406
4,3.5,right-hand,0.0614,0.9386
4,3.5,left-hand,0.8656,0.1344
4,3.5,left-hand,0.6101,0.3899
4,3.5,right-hand,0.2345,0.7655
4,3.5,right-hand,0.3466,0.6534
4,3.5,left-hand,0.9916,0.0084
4,3.5,right-hand,0.0089,0.9911
4,3.5,right-hand,0.1958,0.8042
4,3.5,left-hand,0.4411,0.5589
4,3.5,left-hand,0.7696,0.2304
4,3.5,left-hand,0.2188,0.7812
4,3.5,right-hand,0.0587,0.9413
4,3.5,right-hand,0.0083,0.9917
4,3.5,right-hand,0.022,0.978
4,3.5,right-hand,0.2084,0.7916
4,3.5,left-hand,0.8402,0.1598
4,3.5,left-hand,0.6161,0.3839
4,3.5,left-hand,0.7504,0.2496
4,3.5,right-hand,0.3095,0.6905
4,3.5,right-hand,0.6578,0.3422
4,3.5,left-hand,0.5958,0.4042
4,3.5,right-hand,0.4699,0.5301
4,3.5,left-hand,0.5153,0.4847
4,3.5,left-hand,0.1726,0.8274
4,3.5,left-hand,0.683,0.317
4,3.5,left-hand,0.6208,0.3792
4,3.5,right-hand,0.0693,0.9307
4,3.5,right-hand,0.0816,0.9184
4,3.5,left-hand,0.2656,0.7344
4,3.5,left-hand,0.3075,0.6925
4,3.5,left-hand,0.2645,0.7355
4,3.5,right-hand,0.7598,0.2402
4,3.5,right-hand,0.2987,0.7013
4,3.5,left-hand,0.2198,0.7802
4,3.5,left-hand,0.9697,0.0303
4,3.5,right-hand,0.0734,0.9266
4,3.5,right-hand,0.4665,0.5335
4,3.5,left-hand,0.546,0.454
4,3.5,left-hand,0.9616,0.0384
4,3.5,right-hand,0.1624,0.8376
4,3.5,left-hand,0.4914,0.5086
4,3.5,right-hand,0.9732,0.0268
4,3.5,left-hand,0.8348,0.1652
4,3.5,left-hand,0.9143,0.0857
4,3.5,right-hand,0.3255,0.6745
4,3.5,left-hand,0.6658,0.3342
4,3.5,right-hand,0.3464,0.6536
4,3.5,right-hand,0.3749,0.6251
4,3.5,right-hand,0.7365,0.2635
4,3.5,right-hand,0.9011,0.0989
4,3.5,right-hand,0.3061,0.6939
4,3.5,right-hand,0.253,0.747
4,3.5,left-hand,0.2949,0.7051
4,3.5,right-hand,0.3764,0.6236
4,3.5,left-hand,0.8011,0.1989
4,3.5,left-hand,0.514,0.486
4,3.5,right-hand,0.1267,0.8733
4,3.5,right-hand,0.5634,0.4366
4,3.5,right-hand,0.591,0.409
4,3.5,left-hand,0.6429,0.3571
4,3.5,left-hand,0.774,0.226
4,3.5,left-hand,0.6981,0.3019
4,3.5,right-hand,0.2816,0.7184
4,3.5,right-hand,0.6826,0.3174
4,3.5,left-hand,0.6094,0.3906
4,3.5,right-hand,0.6079,0.3921
4,3.5,right-hand,0.4389,0.5611
4,3.5,left-hand,0.867,0.133
4,3.5,left-hand,0.0768,0.9232
4,3.5,left-hand,0.4912,0.5088
4,3.5,right-hand,0.7378,0.2622
4,3.5,left-hand,0.7199,0.2801
4,3.5,right-hand,0.0026,0.9974
4,3.5,left-hand,0.2888,0.7112
4,3.5,left-hand,0.1578,0.8422
4,3.5,right-hand,0.1669,0.8331
4,3.5,left-hand,0.1767,0.8233
4,3.5,right-hand,0.1523,0.8477
4,3.5,right-hand,0.2829,0.7171
4,3.5,left-hand,0.924,0.076
4,3.5,right-hand,0.091,0.909
4,3.5,left-hand,0.7531,0.2469
4,3.5,left-hand,0.6886,0.3114
4,3.5,right-hand,0.6383,0.3617
4,3.5,left-hand,0.4994,0.5006
4,3.5,left-hand,0.8966,0.1034
4,3.5,right-hand,0.4637,0.5363
4,3.5,right-hand,0.7998,0.2002
4,3.5,left-hand,0.5308,0.4692
5,3.5,right-hand,0.0586,0.9414
5,3.5,left-hand,0.0569,0.9431
5,3.5,right-hand,0.4004,0.5996
5,3.5,left-hand,0.0415,0.9585
5,3.5,left-hand,0.7436,0.2564
5,3.5,left-hand,0.2916,0.7084
5,3.5,right-hand,0.1045,0.8955
5,3.5,right-hand,0.0162,0.9838
5,3.5,left-hand,0.4893,0.5107
5,3.5,left-hand,0.27,0.73
5,3.5,right-hand,0.8549,0.1451
5,3.5,left-hand,0.5965,0.4035
5,3.5,left-hand,0.7248,0.2752
5,3.5,left-hand,0.1371,0.8629
5,3.5,right-hand,0.7758,0.2242
5,3.5,right-hand,0.061,0.939
5,3.5,left-hand,0.1618,0.8382
5,3.5,left-hand,0.5464,0.4536
5,3.5,right-hand,0.1263,0.8737
5,3.5,right-hand,0.1118,0.8882
5,3.5,left-hand,0.2948,0.7052
5,3.5,right-hand,0.654,0.346
5,3.5,right-hand,0.0349,0.9651
5,3.5,left-hand,0.8275,0.1725
5,3.5,right-hand,0.3928,0.6072
5,3.5,right-hand,0.589,0.411
5,3.5,right-hand,0.7132,0.2868
5,3.5,right-hand,0.7151,0.2849
5,3.5,left-hand,0.3776,0.6224
5,3.5,left-hand,0.4882,0.5118
5,3.5,left-hand,0.4111,0.5889
5,3.5,left-hand,0.6408,0.3592
5,3.5,right-hand,0.0924,0.9076
5,3.5,left-hand,0.338,0.662
5,3.5,right-hand,0.6255,0.3745
5,3.5,right-hand,0.2219,0.7781
5,3.5,left-hand,0.1282,0.8718
5,3.5,left-hand,0.2344,0.7656
5,3.5,right-hand,0.0567,0.9433
5,3.5,left-hand,0.7848,0.2152
5,3.5,right-hand,0.108,0.892
5,3.5,left-hand,0.9109,0.0891
5,3.5,left-hand,0.539,0.461
5,3.5,right-hand,0.2925,0.7075
5,3.5,right-hand,0.0749,0.9251
5,3.5,right-hand,0.6131,0.3869
5,3.5,right-hand,0.7091,0.2909
5,3.5,left-hand,0.7298,0.2702
5,3.5,right-hand,0.6149,0.3851
5,3.5,right-hand,0.1493,0.8507
5,3.5,left-hand,0.1782,0.8218
5,3.5,left-hand,0.9239,0.0761
5,3.5,right-hand,0.0275,0.9725
5,3.5,right-hand,0.2238,0.7762
5,3.5,left-hand,0.5059,0.4941
5,3.5,left-hand,0.3514,0.6486
5,3.5,right-hand,0.1319,0.8681
5,3.5,right-hand,0.1043,0.8957
5,3.5,right-hand,0.8566,0.1434
5,3.5,right-hand,0.2912,0.7088
5,3.5,right-hand,0.5956,0.4044
5,3.5,right-hand,0.6421,0.3579
5,3.5,left-hand,0.9118,0.0882
5,3.5,right-hand,0.5087,0.4913
5,3.5,left-hand,0.3534,0.6466
5,3.5,right-hand,0.2143,0.7857
5,3.5,left-hand,0.1734,0.8266
5,3.5,left-hand,0.3949,0.6051
5,3.5,left-hand,0.1537,0.8463
5,3.5,left-hand,0.6226,0.3774
5,3.5,right-hand,0.0864,0.9136
5,3.5,right-hand,0.57,0.43
5,3.5,left-hand,0.7625,0.2375
5,3.5,left-hand,0.8055,0.1945
5,3.5,left-hand,0.9911,0.0089
5,3.5,left-hand,0.5659,0.4341
5,3.5,right-hand,0.1303,0.8697
5,3.5,right-hand,0.8265,0.1735
5,3.5,right-hand,0.3138,0.6862
5,3.5,right-hand,0.3412,0.6588
5,3.5,left-hand,0.3369,0.6631
5,3.5,right-hand,0.1277,0.8723
5,3.5,left-hand,0.66,0.34
5,3.5,left-hand,0.8982,0.1018
5,3.5,left-hand,0.6737,0.3263
5,3.5,right-hand,0.6591,0.3409
5,3.5,left-hand,0.6729,0.3271
5,3.5,right-hand,0.6174,0.3826
5,3.5,right-hand,0.1064,0.8936
5,3.5,left-hand,0.703,0.297
5,3.5,right-hand,0.6444,0.3556
5,3.5,left-hand,0.6615,0.3385
5,3.5,left-hand,0.6449,0.3551
5,3.5,left-hand,0.7447,0.2553
5,3.5,right-hand,0.89,0.11
5,3.5,left-hand,0.6589,0.3411
5,3.5,right-hand,0.3264,0.6736
5,3.5,right-hand,0.5484,0.4516
5,3.5,left-hand,0.6703,0.3297
5,3.5,left-hand,0.8858,0.1142
5,3.5,left-hand,0.7295,0.2705
5,3.5,left-hand,0.9734,0.0266
5,3.5,right-hand,0.2256,0.7744
5,3.5,right-hand,0.2961,0.7039
5,3.5,right-hand,0.3229,0.6771
5,3.5,right-hand,0.1547,0.8453
5,3.5,right-hand,0.19,0.81
5,3.5,right-hand,0.0814,0.9186
5,3.5,left-hand,0.9371,0.0629
5,3.5,left-hand,0.8471,0.1529
5,3.5,right-hand,0.9694,0.0306
5,3.5,right-hand,0.0687,0.9313
5,3.5,left-hand,0.3032,0.6968
5,3.5,left-hand,0.7897,0.2103
5,3.5,right-hand,0.0636,0.9364
5,3.5,left-hand,0.0387,0.9613
5,3.5,left-hand,0.0959,0.9041
5,3.5,left-hand,0.0286,0.9714
5,3.5,left-hand,0.3104,0.6896
5,3.5,right-hand,0.2016,0.7984
5,3.5,right-hand,0.0189,0.9811
5,3.5,right-hand,0.7242,0.2758
5,3.5,right-hand,0.1092,0.8908
5,3.5,left-hand,0.151,0.849
5,3.5,left-hand,0.7852,0.2148
5,3.5,left-hand,0.8646,0.1354
5,3.5,left-hand,0.8817,0.1183
5,3.5,left-hand,0.9645,0.0355
5,3.5,right-hand,0.4664,0.5336
5,3.5,right-hand,0.1279,0.8721
5,3.5,left-hand,0.5375,0.4625
5,3.5,right-hand,0.157,0.843
5,3.5,right-hand,0.0139,0.9861
5,3.5,left-hand,0.3648,0.6352
5,3.5,right-hand,0.7139,0.2861
5,3.5,right-hand,0.6165,0.3835
5,3.5,left-hand,0.9735,0.0265
5,3.5,left-hand,0.0745,0.9255
5,3.5,right-hand,0.3983,0.6017
5,3.5,left-hand,0.4737,0.5263
5,3.5,left-hand,0.8071,0.1929
5,3.5,right-hand,0.6482,0.3518
5,3.5,left-hand,0.8552,0.1448
5,3.5,right-hand,0.7782,0.2218
