fold,tmin,true_label,left-hand,right-hand
1,2.5,left-hand,0.9364,0.0636
1,2.5,right-hand,0.0285,0.9715
1,2.5,left-hand,0.9228,0.0772
1,2.5,right-hand,0.0166,0.9834
1,2.5,left-hand,0.9694,0.0306
1,2.5,right-hand,0.5283,0.4717
1,2.5,left-hand,0.9948,0.0052
1,2.5,right-hand,0.0136,0.9864
1,2.5,left-hand,0.9564,0.0436
1,2.5,left-hand,0.6025,0.3975
1,2.5,left-hand,0.0025,0.9975
1,2.5,right-hand,0.4345,0.5655
1,2.5,left-hand,0.9989,0.0011
1,2.5,right-hand,0.0992,0.9008
1,2.5,right-hand,0.2717,0.7283
1,2.5,left-hand,0.9977,0.0023
1,2.5,left-hand,0.8505,0.1495
1,2.5,right-hand,0.0222,0.9778
1,2.5,right-hand,0.0846,0.9154
1,2.5,right-hand,0.0339,0.9661
1,2.5,right-hand,0.8345,0.1655
1,2.5,left-hand,0.9984,0.0016
1,2.5,left-hand,0.0697,0.9303
1,2.5,left-hand,0.0466,0.9534
1,2.5,left-hand,0.9881,0.0119
1,2.5,left-hand,0.9744,0.0256
1,2.5,right-hand,0.0298,0.9702
1,2.5,right-hand,0.2753,0.7247
1,2.5,left-hand,0.3286,0.6714
1,2.5,left-hand,0.9968,0.0032
1,2.5,right-hand,0.3329,0.6671
1,2.5,right-hand,0.2751,0.7249
1,2.5,right-hand,0.0336,0.9664
1,2.5,right-hand,0.1252,0.8748
1,2.5,left-hand,0.0129,0.9871
1,2.5,right-hand,0.6239,0.3761
1,2.5,left-hand,0.9657,0.0343
1,2.5,right-hand,0.1056,0.8944
1,2.5,left-hand,0.5249,0.4751
1,2.5,left-hand,0.2163,0.7837
1,2.5,right-hand,0.0131,0.9869
1,2.5,left-hand,0.9841,0.0159
1,2.5,left-hand,0.9691,0.0309
1,2.5,right-hand,0.0034,0.9966
1,2.5,left-hand,0.976,0.024
1,2.5,left-hand,0.8782,0.1218
1,2.5,right-hand,0.8573,0.1427
1,2.5,right-hand,0.132,0.868
1,2.5,right-hand,0.018,0.982
1,2.5,left-hand,0.9866,0.0134
1,2.5,right-hand,0.4466,0.5534
1,2.5,right-hand,0.0022,0.9978
1,2.5,left-hand,0.9369,0.0631
1,2.5,right-hand,0.0621,0.9379
1,2.5,right-hand,0.0049,0.9951
1,2.5,right-hand,0.002,0.998
1,2.5,left-hand,0.9825,0.0175
1,2.5,left-hand,0.0721,0.9279
2,2.5,right-hand,0.0026,0.9974
2,2.5,left-hand,0.9961,0.0039
2,2.5,right-hand,0.3486,0.6514
2,2.5,left-hand,0.977,0.023
2,2.5,right-hand,0.0195,0.9805
2,2.5,right-hand,0.1699,0.8301
2,2.5,right-hand,0.0046,0.9954
2,2.5,right-hand,0.3117,0.6883
2,2.5,right-hand,0.11,0.89
2,2.5,left-hand,0.9228,0.0772
2,2.5,left-hand,0.978,0.022
2,2.5,right-hand,0.0522,0.9478
2,2.5,left-hand,0.9813,0.0187
2,2.5,left-hand,0.0446,0.9554
2,2.5,right-hand,0.0006,0.9994
2,2.5,left-hand,0.9968,0.0032
2,2.5,left-hand,0.975,0.025
2,2.5,right-hand,0.1096,0.8904
2,2.5,left-hand,0.998,0.002
2,2.5,right-hand,0.0024,0.9976
2,2.5,right-hand,0.029,0.971
2,2.5,left-hand,0.1845,0.8155
2,2.5,right-hand,0.0188,0.9812
2,2.5,left-hand,0.1471,0.8529
2,2.5,left-hand,0.0491,0.9509
2,2.5,right-hand,0.0287,0.9713
2,2.5,right-hand,0.0804,0.9196
2,2.5,left-hand,0.9677,0.0323
2,2.5,left-hand,0.0504,0.9496
2,2.5,right-hand,0.4689,0.5311
2,2.5,right-hand,0.183,0.817
2,2.5,left-hand,0.378,0.622
2,2.5,left-hand,0.9963,0.0037
2,2.5,left-hand,0.3428,0.6572
2,2.5,left-hand,0.0719,0.9281
2,2.5,right-hand,0.0278,0.9722
2,2.5,right-hand,0.0013,0.9987
2,2.5,right-hand,0.0495,0.9505
2,2.5,right-hand,0.1887,0.8113
2,2.5,left-hand,0.917,0.083
2,2.5,left-hand,0.9942,0.0058
2,2.5,left-hand,0.9978,0.0022
2,2.5,left-hand,0.9164,0.0836
2,2.5,left-hand,0.9663,0.0337
2,2.5,right-hand,0.3159,0.6841
2,2.5,right-hand,0.2095,0.7905
2,2.5,left-hand,0.9592,0.0408
2,2.5,right-hand,0.0195,0.9805
2,2.5,left-hand,0.9997,0.0003
2,2.5,right-hand,0.0291,0.9709
2,2.5,left-hand,0.9452,0.0548
2,2.5,left-hand,0.993,0.007
2,2.5,left-hand,0.9994,0.0006
2,2.5,right-hand,0.0094,0.9906
2,2.5,left-hand,0.9958,0.0042
2,2.5,right-hand,0.0209,0.9791
2,2.5,right-hand,0.909,0.091
2,2.5,right-hand,0.2114,0.7886
3,2.5,right-hand,0.0071,0.9929
3,2.5,left-hand,0.9828,0.0172
3,2.5,left-hand,0.1011,0.8989
3,2.5,left-hand,0.9783,0.0217
3,2.5,left-hand,0.6861,0.3139
3,2.5,right-hand,0.0071,0.9929
3,2.5,right-hand,0.9198,0.0802
3,2.5,left-hand,0.9994,0.0006
3,2.5,right-hand,0.0013,0.9987
3,2.5,left-hand,0.7439,0.2561
3,2.5,left-hand,0.9658,0.0342
3,2.5,right-hand,0.0367,0.9633
3,2.5,right-hand,0.0226,0.9774
3,2.5,right-hand,0.8072,0.1928
3,2.5,right-hand,0.0027,0.9973
3,2.5,left-hand,0.7281,0.2719
3,2.5,left-hand,0.8969,0.1031
3,2.5,right-hand,0.0109,0.9891
3,2.5,left-hand,0.9384,0.0616
3,2.5,right-hand,0.0075,0.9925
3,2.5,left-hand,0.9967,0.0033
3,2.5,right-hand,0.025,0.975
3,2.5,right-hand,0.4867,0.5133
3,2.5,left-hand,0.985,0.015
3,2.5,left-hand,0.8754,0.1246
3,2.5,right-hand,0.0032,0.9968
3,2.5,left-hand,0.8437,0.1563
3,2.5,right-hand,0.0011,0.9989
3,2.5,right-hand,0.0014,0.9986
3,2.5,left-hand,0.9976,0.0024
3,2.5,left-hand,0.9834,0.0166
3,2.5,left-hand,0.2062,0.7938
3,2.5,right-hand,0.0062,0.9938
3,2.5,left-hand,0.9188,0.0812
3,2.5,left-hand,0.785,0.215
3,2.5,right-hand,0.0714,0.9286
3,2.5,left-hand,0.8775,0.1225
3,2.5,right-hand,0.1783,0.8217
3,2.5,left-hand,0.9923,0.0077
3,2.5,right-hand,0.0051,0.9949
3,2.5,right-hand,0.1934,0.8066
3,2.5,right-hand,0.2397,0.7603
3,2.5,left-hand,0.4427,0.5573
3,2.5,right-hand,0.3602,0.6398
3,2.5,left-hand,0.9853,0.0147
3,2.5,right-hand,0.0245,0.9755
3,2.5,left-hand,0.8898,0.1102
3,2.5,right-hand,0.0167,0.9833
3,2.5,left-hand,0.9799,0.0201
3,2.5,left-hand,0.1055,0.8945
3,2.5,right-hand,0.2011,0.7989
3,2.5,left-hand,0.8849,0.1151
3,2.5,right-hand,0.3266,0.6734
3,2.5,right-hand,0.0763,0.9237
3,2.5,right-hand,0.8204,0.1796
3,2.5,right-hand,0.0017,0.9983
3,2.5,left-hand,0.9928,0.0072
3,2.5,left-hand,0.9886,0.0114
4,2.5,left-hand,0.9747,0.0253
4,2.5,right-hand,0.588,0.412
4,2.5,right-hand,0.8636,0.1364
4,2.5,left-hand,0.5095,0.4905
4,2.5,left-hand,0.6098,0.3902
4,2.5,right-hand,0.6137,0.3863
4,2.5,left-hand,0.9927,0.0073
4,2.5,right-hand,0.5452,0.4548
4,2.5,left-hand,0.9877,0.0123
4,2.5,right-hand,0.0213,0.9787
4,2.5,left-hand,0.9986,0.0014
4,2.5,right-hand,0.0248,0.9752
4,2.5,left-hand,0.9757,0.0243
4,2.5,left-hand,0.8831,0.1169
4,2.5,left-hand,0.9968,0.0032
4,2.5,right-hand,0.0067,0.9933
4,2.5,right-hand,0.8884,0.1116
4,2.5,left-hand,0.9629,0.0371
4,2.5,left-hand,0.5034,0.4966
4,2.5,right-hand,0.1432,0.8568
4,2.5,left-hand,0.9887,0.0113
4,2.5,right-hand,0.0049,0.9951
4,2.5,right-hand,0.8019,0.1981
4,2.5,right-hand,0.4118,0.5882
4,2.5,right-hand,0.4202,0.5798
4,2.5,left-hand,0.769,0.231
4,2.5,right-hand,0.0187,0.9813
4,2.5,left-hand,0.9908,0.0092
4,2.5,right-hand,0.0122,0.9878
4,2.5,left-hand,0.9341,0.0659
4,2.5,left-hand,0.0977,0.9023
4,2.5,right-hand,0.8369,0.1631
4,2.5,right-hand,0.0317,0.9683
4,2.5,right-hand,0.1259,0.8741
4,2.5,left-hand,0.6586,0.3414
4,2.5,left-hand,0.9887,0.0113
4,2.5,right-hand,0.6637,0.3363
4,2.5,left-hand,0.9924,0.0076
4,2.5,right-hand,0.8324,0.1676
4,2.5,right-hand,0.0424,0.9576
4,2.5,right-hand,0.3961,0.6039
4,2.5,right-hand,0.6613,0.3387
4,2.5,left-hand,0.9983,0.0017
4,2.5,left-hand,0.9435,0.0565
4,2.5,right-hand,0.0014,0.9986
4,2.5,left-hand,0.9939,0.0061
4,2.5,right-hand,0.0091,0.9909
4,2.5,left-hand,0.4628,0.5372
4,2.5,left-hand,0.99,0.01
4,2.5,left-hand,0.49,0.51
4,2.5,left-hand,0.9865,0.0135
4,2.5,right-hand,0.0267,0.9733
4,2.5,right-hand,0.0022,0.9978
4,2.5,right-hand,0.1294,0.8706
4,2.5,left-hand,0.9832,0.0168
4,2.5,left-hand,0.9809,0.0191
4,2.5,left-hand,0.9881,0.0119
5,2.5,left-hand,0.4679,0.5321
5,2.5,right-hand,0.9652,0.0348
5,2.5,right-hand,0.0024,0.9976
5,2.5,right-hand,0.7888,0.2112
5,2.5,left-hand,0.9943,0.0057
5,2.5,left-hand,0.9703,0.0297
5,2.5,left-hand,0.987,0.013
5,2.5,left-hand,0.9731,0.0269
5,2.5,left-hand,0.9285,0.0715
5,2.5,right-hand,0.0521,0.9479
5,2.5,right-hand,0.0258,0.9742
5,2.5,right-hand,0.0005,0.9995
5,2.5,left-hand,0.9982,0.0018
5,2.5,right-hand,0.0057,0.9943
5,2.5,left-hand,0.9993,0.0007
5,2.5,right-hand,0.0199,0.9801
5,2.5,right-hand,0.0105,0.9895
5,2.5,right-hand,0.3106,0.6894
5,2.5,right-hand,0.0283,0.9717
5,2.5,right-hand,0.0031,0.9969
5,2.5,left-hand,0.9629,0.0371
5,2.5,right-hand,0.0074,0.9926
5,2.5,right-hand,0.0072,0.9928
5,2.5,left-hand,0.9852,0.0148
5,2.5,left-hand,0.0402,0.9598
5,2.5,left-hand,0.9877,0.0123
5,2.5,left-hand,0.9703,0.0297
5,2.5,left-hand,0.9984,0.0016
5,2.5,right-hand,0.2203,0.7797
5,2.5,left-hand,0.9987,0.0013
5,2.5,right-hand,0.7987,0.2013
5,2.5,right-hand,0.1068,0.8932
5,2.5,left-hand,0.9768,0.0232
5,2.5,left-hand,0.6825,0.3175
5,2.5,left-hand,0.6695,0.3305
5,2.5,right-hand,0.2654,0.7346
5,2.5,left-hand,0.9297,0.0703
5,2.5,right-hand,0.3552,0.6448
5,2.5,right-hand,0.8368,0.1632
5,2.5,left-hand,0.9187,0.0813
5,2.5,right-hand,0.0073,0.9927
5,2.5,right-hand,0.6897,0.3103
5,2.5,left-hand,0.9934,0.0066
5,2.5,right-hand,0.0207,0.9793
5,2.5,right-hand,0.1562,0.8438
5,2.5,left-hand,0.9991,0.0009
5,2.5,left-hand,0.4856,0.5144
5,2.5,left-hand,0.8909,0.1091
5,2.5,left-hand,0.1258,0.8742
5,2.5,right-hand,0.0325,0.9676
5,2.5,right-hand,0.5383,0.4617
5,2.5,left-hand,0.9727,0.0273
5,2.5,right-hand,0.0013,0.9987
5,2.5,right-hand,0.0067,0.9933
5,2.5,left-hand,0.9849,0.0151
5,2.5,left-hand,0.2157,0.7843
5,2.5,right-hand,0.1061,0.8939
