fold,tmin,true_label,left-hand,right-hand
1,3.5,right-hand,0.9775,0.0225
1,3.5,left-hand,0.2006,0.7994
1,3.5,right-hand,0.6305,0.3695
1,3.5,right-hand,0.8062,0.1938
1,3.5,right-hand,0.4894,0.5106
1,3.5,left-hand,0.8188,0.1812
1,3.5,left-hand,0.9368,0.0632
1,3.5,left-hand,0.1249,0.8751
1,3.5,left-hand,0.1203,0.8797
1,3.5,right-hand,0.2801,0.7199
1,3.5,left-hand,0.2978,0.7022
1,3.5,right-hand,0.2607,0.7393
1,3.5,left-hand,0.1174,0.8826
1,3.5,left-hand,0.7651,0.2349
1,3.5,right-hand,0.9189,0.0811
1,3.5,right-hand,0.0949,0.9051
1,3.5,right-hand,0.1028,0.8972
1,3.5,left-hand,0.9263,0.0737
1,3.5,right-hand,0.1452,0.8548
1,3.5,right-hand,0.107,0.893
1,3.5,left-hand,0.6637,0.3363
1,3.5,right-hand,0.0068,0.9932
1,3.5,right-hand,0.6122,0.3878
1,3.5,left-hand,0.8427,0.1573
1,3.5,left-hand,0.9781,0.0219
1,3.5,left-hand,0.8564,0.1436
1,3.5,right-hand,0.0158,0.9842
1,3.5,right-hand,0.4791,0.5209
1,3.5,right-hand,0.3224,0.6776
1,3.5,left-hand,0.9402,0.0598
1,3.5,left-hand,0.1304,0.8696
1,3.5,left-hand,0.9078,0.0922
1,3.5,right-hand,0.1792,0.8208
1,3.5,left-hand,0.9304,0.0696
1,3.5,left-hand,0.5226,0.4774
1,3.5,right-hand,0.4567,0.5433
1,3.5,right-hand,0.1353,0.8647
1,3.5,left-hand,0.9486,0.0514
1,3.5,right-hand,0.8783,0.1217
1,3.5,left-hand,0.7667,0.2333
1,3.5,right-hand,0.8831,0.1169
1,3.5,left-hand,0.7611,0.2389
1,3.5,left-hand,0.9698,0.0302
1,3.5,right-hand,0.1267,0.8733
1,3.5,left-hand,0.9426,0.0574
1,3.5,left-hand,0.7157,0.2843
1,3.5,right-hand,0.8743,0.1257
1,3.5,right-hand,0.888,0.112
1,3.5,right-hand,0.9119,0.0881
1,3.5,right-hand,0.0559,0.9441
1,3.5,left-hand,0.8642,0.1358
1,3.5,left-hand,0.8977,0.1023
1,3.5,left-hand,0.1195,0.8805
1,3.5,right-hand,0.9205,0.0795
1,3.5,left-hand,0.7048,0.2952
1,3.5,left-hand,0.9311,0.0689
1,3.5,right-hand,0.0675,0.9325
1,3.5,right-hand,0.1259,0.8741
1,3.5,left-hand,0.6961,0.3039
1,3.5,left-hand,0.7419,0.2581
1,3.5,right-hand,0.3985,0.6015
1,3.5,right-hand,0.0808,0.9192
1,3.5,left-hand,0.841,0.159
1,3.5,right-hand,0.064,0.936
1,3.5,left-hand,0.4636,0.5364
1,3.5,right-hand,0.3427,0.6573
1,3.5,right-hand,0.9909,0.0091
1,3.5,left-hand,0.7932,0.2068
1,3.5,left-hand,0.9252,0.0748
1,3.5,left-hand,0.6713,0.3287
1,3.5,left-hand,0.9959,0.0041
1,3.5,right-hand,0.756,0.244
1,3.5,left-hand,0.8249,0.1751
1,3.5,right-hand,0.3432,0.6568
1,3.5,left-hand,0.4012,0.5988
1,3.5,left-hand,0.0263,0.9737
1,3.5,left-hand,0.631,0.369
1,3.5,left-hand,0.9452,0.0548
1,3.5,left-hand,0.0184,0.9816
1,3.5,right-hand,0.1269,0.8731
1,3.5,left-hand,0.7657,0.2343
1,3.5,right-hand,0.0143,0.9857
1,3.5,right-hand,0.0844,0.9156
1,3.5,right-hand,0.1278,0.8722
1,3.5,left-hand,0.7646,0.2354
1,3.5,right-hand,0.0549,0.9451
1,3.5,right-hand,0.0704,0.9296
1,3.5,right-hand,0.741,0.259
1,3.5,right-hand,0.1126,0.8874
1,3.5,left-hand,0.7019,0.2981
1,3.5,left-hand,0.2683,0.7317
1,3.5,left-hand,0.1171,0.8829
1,3.5,left-hand,0.5317,0.4683
1,3.5,right-hand,0.1589,0.8411
1,3.5,left-hand,0.7505,0.2495
1,3.5,right-hand,0.0262,0.9738
1,3.5,left-hand,0.8721,0.1279
1,3.5,left-hand,0.2786,0.7214
1,3.5,left-hand,0.4271,0.5729
1,3.5,left-hand,0.5588,0.4412
1,3.5,right-hand,0.1157,0.8843
1,3.5,right-hand,0.1184,0.8816
1,3.5,right-hand,0.3142,0.6858
1,3.5,left-hand,0.8607,0.1393
1,3.5,left-hand,0.3795,0.6205
1,3.5,right-hand,0.0067,0.9933
1,3.5,left-hand,0.8398,0.1602
1,3.5,right-hand,0.3966,0.6034
1,3.5,right-hand,0.8135,0.1865
1,3.5,left-hand,0.9721,0.0279
1,3.5,right-hand,0.268,0.732
1,3.5,left-hand,0.5102,0.4898
1,3.5,right-hand,0.0057,0.9943
1,3.5,right-hand,0.2707,0.7293
1,3.5,right-hand,0.1155,0.8845
1,3.5,right-hand,0.0089,0.9911
1,3.5,right-hand,0.8187,0.1813
1,3.5,left-hand,0.0622,0.9378
1,3.5,left-hand,0.0679,0.9321
1,3.5,right-hand,0.8544,0.1456
1,3.5,right-hand,0.3756,0.6244
1,3.5,left-hand,0.1034,0.8966
1,3.5,right-hand,0.5744,0.4256
1,3.5,right-hand,0.5106,0.4894
1,3.5,right-hand,0.2962,0.7038
1,3.5,right-hand,0.0166,0.9834
1,3.5,right-hand,0.0409,0.9591
1,3.5,left-hand,0.8037,0.1963
1,3.5,left-hand,0.8459,0.1541
1,3.5,left-hand,0.9632,0.0368
1,3.5,right-hand,0.0553,0.9447
1,3.5,right-hand,0.0363,0.9637
1,3.5,left-hand,0.9254,0.0746
1,3.5,left-hand,0.9629,0.0371
1,3.5,right-hand,0.0367,0.9633
1,3.5,right-hand,0.0065,0.9935
1,3.5,right-hand,0.0074,0.9926
1,3.5,left-hand,0.9578,0.0422
1,3.5,left-hand,0.5884,0.4116
1,3.5,left-hand,0.9867,0.0133
1,3.5,right-hand,0.8727,0.1273
1,3.5,right-hand,0.0101,0.9899
1,3.5,left-hand,0.8219,0.1781
1,3.5,left-hand,0.572,0.428
2,3.5,left-hand,0.9565,0.0435
2,3.5,left-hand,0.6261,0.3739
2,3.5,right-hand,0.8218,0.1782
2,3.5,left-hand,0.785,0.215
2,3.5,right-hand,0.9409,0.0591
2,3.5,right-hand,0.9624,0.0376
2,3.5,right-hand,0.2398,0.7602
2,3.5,right-hand,0.6542,0.3458
2,3.5,left-hand,0.9455,0.0545
2,3.5,right-hand,0.2319,0.7681
2,3.5,left-hand,0.2961,0.7039
2,3.5,left-hand,0.6826,0.3174
2,3.5,left-hand,0.7859,0.2141
2,3.5,right-hand,0.3129,0.6871
2,3.5,left-hand,0.8878,0.1122
2,3.5,right-hand,0.2866,0.7134
2,3.5,right-hand,0.2621,0.7379
2,3.5,left-hand,0.9241,0.0759
2,3.5,right-hand,0.8152,0.1848
2,3.5,left-hand,0.9603,0.0397
2,3.5,right-hand,0.7378,0.2622
2,3.5,left-hand,0.9066,0.0934
2,3.5,right-hand,0.1459,0.8541
2,3.5,left-hand,0.9556,0.0444
2,3.5,right-hand,0.2169,0.7831
2,3.5,right-hand,0.0647,0.9353
2,3.5,left-hand,0.947,0.053
2,3.5,right-hand,0.0017,0.9983
2,3.5,right-hand,0.4459,0.5541
2,3.5,right-hand,0.9037,0.0963
2,3.5,right-hand,0.0074,0.9926
2,3.5,left-hand,0.4668,0.5332
2,3.5,right-hand,0.1286,0.8714
2,3.5,left-hand,0.7791,0.2209
2,3.5,left-hand,0.6621,0.3379
2,3.5,right-hand,0.0408,0.9592
2,3.5,left-hand,0.7526,0.2474
2,3.5,left-hand,0.7638,0.2362
2,3.5,right-hand,0.9168,0.0832
2,3.5,left-hand,0.7344,0.2656
2,3.5,right-hand,0.0827,0.9173
2,3.5,right-hand,0.1649,0.8351
2,3.5,right-hand,0.9787,0.0213
2,3.5,right-hand,0.0751,0.9249
2,3.5,left-hand,0.797,0.203
2,3.5,left-hand,0.8963,0.1037
2,3.5,left-hand,0.1806,0.8194
2,3.5,right-hand,0.9395,0.0605
2,3.5,right-hand,0.7186,0.2814
2,3.5,left-hand,0.2081,0.7919
2,3.5,right-hand,0.0997,0.9003
2,3.5,right-hand,0.0879,0.9121
2,3.5,left-hand,0.0584,0.9416
2,3.5,right-hand,0.6997,0.3003
2,3.5,right-hand,0.0081,0.9919
2,3.5,left-hand,0.9222,0.0778
2,3.5,right-hand,0.5367,0.4633
2,3.5,right-hand,0.7927,0.2073
2,3.5,right-hand,0.5025,0.4975
2,3.5,left-hand,0.9153,0.0847
2,3.5,right-hand,0.415,0.585
2,3.5,left-hand,0.7938,0.2062
2,3.5,right-hand,0.0229,0.9771
2,3.5,left-hand,0.5691,0.4309
2,3.5,right-hand,0.142,0.858
2,3.5,left-hand,0.8847,0.1153
2,3.5,left-hand,0.8843,0.1157
2,3.5,right-hand,0.4995,0.5005
2,3.5,left-hand,0.2791,0.7209
2,3.5,right-hand,0.2036,0.7964
2,3.5,left-hand,0.5448,0.4552
2,3.5,right-hand,0.2314,0.7686
2,3.5,right-hand,0.8593,0.1407
2,3.5,left-hand,0.7255,0.2745
2,3.5,right-hand,0.5989,0.4011
2,3.5,right-hand,0.9233,0.0767
2,3.5,left-hand,0.495,0.505
2,3.5,left-hand,0.1793,0.8207
2,3.5,right-hand,0.0148,0.9852
2,3.5,right-hand,0.1586,0.8414
2,3.5,left-hand,0.183,0.817
2,3.5,left-hand,0.9131,0.0869
2,3.5,right-hand,0.0506,0.9494
2,3.5,right-hand,0.0286,0.9714
2,3.5,right-hand,0.2433,0.7567
2,3.5,left-hand,0.944,0.056
2,3.5,left-hand,0.9327,0.0673
2,3.5,left-hand,0.732,0.268
2,3.5,right-hand,0.5669,0.4331
2,3.5,left-hand,0.1876,0.8124
2,3.5,left-hand,0.5393,0.4607
2,3.5,left-hand,0.2166,0.7834
2,3.5,right-hand,0.0803,0.9197
2,3.5,left-hand,0.9651,0.0349
2,3.5,right-hand,0.0611,0.9389
2,3.5,left-hand,0.2795,0.7205
2,3.5,left-hand,0.9171,0.0829
2,3.5,right-hand,0.1822,0.8178
2,3.5,left-hand,0.972,0.028
2,3.5,right-hand,0.8802,0.1198
2,3.5,right-hand,0.2951,0.7049
2,3.5,right-hand,0.7865,0.2135
2,3.5,right-hand,0.1201,0.8799
2,3.5,left-hand,0.5068,0.4932
2,3.5,left-hand,0.3089,0.6911
2,3.5,right-hand,0.0041,0.9959
2,3.5,right-hand,0.683,0.317
2,3.5,left-hand,0.917,0.083
2,3.5,right-hand,0.0153,0.9847
2,3.5,right-hand,0.003,0.997
2,3.5,right-hand,0.0276,0.9724
2,3.5,left-hand,0.7612,0.2388
2,3.5,left-hand,0.3933,0.6067
2,3.5,left-hand,0.8647,0.1353
2,3.5,left-hand,0.7141,0.2859
2,3.5,left-hand,0.1321,0.8679
2,3.5,left-hand,0.4929,0.5071
2,3.5,left-hand,0.8898,0.1102
2,3.5,right-hand,0.1284,0.8716
2,3.5,right-hand,0.2642,0.7358
2,3.5,left-hand,0.3521,0.6479
2,3.5,right-hand,0.0029,0.9971
2,3.5,left-hand,0.8739,0.1261
2,3.5,left-hand,0.9855,0.0145
2,3.5,left-hand,0.658,0.342
2,3.5,right-hand,0.0114,0.9886
2,3.5,left-hand,0.9853,0.0147
2,3.5,left-hand,0.8102,0.1898
2,3.5,left-hand,0.9248,0.0752
2,3.5,left-hand,0.7853,0.2147
2,3.5,right-hand,0.0734,0.9266
2,3.5,left-hand,0.9604,0.0396
2,3.5,left-hand,0.9904,0.0096
2,3.5,left-hand,0.9361,0.0639
2,3.5,left-hand,0.9936,0.0064
2,3.5,right-hand,0.2501,0.7499
2,3.5,right-hand,0.0052,0.9948
2,3.5,right-hand,0.0448,0.9552
2,3.5,right-hand,0.2919,0.7081
2,3.5,left-hand,0.4763,0.5237
2,3.5,left-hand,0.8453,0.1547
2,3.5,left-hand,0.7972,0.2028
2,3.5,right-hand,0.1168,0.8832
2,3.5,right-hand,0.0746,0.9254
3,3.5,left-hand,0.3383,0.6617
3,3.5,left-hand,0.9261,0.0739
3,3.5,right-hand,0.5632,0.4368
3,3.5,right-hand,0.9814,0.0186
3,3.5,left-hand,0.9546,0.0454
3,3.5,left-hand,0.972,0.028
3,3.5,left-hand,0.9454,0.0546
3,3.5,right-hand,0.2994,0.7006
3,3.5,left-hand,0.4892,0.5108
3,3.5,left-hand,0.4932,0.5068
3,3.5,right-hand,0.0148,0.9852
3,3.5,left-hand,0.4886,0.5114
3,3.5,left-hand,0.7858,0.2142
3,3.5,right-hand,0.7102,0.2898
3,3.5,right-hand,0.6468,0.3532
3,3.5,left-hand,0.935,0.065
3,3.5,left-hand,0.9877,0.0123
3,3.5,left-hand,0.9754,0.0246
3,3.5,left-hand,0.316,0.684
3,3.5,right-hand,0.5326,0.4674
3,3.5,right-hand,0.644,0.356
3,3.5,left-hand,0.9484,0.0516
3,3.5,left-hand,0.4974,0.5026
3,3.5,left-hand,0.5279,0.4721
3,3.5,right-hand,0.0464,0.9536
3,3.5,right-hand,0.4823,0.5177
3,3.5,right-hand,0.6025,0.3975
3,3.5,right-hand,0.7682,0.2318
3,3.5,left-hand,0.9299,0.0701
3,3.5,right-hand,0.854,0.146
3,3.5,right-hand,0.6293,0.3707
3,3.5,right-hand,0.1179,0.8821
3,3.5,right-hand,0.0296,0.9704
3,3.5,left-hand,0.9902,0.0098
3,3.5,left-hand,0.6096,0.3904
3,3.5,right-hand,0.3775,0.6225
3,3.5,left-hand,0.7249,0.2751
3,3.5,right-hand,0.3006,0.6994
3,3.5,right-hand,0.6931,0.3069
3,3.5,right-hand,0.8241,0.1759
3,3.5,left-hand,0.8927,0.1073
3,3.5,left-hand,0.9966,0.0034
3,3.5,right-hand,0.8881,0.1119
3,3.5,right-hand,0.3133,0.6867
3,3.5,right-hand,0.869,0.131
3,3.5,left-hand,0.4945,0.5055
3,3.5,right-hand,0.0644,0.9356
3,3.5,left-hand,0.9859,0.0141
3,3.5,left-hand,0.5824,0.4176
3,3.5,right-hand,0.7699,0.2301
3,3.5,left-hand,0.3797,0.6203
3,3.5,left-hand,0.7681,0.2319
3,3.5,left-hand,0.794,0.206
3,3.5,left-hand,0.356,0.644
3,3.5,right-hand,0.357,0.643
3,3.5,right-hand,0.1052,0.8948
3,3.5,left-hand,0.9054,0.0946
3,3.5,right-hand,0.3761,0.6239
3,3.5,right-hand,0.0225,0.9775
3,3.5,right-hand,0.5859,0.4141
3,3.5,left-hand,0.2036,0.7964
3,3.5,left-hand,0.8632,0.1368
3,3.5,left-hand,0.8367,0.1633
3,3.5,right-hand,0.7015,0.2985
3,3.5,left-hand,0.5997,0.4003
3,3.5,left-hand,0.4434,0.5566
3,3.5,right-hand,0.0158,0.9842
3,3.5,right-hand,0.6462,0.3538
3,3.5,left-hand,0.7029,0.2971
3,3.5,right-hand,0.1381,0.8619
3,3.5,right-hand,0.4943,0.5057
3,3.5,right-hand,0.1079,0.8921
3,3.5,right-hand,0.1183,0.8817
3,3.5,right-hand,0.6457,0.3543
3,3.5,left-hand,0.5909,0.4091
3,3.5,left-hand,0.8111,0.1889
3,3.5,right-hand,0.2416,0.7584
3,3.5,left-hand,0.7072,0.2928
3,3.5,right-hand,0.6537,0.3463
3,3.5,left-hand,0.0873,0.9127
3,3.5,right-hand,0.3884,0.6116
3,3.5,left-hand,0.1624,0.8376
3,3.5,left-hand,0.9269,0.0731
3,3.5,left-hand,0.1222,0.8778
3,3.5,left-hand,0.8114,0.1886
3,3.5,left-hand,0.0903,0.9097
3,3.5,right-hand,0.0226,0.9774
3,3.5,left-hand,0.9384,0.0616
3,3.5,left-hand,0.2131,0.7869
3,3.5,right-hand,0.0525,0.9475
3,3.5,right-hand,0.0015,0.9985
3,3.5,right-hand,0.0106,0.9894
3,3.5,right-hand,0.2086,0.7914
3,3.5,right-hand,0.0889,0.9111
3,3.5,left-hand,0.7407,0.2593
3,3.5,right-hand,0.0312,0.9688
3,3.5,right-hand,0.5566,0.4434
3,3.5,left-hand,0.101,0.899
3,3.5,left-hand,0.9463,0.0537
3,3.5,left-hand,0.1793,0.8207
3,3.5,left-hand,0.9789,0.0211
3,3.5,left-hand,0.6439,0.3561
3,3.5,left-hand,0.2921,0.7079
3,3.5,left-hand,0.4511,0.5489
3,3.5,right-hand,0.1431,0.8569
3,3.5,right-hand,0.9329,0.0671
3,3.5,right-hand,0.0601,0.9399
3,3.5,right-hand,0.1558,0.8442
3,3.5,left-hand,0.4215,0.5785
3,3.5,right-hand,0.1511,0.8489
3,3.5,right-hand,0.7135,0.2865
3,3.5,left-hand,0.8419,0.1581
3,3.5,left-hand,0.8714,0.1286
3,3.5,left-hand,0.7311,0.2689
3,3.5,right-hand,0.0278,0.9722
3,3.5,left-hand,0.0411,0.9589
3,3.5,right-hand,0.2808,0.7192
3,3.5,right-hand,0.4019,0.5981
3,3.5,right-hand,0.113,0.887
3,3.5,right-hand,0.2126,0.7874
3,3.5,right-hand,0.3417,0.6583
3,3.5,left-hand,0.8437,0.1563
3,3.5,left-hand,0.4849,0.5151
3,3.5,left-hand,0.7042,0.2958
3,3.5,right-hand,0.1106,0.8894
3,3.5,left-hand,0.8375,0.1625
3,3.5,right-hand,0.1213,0.8787
3,3.5,right-hand,0.703,0.297
3,3.5,right-hand,0.0693,0.9307
3,3.5,right-hand,0.6149,0.3851
3,3.5,left-hand,0.5518,0.4482
3,3.5,right-hand,0.0703,0.9297
3,3.5,left-hand,0.5437,0.4563
3,3.5,left-hand,0.8749,0.1251
3,3.5,right-hand,0.0249,0.9751
3,3.5,right-hand,0.0597,0.9403
3,3.5,right-hand,0.8488,0.1512
3,3.5,left-hand,0.3731,0.6269
3,3.5,right-hand,0.8525,0.1475
3,3.5,left-hand,0.8594,0.1406
3,3.5,left-hand,0.9415,0.0585
3,3.5,left-hand,0.9275,0.0725
3,3.5,right-hand,0.3771,0.6229
3,3.5,left-hand,0.582,0.418
4,3.5,right-hand,0.7942,0.2058
4,3.5,left-hand,0.8115,0.1885
4,3.5,right-hand,0.8407,0.1593
4,3.5,left-hand,0.5155,0.4845
4,3.5,left-hand,0.8536,0.1464
4,3.5,right-hand,0.4324,0.5676
4,3.5,right-hand,0.8193,0.1807
4,3.5,left-hand,0.5695,0.4305
4,3.5,right-hand,0.3509,0.6491
4,3.5,right-hand,0.817,0.183
4,3.5,right-hand,0.5456,0.4544
4,3.5,left-hand,0.676,0.324
4,3.5,left-hand,0.9361,0.0639
4,3.5,right-hand,0.2441,0.7559
4,3.5,left-hand,0.9264,0.0736
4,3.5,left-hand,0.6869,0.3131
4,3.5,right-hand,0.1585,0.8415
4,3.5,right-hand,0.1853,0.8147
4,3.5,right-hand,0.5691,0.4309
4,3.5,left-hand,0.4047,0.5953
4,3.5,right-hand,0.082,0.918
4,3.5,left-hand,0.395,0.605
4,3.5,left-hand,0.9785,0.0215
4,3.5,left-hand,0.9849,0.0151
4,3.5,right-hand,0.0957,0.9043
4,3.5,left-hand,0.288,0.712
4,3.5,left-hand,0.9398,0.0602
4,3.5,left-hand,0.467,0.533
4,3.5,left-hand,0.9807,0.0193
4,3.5,left-hand,0.9061,0.0939
4,3.5,left-hand,0.944,0.056
4,3.5,right-hand,0.0031,0.9969
4,3.5,right-hand,0.0259,0.9741
4,3.5,right-hand,0.9717,0.0283
4,3.5,left-hand,0.801,0.199
4,3.5,left-hand,0.4017,0.5983
4,3.5,right-hand,0.14,0.86
4,3.5,right-hand,0.0588,0.9412
4,3.5,left-hand,0.2256,0.7744
4,3.5,right-hand,0.8609,0.1391
4,3.5,left-hand,0.2667,0.7333
4,3.5,right-hand,0.5469,0.4531
4,3.5,left-hand,0.8706,0.1294
4,3.5,left-hand,0.8884,0.1116
4,3.5,left-hand,0.9229,0.0771
4,3.5,right-hand,0.6201,0.3799
4,3.5,right-hand,0.35,0.65
4,3.5,left-hand,0.8382,0.1618
4,3.5,right-hand,0.1605,0.8395
4,3.5,right-hand,0.3551,0.6449
4,3.5,right-hand,0.1587,0.8413
4,3.5,left-hand,0.7764,0.2236
4,3.5,left-hand,0.9713,0.0287
4,3.5,right-hand,0.0683,0.9317
4,3.5,left-hand,0.8549,0.1451
4,3.5,right-hand,0.6783,0.3217
4,3.5,right-hand,0.0998,0.9002
4,3.5,right-hand,0.8357,0.1643
4,3.5,left-hand,0.7808,0.2192
4,3.5,right-hand,0.0333,0.9667
4,3.5,left-hand,0.7454,0.2546
4,3.5,left-hand,0.4901,0.5099
4,3.5,left-hand,0.9073,0.0927
4,3.5,right-hand,0.0262,0.9738
4,3.5,left-hand,0.2076,0.7924
4,3.5,right-hand,0.004,0.996
4,3.5,right-hand,0.2287,0.7713
4,3.5,left-hand,0.6842,0.3158
4,3.5,left-hand,0.8388,0.1612
4,3.5,left-hand,0.7163,0.2837
4,3.5,right-hand,0.1799,0.8201
4,3.5,left-hand,0.8027,0.1973
4,3.5,left-hand,0.4106,0.5894
4,3.5,right-hand,0.8305,0.1695
4,3.5,right-hand,0.006,0.994
4,3.5,right-hand,0.4467,0.5533
4,3.5,left-hand,0.4881,0.5119
4,3.5,right-hand,0.0728,0.9272
4,3.5,right-hand,0.9134,0.0866
4,3.5,right-hand,0.1529,0.8471
4,3.5,left-hand,0.257,0.743
4,3.5,right-hand,0.0072,0.9928
4,3.5,left-hand,0.1502,0.8498
4,3.5,right-hand,0.4582,0.5418
4,3.5,right-hand,0.8254,0.1746
4,3.5,left-hand,0.9412,0.0588
4,3.5,right-hand,0.1329,0.8671
4,3.5,left-hand,0.5525,0.4475
4,3.5,right-hand,0.0094,0.9906
4,3.5,right-hand,0.0055,0.9945
4,3.5,left-hand,0.0769,0.9231
4,3.5,left-hand,0.2885,0.7115
4,3.5,right-hand,0.0432,0.9568
4,3.5,right-hand,0.433,0.567
4,3.5,left-hand,0.1833,0.8167
4,3.5,right-hand,0.1014,0.8986
4,3.5,left-hand,0.207,0.793
4,3.5,right-hand,0.7515,0.2485
4,3.5,right-hand,0.2587,0.7413
4,3.5,left-hand,0.8331,0.1669
4,3.5,left-hand,0.8347,0.1653
4,3.5,right-hand,0.0049,0.9951
4,3.5,left-hand,0.2322,0.7678
4,3.5,left-hand,0.8518,0.1482
4,3.5,left-hand,0.8046,0.1954
4,3.5,left-hand,0.9692,0.0308
4,3.5,left-hand,0.7306,0.2694
4,3.5,left-hand,0.8802,0.1198
4,3.5,right-hand,0.4483,0.5517
4,3.5,right-hand,0.0787,0.9213
4,3.5,left-hand,0.0286,0.9714
4,3.5,right-hand,0.399,0.601
4,3.5,left-hand,0.9012,0.0988
4,3.5,left-hand,0.8576,0.1424
4,3.5,right-hand,0.0929,0.9071
4,3.5,right-hand,0.5273,0.4727
4,3.5,right-hand,0.1016,0.8984
4,3.5,left-hand,0.2925,0.7075
4,3.5,left-hand,0.984,0.016
4,3.5,left-hand,0.9809,0.0191
4,3.5,left-hand,0.5167,0.4833
4,3.5,right-hand,0.0947,0.9053
4,3.5,right-hand,0.702,0.298
4,3.5,right-hand,0.446,0.554
4,3.5,right-hand,0.4032,0.5968
4,3.5,left-hand,0.2539,0.7461
4,3.5,right-hand,0.1739,0.8261
4,3.5,right-hand,0.6897,0.3103
4,3.5,left-hand,0.783,0.217
4,3.5,right-hand,0.3428,0.6572
4,3.5,left-hand,0.9652,0.0348
4,3.5,left-hand,0.2389,0.7611
4,3.5,right-hand,0.0444,0.9556
4,3.5,left-hand,0.9732,0.0268
4,3.5,left-hand,0.3542,0.6458
4,3.5,right-hand,0.4154,0.5846
4,3.5,left-hand,0.9535,0.0465
4,3.5,right-hand,0.615,0.385
4,3.5,right-hand,0.0293,0.9707
4,3.5,right-hand,0.014,0.986
4,3.5,right-hand,0.322,0.678
4,3.5,left-hand,0.9886,0.0114
4,3.5,left-hand,0.9316,0.0684
4,3.5,right-hand,0.0753,0.9247
5,3.5,right-hand,0.8445,0.1555
5,3.5,left-hand,0.8317,0.1683
5,3.5,left-hand,0.9883,0.0117
5,3.5,right-hand,0.7236,0.2764
5,3.5,right-hand,0.0225,0.9775
5,3.5,right-hand,0.6919,0.3081
5,3.5,left-hand,0.5521,0.4479
5,3.5,left-hand,0.5153,0.4847
5,3.5,right-hand,0.579,0.421
5,3.5,left-hand,0.0713,0.9287
5,3.5,right-hand,0.9599,0.0401
5,3.5,right-hand,0.9247,0.0753
5,3.5,right-hand,0.9718,0.0282
5,3.5,left-hand,0.9346,0.0654
5,3.5,left-hand,0.6606,0.3394
5,3.5,right-hand,0.6681,0.3319
5,3.5,right-hand,0.1076,0.8924
5,3.5,right-hand,0.2595,0.7405
5,3.5,left-hand,0.9447,0.0553
5,3.5,left-hand,0.0726,0.9274
5,3.5,right-hand,0.0743,0.9257
5,3.5,left-hand,0.98,0.02
5,3.5,left-hand,0.5802,0.4198
5,3.5,left-hand,0.876,0.124
5,3.5,right-hand,0.4553,0.5447
5,3.5,left-hand,0.8835,0.1165
5,3.5,left-hand,0.7746,0.2254
5,3.5,left-hand,0.9666,0.0334
5,3.5,right-hand,0.0607,0.9393
5,3.5,right-hand,0.1137,0.8863
5,3.5,right-hand,0.7008,0.2992
5,3.5,right-hand,0.496,0.504
5,3.5,right-hand,0.0316,0.9684
5,3.5,left-hand,0.9562,0.0438
5,3.5,left-hand,0.6424,0.3576
5,3.5,left-hand,0.9845,0.0155
5,3.5,right-hand,0.8293,0.1707
5,3.5,right-hand,0.9558,0.0442
5,3.5,left-hand,0.4984,0.5016
5,3.5,right-hand,0.3107,0.6893
5,3.5,left-hand,0.9315,0.0685
5,3.5,right-hand,0.892,0.108
5,3.5,right-hand,0.4728,0.5272
5,3.5,left-hand,0.967,0.033
5,3.5,left-hand,0.0169,0.9831
5,3.5,left-hand,0.6087,0.3913
5,3.5,left-hand,0.8287,0.1713
5,3.5,left-hand,0.9763,0.0237
5,3.5,right-hand,0.7967,0.2033
5,3.5,left-hand,0.956,0.044
5,3.5,left-hand,0.6592,0.3408
5,3.5,right-hand,0.4002,0.5998
5,3.5,right-hand,0.9328,0.0672
5,3.5,left-hand,0.7307,0.2693
5,3.5,right-hand,0.3263,0.6737
5,3.5,right-hand,0.016,0.984
5,3.5,left-hand,0.4405,0.5595
5,3.5,left-hand,0.1527,0.8473
5,3.5,left-hand,0.8779,0.1221
5,3.5,left-hand,0.8189,0.1811
5,3.5,left-hand,0.416,0.584
5,3.5,left-hand,0.8408,0.1592
5,3.5,left-hand,0.6198,0.3802
5,3.5,right-hand,0.066,0.934
5,3.5,right-hand,0.2972,0.7028
5,3.5,left-hand,0.9297,0.0703
5,3.5,right-hand,0.1176,0.8824
5,3.5,right-hand,0.9563,0.0437
5,3.5,right-hand,0.2172,0.7828
5,3.5,left-hand,0.9158,0.0842
5,3.5,right-hand,0.02,0.98
5,3.5,left-hand,0.9549,0.0451
5,3.5,right-hand,0.9581,0.0419
5,3.5,right-hand,0.1746,0.8254
5,3.5,right-hand,0.1876,0.8124
5,3.5,right-hand,0.5568,0.4432
5,3.5,left-hand,0.2646,0.7354
5,3.5,left-hand,0.5508,0.4492
5,3.5,left-hand,0.0315,0.9685
5,3.5,left-hand,0.596,0.404
5,3.5,left-hand,0.4271,0.5729
5,3.5,right-hand,0.3178,0.6822
5,3.5,left-hand,0.0503,0.9497
5,3.5,right-hand,0.01,0.99
5,3.5,left-hand,0.6598,0.3402
5,3.5,right-hand,0.1121,0.8879
5,3.5,right-hand,0.059,0.941
5,3.5,left-hand,0.1434,0.8566
5,3.5,right-hand,0.0535,0.9465
5,3.5,right-hand,0.0192,0.9808
5,3.5,left-hand,0.7232,0.2768
5,3.5,right-hand,0.4923,0.5077
5,3.5,right-hand,0.0814,0.9186
5,3.5,left-hand,0.4817,0.5183
5,3.5,left-hand,0.6231,0.3769
5,3.5,left-hand,0.7838,0.2162
5,3.5,right-hand,0.3604,0.6396
5,3.5,right-hand,0.7303,0.2697
5,3.5,right-hand,0.1633,0.8367
5,3.5,right-hand,0.8672,0.1328
5,3.5,right-hand,0.0055,0.9945
5,3.5,left-hand,0.7011,0.2989
5,3.5,right-hand,0.5002,0.4998
5,3.5,left-hand,0.6178,0.3822
5,3.5,left-hand,0.5842,0.4158
5,3.5,left-hand,0.6243,0.3757
5,3.5,left-hand,0.3228,0.6772
5,3.5,left-hand,0.8483,0.1517
5,3.5,right-hand,0.3587,0.6413
5,3.5,right-hand,0.0413,0.9587
5,3.5,left-hand,0.7828,0.2172
5,3.5,left-hand,0.6329,0.3671
5,3.5,left-hand,0.9457,0.0543
5,3.5,right-hand,0.1596,0.8404
5,3.5,right-hand,0.4978,0.5022
5,3.5,right-hand,0.009,0.991
5,3.5,right-hand,0.0578,0.9422
5,3.5,right-hand,0.0419,0.9581
5,3.5,right-hand,0.0072,0.9928
5,3.5,left-hand,0.7214,0.2786
5,3.5,left-hand,0.2609,0.7391
5,3.5,left-hand,0.9852,0.0148
5,3.5,right-hand,0.0678,0.9322
5,3.5,left-hand,0.4632,0.5368
5,3.5,right-hand,0.0093,0.9907
5,3.5,left-hand,0.7993,0.2007
5,3.5,right-hand,0.4986,0.5014
5,3.5,right-hand,0.2103,0.7897
5,3.5,left-hand,0.777,0.223
5,3.5,right-hand,0.1373,0.8627
5,3.5,left-hand,0.9359,0.0641
5,3.5,right-hand,0.2948,0.7052
5,3.5,right-hand,0.1811,0.8189
5,3.5,left-hand,0.6335,0.3665
5,3.5,left-hand,0.7906,0.2094
5,3.5,left-hand,0.9446,0.0554
5,3.5,right-hand,0.2084,0.7916
5,3.5,right-hand,0.2893,0.7107
5,3.5,right-hand,0.2543,0.7457
5,3.5,left-hand,0.9887,0.0113
5,3.5,right-hand,0.0183,0.9817
5,3.5,left-hand,0.7547,0.2453
5,3.5,left-hand,0.9098,0.0902
5,3.5,right-hand,0.153,0.847
