fold,tmin,true_label,left-hand,right-hand
1,2.5,right-hand,0.3725,0.6275
1,2.5,left-hand,0.7186,0.2814
1,2.5,left-hand,0.9987,0.0013
1,2.5,right-hand,0.0197,0.9803
1,2.5,right-hand,0.0668,0.9332
1,2.5,left-hand,0.9323,0.0677
1,2.5,left-hand,0.9066,0.0934
1,2.5,right-hand,0.0016,0.9984
1,2.5,right-hand,0.741,0.259
1,2.5,left-hand,0.4481,0.5519
1,2.5,left-hand,0.2812,0.7188
1,2.5,right-hand,0.0026,0.9974
1,2.5,right-hand,0.7583,0.2417
1,2.5,right-hand,0.1435,0.8565
1,2.5,left-hand,0.9513,0.0487
1,2.5,right-hand,0.0538,0.9462
1,2.5,right-hand,0.0259,0.9741
1,2.5,left-hand,0.9977,0.0023
1,2.5,left-hand,0.9972,0.0028
1,2.5,left-hand,0.9874,0.0126
1,2.5,right-hand,0.0805,0.9195
1,2.5,right-hand,0.2241,0.7759
1,2.5,left-hand,0.0653,0.9347
1,2.5,right-hand,0.0273,0.9727
1,2.5,right-hand,0.0345,0.9655
1,2.5,left-hand,0.8571,0.1429
1,2.5,right-hand,0.1173,0.8827
1,2.5,right-hand,0.7923,0.2077
1,2.5,right-hand,0.0035,0.9965
1,2.5,left-hand,0.9947,0.0053
1,2.5,left-hand,0.9652,0.0348
1,2.5,left-hand,0.7282,0.2718
1,2.5,left-hand,0.7279,0.2721
1,2.5,left-hand,0.6074,0.3926
1,2.5,right-hand,0.2921,0.7079
1,2.5,left-hand,0.9909,0.0091
1,2.5,left-hand,0.9774,0.0226
1,2.5,right-hand,0.0407,0.9593
1,2.5,left-hand,0.1427,0.8573
1,2.5,right-hand,0.0498,0.9502
1,2.5,right-hand,0.0737,0.9263
1,2.5,right-hand,0.4288,0.5712
1,2.5,left-hand,0.9941,0.0059
1,2.5,right-hand,0.038,0.962
1,2.5,left-hand,0.1996,0.8004
1,2.5,right-hand,0.7416,0.2584
1,2.5,left-hand,0.8892,0.1108
1,2.5,right-hand,0.0189,0.9811
1,2.5,left-hand,0.9465,0.0535
1,2.5,right-hand,0.0113,0.9887
1,2.5,left-hand,0.2715,0.7285
1,2.5,right-hand,0.9163,0.0837
1,2.5,left-hand,0.5844,0.4156
1,2.5,left-hand,0.9894,0.0106
1,2.5,right-hand,0.6962,0.3038
1,2.5,right-hand,0.0989,0.9011
1,2.5,left-hand,0.133,0.867
1,2.5,left-hand,0.2779,0.7221
2,2.5,left-hand,0.9497,0.0503
2,2.5,right-hand,0.3046,0.6954
2,2.5,left-hand,0.7074,0.2926
2,2.5,left-hand,0.9918,0.0082
2,2.5,left-hand,0.9806,0.0194
2,2.5,right-hand,0.3091,0.6909
2,2.5,left-hand,0.2235,0.7765
2,2.5,left-hand,0.9996,0.0004
2,2.5,left-hand,0.9982,0.0018
2,2.5,right-hand,0.1595,0.8405
2,2.5,left-hand,0.9763,0.0237
2,2.5,right-hand,0.0022,0.9978
2,2.5,right-hand,0.022,0.978
2,2.5,right-hand,0.3474,0.6526
2,2.5,left-hand,0.7967,0.2033
2,2.5,right-hand,0.0172,0.9828
2,2.5,right-hand,0.1359,0.8641
2,2.5,left-hand,0.9948,0.0052
2,2.5,left-hand,0.9822,0.0178
2,2.5,right-hand,0.059,0.941
2,2.5,right-hand,0.1899,0.8101
2,2.5,left-hand,0.8384,0.1616
2,2.5,left-hand,0.0797,0.9203
2,2.5,right-hand,0.0006,0.9994
2,2.5,right-hand,0.4851,0.5149
2,2.5,right-hand,0.051,0.949
2,2.5,left-hand,0.9447,0.0553
2,2.5,left-hand,0.9601,0.0399
2,2.5,right-hand,0.0027,0.9973
2,2.5,left-hand,0.2573,0.7427
2,2.5,right-hand,0.4758,0.5242
2,2.5,right-hand,0.9957,0.0043
2,2.5,left-hand,0.9954,0.0046
2,2.5,right-hand,0.0009,0.9991
2,2.5,left-hand,0.2835,0.7165
2,2.5,left-hand,0.2389,0.7611
2,2.5,right-hand,0.0607,0.9393
2,2.5,left-hand,0.5714,0.4286
2,2.5,left-hand,0.9972,0.0028
2,2.5,right-hand,0.032,0.968
2,2.5,right-hand,0.0026,0.9974
2,2.5,right-hand,0.5635,0.4365
2,2.5,right-hand,0.8436,0.1564
2,2.5,left-hand,0.9015,0.0985
2,2.5,right-hand,0.6442,0.3558
2,2.5,left-hand,0.8369,0.1631
2,2.5,right-hand,0.0005,0.9995
2,2.5,right-hand,0.0292,0.9708
2,2.5,left-hand,0.9615,0.0385
2,2.5,right-hand,0.4791,0.5209
2,2.5,left-hand,0.998,0.002
2,2.5,right-hand,0.0088,0.9912
2,2.5,right-hand,0.1555,0.8445
2,2.5,left-hand,0.6723,0.3277
2,2.5,left-hand,0.8876,0.1124
2,2.5,right-hand,0.0773,0.9227
2,2.5,left-hand,0.9786,0.0214
2,2.5,left-hand,0.9803,0.0197
3,2.5,right-hand,0.2656,0.7344
3,2.5,left-hand,0.9839,0.0161
3,2.5,right-hand,0.0704,0.9296
3,2.5,right-hand,0.098,0.902
3,2.5,right-hand,0.0913,0.9087
3,2.5,left-hand,0.8825,0.1175
3,2.5,left-hand,0.8772,0.1228
3,2.5,left-hand,0.9962,0.0038
3,2.5,right-hand,0.0063,0.9937
3,2.5,left-hand,0.9786,0.0214
3,2.5,right-hand,0.016,0.984
3,2.5,left-hand,0.6781,0.3219
3,2.5,right-hand,0.0068,0.9932
3,2.5,left-hand,0.7316,0.2684
3,2.5,left-hand,0.9573,0.0427
3,2.5,right-hand,0.012,0.988
3,2.5,right-hand,0.0035,0.9965
3,2.5,left-hand,0.156,0.844
3,2.5,left-hand,0.9986,0.0014
3,2.5,right-hand,0.0094,0.9906
3,2.5,right-hand,0.0074,0.9926
3,2.5,left-hand,0.9975,0.0025
3,2.5,right-hand,0.0022,0.9978
3,2.5,right-hand,0.5094,0.4906
3,2.5,left-hand,0.3531,0.6469
3,2.5,left-hand,0.9314,0.0686
3,2.5,right-hand,0.1234,0.8766
3,2.5,right-hand,0.3901,0.6099
3,2.5,left-hand,0.9928,0.0072
3,2.5,right-hand,0.036,0.964
3,2.5,left-hand,0.1948,0.8052
3,2.5,right-hand,0.2251,0.7749
3,2.5,left-hand,0.3353,0.6647
3,2.5,right-hand,0.0019,0.9981
3,2.5,left-hand,0.6321,0.3679
3,2.5,right-hand,0.0231,0.9769
3,2.5,right-hand,0.0825,0.9175
3,2.5,left-hand,0.9955,0.0045
3,2.5,right-hand,0.4607,0.5393
3,2.5,left-hand,0.0277,0.9723
3,2.5,left-hand,0.9959,0.0041
3,2.5,left-hand,0.9962,0.0038
3,2.5,right-hand,0.9012,0.0988
3,2.5,right-hand,0.5855,0.4145
3,2.5,left-hand,0.2964,0.7036
3,2.5,left-hand,0.6423,0.3577
3,2.5,right-hand,0.0103,0.9897
3,2.5,right-hand,0.0885,0.9115
3,2.5,left-hand,0.9822,0.0178
3,2.5,left-hand,0.4335,0.5665
3,2.5,right-hand,0.1207,0.8793
3,2.5,left-hand,0.9982,0.0018
3,2.5,right-hand,0.0028,0.9972
3,2.5,left-hand,0.9665,0.0335
3,2.5,left-hand,0.9932,0.0068
3,2.5,right-hand,0.5058,0.4942
3,2.5,left-hand,0.9511,0.0489
3,2.5,right-hand,0.1411,0.8589
4,2.5,right-hand,0.849,0.151
4,2.5,left-hand,0.5496,0.4504
4,2.5,left-hand,0.8376,0.1624
4,2.5,right-hand,0.0024,0.9976
4,2.5,right-hand,0.0557,0.9443
4,2.5,left-hand,0.1231,0.8769
4,2.5,left-hand,0.9881,0.0119
4,2.5,right-hand,0.0911,0.9089
4,2.5,right-hand,0.216,0.784
4,2.5,left-hand,0.9859,0.0141
4,2.5,right-hand,0.0225,0.9775
4,2.5,left-hand,0.9023,0.0977
4,2.5,right-hand,0.042,0.958
4,2.5,right-hand,0.9718,0.0282
4,2.5,right-hand,0.026,0.974
4,2.5,left-hand,0.3391,0.6609
4,2.5,left-hand,0.5406,0.4594
4,2.5,right-hand,0.0109,0.9891
4,2.5,right-hand,0.259,0.741
4,2.5,left-hand,0.0485,0.9515
4,2.5,right-hand,0.0301,0.9699
4,2.5,left-hand,0.697,0.303
4,2.5,left-hand,0.664,0.336
4,2.5,left-hand,0.9988,0.0012
4,2.5,right-hand,0.9839,0.0161
4,2.5,left-hand,0.9712,0.0288
4,2.5,left-hand,0.6792,0.3208
4,2.5,left-hand,0.9953,0.0047
4,2.5,right-hand,0.4512,0.5488
4,2.5,left-hand,0.9987,0.0013
4,2.5,right-hand,0.0487,0.9513
4,2.5,left-hand,0.1105,0.8895
4,2.5,right-hand,0.9484,0.0516
4,2.5,left-hand,0.495,0.505
4,2.5,left-hand,0.9544,0.0456
4,2.5,right-hand,0.0355,0.9645
4,2.5,left-hand,0.8205,0.1795
4,2.5,left-hand,0.8734,0.1266
4,2.5,left-hand,0.9209,0.0791
4,2.5,right-hand,0.0315,0.9685
4,2.5,left-hand,0.4501,0.5499
4,2.5,right-hand,0.9556,0.0444
4,2.5,right-hand,0.4648,0.5352
4,2.5,left-hand,0.6361,0.3639
4,2.5,right-hand,0.0668,0.9332
4,2.5,right-hand,0.1563,0.8437
4,2.5,left-hand,0.7828,0.2172
4,2.5,right-hand,0.0697,0.9303
4,2.5,right-hand,0.2799,0.7201
4,2.5,right-hand,0.9716,0.0284
4,2.5,left-hand,0.8807,0.1193
4,2.5,right-hand,0.0254,0.9746
4,2.5,right-hand,0.0218,0.9782
4,2.5,right-hand,0.2435,0.7565
4,2.5,left-hand,0.8307,0.1693
4,2.5,left-hand,0.9066,0.0934
4,2.5,right-hand,0.2832,0.7168
5,2.5,right-hand,0.0478,0.9522
5,2.5,left-hand,0.9564,0.0436
5,2.5,left-hand,0.7586,0.2414
5,2.5,left-hand,0.99,0.01
5,2.5,right-hand,0.6095,0.3905
5,2.5,right-hand,0.1518,0.8482
5,2.5,right-hand,0.007,0.993
5,2.5,right-hand,0.0983,0.9017
5,2.5,left-hand,0.0594,0.9406
5,2.5,right-hand,0.2404,0.7596
5,2.5,left-hand,0.8828,0.1172
5,2.5,left-hand,0.9992,0.0008
5,2.5,left-hand,0.8208,0.1792
5,2.5,left-hand,0.8756,0.1244
5,2.5,right-hand,0.0092,0.9908
5,2.5,right-hand,0.4044,0.5956
5,2.5,left-hand,0.213,0.787
5,2.5,left-hand,0.9955,0.0045
5,2.5,left-hand,0.9984,0.0016
5,2.5,left-hand,0.7872,0.2128
5,2.5,right-hand,0.3921,0.6079
5,2.5,right-hand,0.9659,0.0341
5,2.5,right-hand,0.0235,0.9765
5,2.5,left-hand,0.962,0.038
5,2.5,left-hand,0.8486,0.1514
5,2.5,right-hand,0.0216,0.9784
5,2.5,right-hand,0.0095,0.9905
5,2.5,right-hand,0.063,0.937
5,2.5,left-hand,0.9894,0.0106
5,2.5,left-hand,0.9764,0.0236
5,2.5,right-hand,0.0152,0.9848
5,2.5,right-hand,0.0061,0.9939
5,2.5,left-hand,0.9652,0.0348
5,2.5,right-hand,0.0218,0.9782
5,2.5,left-hand,0.979,0.021
5,2.5,right-hand,0.2241,0.7759
5,2.5,left-hand,0.881,0.119
5,2.5,right-hand,0.0077,0.9923
5,2.5,right-hand,0.281,0.719
5,2.5,left-hand,0.9696,0.0304
5,2.5,left-hand,0.9269,0.0731
5,2.5,right-hand,0.0825,0.9175
5,2.5,left-hand,0.9771,0.0229
5,2.5,left-hand,0.8842,0.1158
5,2.5,right-hand,0.2924,0.7076
5,2.5,left-hand,0.9895,0.0105
5,2.5,right-hand,0.0373,0.9627
5,2.5,right-hand,0.7339,0.2661
5,2.5,left-hand,0.9911,0.0089
5,2.5,right-hand,0.0023,0.9977
5,2.5,left-hand,0.9253,0.0747
5,2.5,right-hand,0.4177,0.5823
5,2.5,right-hand,0.0128,0.9872
5,2.5,right-hand,0.0005,0.9995
5,2.5,left-hand,0.2143,0.7857
5,2.5,left-hand,0.8207,0.1793
5,2.5,left-hand,0.9048,0.0952
