fold,tmin,true_label,left-hand,right-hand
1,3.5,left-hand,0.8426,0.1574
1,3.5,right-hand,0.1404,0.8596
1,3.5,left-hand,0.9366,0.0634
1,3.5,left-hand,0.1098,0.8902
1,3.5,left-hand,0.078,0.922
1,3.5,right-hand,0.0929,0.9071
1,3.5,right-hand,0.1136,0.8864
1,3.5,right-hand,0.0255,0.9745
1,3.5,right-hand,0.3936,0.6064
1,3.5,left-hand,0.6862,0.3138
1,3.5,left-hand,0.7395,0.2605
1,3.5,right-hand,0.2519,0.7481
1,3.5,right-hand,0.3706,0.6294
1,3.5,left-hand,0.0484,0.9516
1,3.5,right-hand,0.3595,0.6405
1,3.5,right-hand,0.0584,0.9416
1,3.5,left-hand,0.3693,0.6307
1,3.5,left-hand,0.0672,0.9328
1,3.5,left-hand,0.8502,0.1498
1,3.5,left-hand,0.287,0.713
1,3.5,left-hand,0.8055,0.1945
1,3.5,right-hand,0.0941,0.9059
1,3.5,left-hand,0.2462,0.7538
1,3.5,right-hand,0.1491,0.8509
1,3.5,right-hand,0.0606,0.9394
1,3.5,left-hand,0.7515,0.2485
1,3.5,right-hand,0.1639,0.8361
1,3.5,left-hand,0.161,0.839
1,3.5,left-hand,0.4428,0.5572
1,3.5,right-hand,0.0552,0.9448
1,3.5,right-hand,0.8355,0.1645
1,3.5,right-hand,0.8902,0.1098
1,3.5,right-hand,0.9258,0.0742
1,3.5,right-hand,0.0921,0.9079
1,3.5,left-hand,0.7286,0.2714
1,3.5,left-hand,0.9158,0.0842
1,3.5,left-hand,0.8781,0.1219
1,3.5,left-hand,0.6638,0.3362
1,3.5,right-hand,0.1477,0.8523
1,3.5,right-hand,0.0157,0.9843
1,3.5,right-hand,0.0208,0.9792
1,3.5,right-hand,0.1326,0.8674
1,3.5,left-hand,0.3424,0.6576
1,3.5,left-hand,0.6093,0.3907
1,3.5,right-hand,0.4567,0.5433
1,3.5,right-hand,0.2554,0.7446
1,3.5,left-hand,0.6598,0.3402
1,3.5,left-hand,0.6852,0.3148
1,3.5,left-hand,0.9879,0.0121
1,3.5,left-hand,0.9972,0.0028
1,3.5,right-hand,0.5094,0.4906
1,3.5,right-hand,0.5584,0.4416
1,3.5,right-hand,0.1408,0.8592
1,3.5,left-hand,0.899,0.101
1,3.5,right-hand,0.9171,0.0829
1,3.5,right-hand,0.0507,0.9493
1,3.5,left-hand,0.9134,0.0866
1,3.5,left-hand,0.4102,0.5898
1,3.5,right-hand,0.2923,0.7077
1,3.5,right-hand,0.0124,0.9876
1,3.5,left-hand,0.96,0.04
1,3.5,left-hand,0.9904,0.0096
1,3.5,left-hand,0.84,0.16
1,3.5,left-hand,0.9784,0.0216
1,3.5,right-hand,0.0046,0.9954
1,3.5,right-hand,0.0282,0.9718
1,3.5,left-hand,0.9716,0.0284
1,3.5,right-hand,0.035,0.965
1,3.5,right-hand,0.919,0.081
1,3.5,left-hand,0.0256,0.9744
1,3.5,right-hand,0.0142,0.9858
1,3.5,right-hand,0.9536,0.0464
1,3.5,left-hand,0.9859,0.0141
1,3.5,right-hand,0.0089,0.9911
1,3.5,right-hand,0.6634,0.3366
1,3.5,right-hand,0.7072,0.2928
1,3.5,right-hand,0.1047,0.8953
1,3.5,right-hand,0.9885,0.0115
1,3.5,right-hand,0.5882,0.4118
1,3.5,left-hand,0.5891,0.4109
1,3.5,left-hand,0.9551,0.0449
1,3.5,right-hand,0.0082,0.9918
1,3.5,left-hand,0.9747,0.0253
1,3.5,left-hand,0.183,0.817
1,3.5,left-hand,0.3413,0.6587
1,3.5,right-hand,0.3278,0.6722
1,3.5,left-hand,0.0708,0.9292
1,3.5,left-hand,0.9444,0.0556
1,3.5,left-hand,0.84,0.16
1,3.5,right-hand,0.0098,0.9902
1,3.5,right-hand,0.0147,0.9853
1,3.5,left-hand,0.9878,0.0122
1,3.5,right-hand,0.0327,0.9673
1,3.5,right-hand,0.1812,0.8188
1,3.5,right-hand,0.0268,0.9732
1,3.5,left-hand,0.8492,0.1508
1,3.5,right-hand,0.8288,0.1712
1,3.5,right-hand,0.0205,0.9795
1,3.5,right-hand,0.0932,0.9068
1,3.5,left-hand,0.854,0.146
1,3.5,left-hand,0.9058,0.0942
1,3.5,left-hand,0.2445,0.7555
1,3.5,right-hand,0.0147,0.9853
1,3.5,right-hand,0.0715,0.9285
1,3.5,right-hand,0.0925,0.9075
1,3.5,left-hand,0.9895,0.0105
1,3.5,left-hand,0.9674,0.0326
1,3.5,right-hand,0.4232,0.5768
1,3.5,left-hand,0.9901,0.0099
1,3.5,right-hand,0.1645,0.8355
1,3.5,left-hand,0.9818,0.0182
1,3.5,right-hand,0.7157,0.2843
1,3.5,left-hand,0.3682,0.6318
1,3.5,left-hand,0.9794,0.0206
1,3.5,left-hand,0.7851,0.2149
1,3.5,left-hand,0.7299,0.2701
1,3.5,left-hand,0.6566,0.3434
1,3.5,right-hand,0.1823,0.8177
1,3.5,right-hand,0.1216,0.8784
1,3.5,left-hand,0.925,0.075
1,3.5,right-hand,0.7671,0.2329
1,3.5,left-hand,0.8153,0.1847
1,3.5,left-hand,0.7607,0.2393
1,3.5,left-hand,0.9394,0.0606
1,3.5,left-hand,0.539,0.461
1,3.5,left-hand,0.9572,0.0428
1,3.5,left-hand,0.3687,0.6313
1,3.5,left-hand,0.9574,0.0426
1,3.5,left-hand,0.958,0.042
1,3.5,right-hand,0.0639,0.9361
1,3.5,right-hand,0.0899,0.9101
1,3.5,right-hand,0.431,0.569
1,3.5,right-hand,0.754,0.246
1,3.5,left-hand,0.3215,0.6785
1,3.5,right-hand,0.0039,0.9961
1,3.5,left-hand,0.9523,0.0477
1,3.5,left-hand,0.783,0.217
1,3.5,right-hand,0.4045,0.5955
1,3.5,right-hand,0.1966,0.8034
1,3.5,right-hand,0.0209,0.9791
1,3.5,left-hand,0.9509,0.0491
1,3.5,right-hand,0.0851,0.9149
1,3.5,left-hand,0.8708,0.1292
1,3.5,right-hand,0.1724,0.8276
2,3.5,right-hand,0.356,0.644
2,3.5,right-hand,0.1574,0.8426
2,3.5,left-hand,0.1198,0.8802
2,3.5,left-hand,0.1036,0.8964
2,3.5,right-hand,0.1222,0.8778
2,3.5,left-hand,0.2525,0.7475
2,3.5,left-hand,0.4822,0.5178
2,3.5,right-hand,0.9168,0.0832
2,3.5,left-hand,0.0088,0.9912
2,3.5,left-hand,0.6965,0.3035
2,3.5,right-hand,0.0759,0.9241
2,3.5,right-hand,0.6653,0.3347
2,3.5,right-hand,0.0999,0.9001
2,3.5,left-hand,0.3089,0.6911
2,3.5,right-hand,0.5696,0.4304
2,3.5,right-hand,0.7883,0.2117
2,3.5,left-hand,0.991,0.009
2,3.5,right-hand,0.0886,0.9114
2,3.5,left-hand,0.6584,0.3416
2,3.5,left-hand,0.8663,0.1337
2,3.5,left-hand,0.0442,0.9558
2,3.5,right-hand,0.0359,0.9641
2,3.5,left-hand,0.9793,0.0207
2,3.5,right-hand,0.0216,0.9784
2,3.5,left-hand,0.0652,0.9348
2,3.5,left-hand,0.6639,0.3361
2,3.5,right-hand,0.1385,0.8615
2,3.5,left-hand,0.9515,0.0485
2,3.5,left-hand,0.5853,0.4147
2,3.5,left-hand,0.8242,0.1758
2,3.5,left-hand,0.1085,0.8915
2,3.5,right-hand,0.2544,0.7456
2,3.5,right-hand,0.8437,0.1563
2,3.5,right-hand,0.3972,0.6028
2,3.5,left-hand,0.2729,0.7271
2,3.5,left-hand,0.7596,0.2404
2,3.5,right-hand,0.6339,0.3661
2,3.5,right-hand,0.9864,0.0136
2,3.5,left-hand,0.9296,0.0704
2,3.5,right-hand,0.0462,0.9538
2,3.5,left-hand,0.8352,0.1648
2,3.5,left-hand,0.6718,0.3282
2,3.5,left-hand,0.5223,0.4777
2,3.5,right-hand,0.2611,0.7389
2,3.5,right-hand,0.9552,0.0448
2,3.5,left-hand,0.2619,0.7381
2,3.5,left-hand,0.3434,0.6566
2,3.5,right-hand,0.2683,0.7317
2,3.5,left-hand,0.0877,0.9123
2,3.5,right-hand,0.0396,0.9604
2,3.5,left-hand,0.7996,0.2004
2,3.5,left-hand,0.122,0.878
2,3.5,right-hand,0.8912,0.1088
2,3.5,left-hand,0.8874,0.1126
2,3.5,left-hand,0.9825,0.0175
2,3.5,right-hand,0.3963,0.6037
2,3.5,left-hand,0.6268,0.3732
2,3.5,left-hand,0.7085,0.2915
2,3.5,left-hand,0.9828,0.0172
2,3.5,right-hand,0.7742,0.2258
2,3.5,left-hand,0.9069,0.0931
2,3.5,left-hand,0.9221,0.0779
2,3.5,right-hand,0.0718,0.9282
2,3.5,left-hand,0.6279,0.3721
2,3.5,right-hand,0.0703,0.9297
2,3.5,left-hand,0.8163,0.1837
2,3.5,right-hand,0.0481,0.9519
2,3.5,right-hand,0.4512,0.5488
2,3.5,right-hand,0.9628,0.0372
2,3.5,left-hand,0.9717,0.0283
2,3.5,right-hand,0.0096,0.9904
2,3.5,left-hand,0.9552,0.0448
2,3.5,left-hand,0.8961,0.1039
2,3.5,right-hand,0.1185,0.8815
2,3.5,left-hand,0.9675,0.0325
2,3.5,right-hand,0.089,0.911
2,3.5,left-hand,0.6654,0.3346
2,3.5,left-hand,0.5814,0.4186
2,3.5,left-hand,0.3645,0.6355
2,3.5,right-hand,0.0052,0.9948
2,3.5,left-hand,0.5198,0.4802
2,3.5,left-hand,0.9954,0.0046
2,3.5,left-hand,0.093,0.907
2,3.5,right-hand,0.073,0.927
2,3.5,right-hand,0.8146,0.1854
2,3.5,right-hand,0.0431,0.9569
2,3.5,right-hand,0.007,0.993
2,3.5,right-hand,0.0863,0.9137
2,3.5,left-hand,0.0584,0.9416
2,3.5,right-hand,0.0095,0.9905
2,3.5,right-hand,0.3261,0.6739
2,3.5,right-hand,0.2234,0.7766
2,3.5,right-hand,0.1348,0.8652
2,3.5,left-hand,0.9855,0.0145
2,3.5,left-hand,0.5613,0.4387
2,3.5,right-hand,0.1461,0.8539
2,3.5,right-hand,0.032,0.968
2,3.5,left-hand,0.8688,0.1312
2,3.5,right-hand,0.0618,0.9382
2,3.5,left-hand,0.6152,0.3848
2,3.5,left-hand,0.5012,0.4988
2,3.5,left-hand,0.4055,0.5945
2,3.5,left-hand,0.9888,0.0112
2,3.5,right-hand,0.1645,0.8355
2,3.5,left-hand,0.2195,0.7805
2,3.5,right-hand,0.1825,0.8175
2,3.5,left-hand,0.7824,0.2176
2,3.5,right-hand,0.4095,0.5905
2,3.5,left-hand,0.9763,0.0237
2,3.5,left-hand,0.4034,0.5966
2,3.5,left-hand,0.5566,0.4434
2,3.5,right-hand,0.5686,0.4314
2,3.5,right-hand,0.1241,0.8759
2,3.5,right-hand,0.009,0.991
2,3.5,right-hand,0.2875,0.7125
2,3.5,right-hand,0.0912,0.9088
2,3.5,right-hand,0.0703,0.9297
2,3.5,right-hand,0.1088,0.8912
2,3.5,left-hand,0.0418,0.9582
2,3.5,right-hand,0.0294,0.9706
2,3.5,left-hand,0.1913,0.8087
2,3.5,right-hand,0.8395,0.1605
2,3.5,left-hand,0.1819,0.8181
2,3.5,right-hand,0.4244,0.5756
2,3.5,right-hand,0.1023,0.8977
2,3.5,right-hand,0.8541,0.1459
2,3.5,left-hand,0.9168,0.0832
2,3.5,right-hand,0.5475,0.4525
2,3.5,right-hand,0.0198,0.9802
2,3.5,left-hand,0.9931,0.0069
2,3.5,right-hand,0.7652,0.2348
2,3.5,right-hand,0.5557,0.4443
2,3.5,right-hand,0.2614,0.7386
2,3.5,right-hand,0.913,0.087
2,3.5,right-hand,0.9654,0.0346
2,3.5,left-hand,0.9734,0.0266
2,3.5,left-hand,0.9931,0.0069
2,3.5,left-hand,0.994,0.006
2,3.5,left-hand,0.9557,0.0443
2,3.5,right-hand,0.4923,0.5077
2,3.5,right-hand,0.0443,0.9557
2,3.5,right-hand,0.7515,0.2485
2,3.5,left-hand,0.6919,0.3081
2,3.5,left-hand,0.857,0.143
3,3.5,right-hand,0.9159,0.0841
3,3.5,right-hand,0.226,0.774
3,3.5,right-hand,0.016,0.984
3,3.5,left-hand,0.1697,0.8303
3,3.5,left-hand,0.4162,0.5838
3,3.5,right-hand,0.0655,0.9345
3,3.5,left-hand,0.1034,0.8966
3,3.5,right-hand,0.0692,0.9308
3,3.5,right-hand,0.4997,0.5003
3,3.5,right-hand,0.8536,0.1464
3,3.5,right-hand,0.1484,0.8516
3,3.5,right-hand,0.6496,0.3504
3,3.5,left-hand,0.8513,0.1487
3,3.5,left-hand,0.9493,0.0507
3,3.5,left-hand,0.5724,0.4276
3,3.5,right-hand,0.7644,0.2356
3,3.5,right-hand,0.1971,0.8029
3,3.5,right-hand,0.0342,0.9658
3,3.5,left-hand,0.814,0.186
3,3.5,right-hand,0.124,0.876
3,3.5,left-hand,0.0408,0.9592
3,3.5,right-hand,0.085,0.915
3,3.5,left-hand,0.0871,0.9129
3,3.5,right-hand,0.1453,0.8547
3,3.5,right-hand,0.0257,0.9743
3,3.5,left-hand,0.1529,0.8471
3,3.5,left-hand,0.8449,0.1551
3,3.5,left-hand,0.3121,0.6879
3,3.5,right-hand,0.9449,0.0551
3,3.5,left-hand,0.7343,0.2657
3,3.5,left-hand,0.811,0.189
3,3.5,right-hand,0.3181,0.6819
3,3.5,left-hand,0.6569,0.3431
3,3.5,left-hand,0.9556,0.0444
3,3.5,right-hand,0.24,0.76
3,3.5,left-hand,0.798,0.202
3,3.5,right-hand,0.1442,0.8558
3,3.5,right-hand,0.9462,0.0538
3,3.5,left-hand,0.5835,0.4165
3,3.5,left-hand,0.623,0.377
3,3.5,right-hand,0.0873,0.9127
3,3.5,left-hand,0.9216,0.0784
3,3.5,left-hand,0.9901,0.0099
3,3.5,left-hand,0.7718,0.2282
3,3.5,left-hand,0.741,0.259
3,3.5,right-hand,0.4484,0.5516
3,3.5,left-hand,0.1421,0.8579
3,3.5,right-hand,0.3606,0.6394
3,3.5,right-hand,0.014,0.986
3,3.5,left-hand,0.4066,0.5934
3,3.5,right-hand,0.9154,0.0846
3,3.5,right-hand,0.0443,0.9557
3,3.5,right-hand,0.8342,0.1658
3,3.5,right-hand,0.4539,0.5461
3,3.5,left-hand,0.7124,0.2876
3,3.5,left-hand,0.8848,0.1152
3,3.5,right-hand,0.1951,0.8049
3,3.5,left-hand,0.4754,0.5246
3,3.5,left-hand,0.5181,0.4819
3,3.5,left-hand,0.6679,0.3321
3,3.5,right-hand,0.1666,0.8334
3,3.5,right-hand,0.9146,0.0854
3,3.5,right-hand,0.1909,0.8091
3,3.5,left-hand,0.9256,0.0744
3,3.5,left-hand,0.5236,0.4764
3,3.5,right-hand,0.0393,0.9607
3,3.5,right-hand,0.0423,0.9577
3,3.5,left-hand,0.993,0.007
3,3.5,left-hand,0.8919,0.1081
3,3.5,right-hand,0.07,0.93
3,3.5,left-hand,0.0926,0.9074
3,3.5,left-hand,0.6485,0.3515
3,3.5,left-hand,0.3431,0.6569
3,3.5,left-hand,0.9605,0.0395
3,3.5,right-hand,0.533,0.467
3,3.5,right-hand,0.0153,0.9847
3,3.5,left-hand,0.2711,0.7289
3,3.5,right-hand,0.3842,0.6158
3,3.5,left-hand,0.6907,0.3093
3,3.5,right-hand,0.3702,0.6298
3,3.5,left-hand,0.8261,0.1739
3,3.5,right-hand,0.0541,0.9459
3,3.5,right-hand,0.0912,0.9088
3,3.5,right-hand,0.0256,0.9744
3,3.5,right-hand,0.1124,0.8876
3,3.5,left-hand,0.9763,0.0237
3,3.5,right-hand,0.1479,0.8521
3,3.5,right-hand,0.3395,0.6605
3,3.5,right-hand,0.2052,0.7948
3,3.5,left-hand,0.9358,0.0642
3,3.5,left-hand,0.6575,0.3425
3,3.5,left-hand,0.8542,0.1458
3,3.5,left-hand,0.7495,0.2505
3,3.5,left-hand,0.9302,0.0698
3,3.5,left-hand,0.87,0.13
3,3.5,right-hand,0.0727,0.9273
3,3.5,left-hand,0.9853,0.0147
3,3.5,right-hand,0.8075,0.1925
3,3.5,right-hand,0.0066,0.9934
3,3.5,right-hand,0.6454,0.3546
3,3.5,right-hand,0.6471,0.3529
3,3.5,right-hand,0.8851,0.1149
3,3.5,right-hand,0.0659,0.9341
3,3.5,right-hand,0.0411,0.9589
3,3.5,left-hand,0.1078,0.8922
3,3.5,left-hand,0.9777,0.0223
3,3.5,left-hand,0.4676,0.5324
3,3.5,left-hand,0.9728,0.0272
3,3.5,left-hand,0.6593,0.3407
3,3.5,right-hand,0.0095,0.9905
3,3.5,left-hand,0.7311,0.2689
3,3.5,right-hand,0.5344,0.4656
3,3.5,right-hand,0.1084,0.8916
3,3.5,right-hand,0.9188,0.0812
3,3.5,left-hand,0.9545,0.0455
3,3.5,left-hand,0.7489,0.2511
3,3.5,right-hand,0.4857,0.5143
3,3.5,left-hand,0.9532,0.0468
3,3.5,left-hand,0.8281,0.1719
3,3.5,left-hand,0.9807,0.0193
3,3.5,left-hand,0.9008,0.0992
3,3.5,right-hand,0.3786,0.6214
3,3.5,right-hand,0.0363,0.9637
3,3.5,right-hand,0.3032,0.6968
3,3.5,left-hand,0.9453,0.0547
3,3.5,left-hand,0.9098,0.0902
3,3.5,left-hand,0.5909,0.4091
3,3.5,right-hand,0.2794,0.7206
3,3.5,left-hand,0.9369,0.0631
3,3.5,left-hand,0.9621,0.0379
3,3.5,right-hand,0.108,0.892
3,3.5,right-hand,0.0372,0.9628
3,3.5,left-hand,0.3299,0.6701
3,3.5,right-hand,0.942,0.058
3,3.5,left-hand,0.8117,0.1883
3,3.5,right-hand,0.1776,0.8224
3,3.5,left-hand,0.9694,0.0306
3,3.5,right-hand,0.864,0.136
3,3.5,left-hand,0.4329,0.5671
3,3.5,right-hand,0.9925,0.0075
3,3.5,right-hand,0.6959,0.3041
3,3.5,left-hand,0.7164,0.2836
3,3.5,right-hand,0.2382,0.7618
3,3.5,left-hand,0.719,0.281
4,3.5,left-hand,0.7002,0.2998
4,3.5,right-hand,0.2584,0.7416
4,3.5,left-hand,0.3359,0.6641
4,3.5,right-hand,0.1321,0.8679
4,3.5,left-hand,0.9392,0.0608
4,3.5,right-hand,0.0196,0.9804
4,3.5,left-hand,0.8575,0.1425
4,3.5,right-hand,0.0623,0.9377
4,3.5,left-hand,0.1197,0.8803
4,3.5,left-hand,0.5921,0.4079
4,3.5,left-hand,0.1845,0.8155
4,3.5,right-hand,0.1257,0.8743
4,3.5,right-hand,0.0692,0.9308
4,3.5,right-hand,0.4784,0.5216
4,3.5,left-hand,0.7471,0.2529
4,3.5,right-hand,0.142,0.858
4,3.5,left-hand,0.9046,0.0954
4,3.5,left-hand,0.6256,0.3744
4,3.5,left-hand,0.4487,0.5513
4,3.5,right-hand,0.2693,0.7307
4,3.5,left-hand,0.9422,0.0578
4,3.5,right-hand,0.1196,0.8804
4,3.5,right-hand,0.7216,0.2784
4,3.5,right-hand,0.1445,0.8555
4,3.5,right-hand,0.0354,0.9646
4,3.5,left-hand,0.5006,0.4994
4,3.5,right-hand,0.8293,0.1707
4,3.5,right-hand,0.372,0.628
4,3.5,right-hand,0.0803,0.9197
4,3.5,left-hand,0.8565,0.1435
4,3.5,right-hand,0.0312,0.9688
4,3.5,right-hand,0.0448,0.9552
4,3.5,left-hand,0.8993,0.1007
4,3.5,right-hand,0.2622,0.7378
4,3.5,left-hand,0.8478,0.1522
4,3.5,right-hand,0.1137,0.8863
4,3.5,left-hand,0.8269,0.1731
4,3.5,left-hand,0.8161,0.1839
4,3.5,left-hand,0.2529,0.7471
4,3.5,right-hand,0.6588,0.3412
4,3.5,right-hand,0.4086,0.5914
4,3.5,left-hand,0.9009,0.0991
4,3.5,right-hand,0.2746,0.7254
4,3.5,left-hand,0.4985,0.5015
4,3.5,right-hand,0.4285,0.5715
4,3.5,right-hand,0.7009,0.2991
4,3.5,left-hand,0.9898,0.0102
4,3.5,left-hand,0.8713,0.1287
4,3.5,right-hand,0.0585,0.9415
4,3.5,left-hand,0.6733,0.3267
4,3.5,right-hand,0.8936,0.1064
4,3.5,left-hand,0.9377,0.0623
4,3.5,right-hand,0.2041,0.7959
4,3.5,right-hand,0.3374,0.6626
4,3.5,left-hand,0.5263,0.4737
4,3.5,left-hand,0.7383,0.2617
4,3.5,left-hand,0.4904,0.5096
4,3.5,left-hand,0.7539,0.2461
4,3.5,right-hand,0.3566,0.6434
4,3.5,left-hand,0.7551,0.2449
4,3.5,right-hand,0.7086,0.2914
4,3.5,right-hand,0.1236,0.8764
4,3.5,right-hand,0.0441,0.9559
4,3.5,left-hand,0.2721,0.7279
4,3.5,left-hand,0.9251,0.0749
4,3.5,left-hand,0.9473,0.0527
4,3.5,right-hand,0.4334,0.5666
4,3.5,right-hand,0.3624,0.6376
4,3.5,right-hand,0.3929,0.6071
4,3.5,right-hand,0.3976,0.6024
4,3.5,left-hand,0.9777,0.0223
4,3.5,right-hand,0.0636,0.9364
4,3.5,right-hand,0.2873,0.7127
4,3.5,left-hand,0.9108,0.0892
4,3.5,right-hand,0.1485,0.8515
4,3.5,left-hand,0.7271,0.2729
4,3.5,left-hand,0.8748,0.1252
4,3.5,left-hand,0.5086,0.4914
4,3.5,left-hand,0.4667,0.5333
4,3.5,left-hand,0.4158,0.5842
4,3.5,right-hand,0.2457,0.7543
4,3.5,left-hand,0.8346,0.1654
4,3.5,right-hand,0.2368,0.7632
4,3.5,left-hand,0.9067,0.0933
4,3.5,left-hand,0.8998,0.1001
4,3.5,left-hand,0.5981,0.4019
4,3.5,right-hand,0.1355,0.8645
4,3.5,right-hand,0.248,0.752
4,3.5,left-hand,0.7589,0.2411
4,3.5,left-hand,0.4834,0.5166
4,3.5,right-hand,0.0177,0.9823
4,3.5,right-hand,0.9178,0.0822
4,3.5,left-hand,0.6647,0.3353
4,3.5,left-hand,0.9128,0.0872
4,3.5,right-hand,0.1642,0.8358
4,3.5,left-hand,0.1764,0.8236
4,3.5,right-hand,0.1397,0.8603
4,3.5,left-hand,0.8683,0.1317
4,3.5,left-hand,0.8107,0.1893
4,3.5,left-hand,0.9406,0.0594
4,3.5,right-hand,0.0332,0.9668
4,3.5,right-hand,0.2321,0.7679
4,3.5,right-hand,0.0156,0.9844
4,3.5,right-hand,0.0195,0.9805
4,3.5,right-hand,0.0355,0.9645
4,3.5,right-hand,0.9216,0.0784
4,3.5,right-hand,0.0155,0.9845
4,3.5,left-hand,0.9791,0.0209
4,3.5,right-hand,0.0913,0.9087
4,3.5,left-hand,0.7281,0.2719
4,3.5,right-hand,0.0147,0.9853
4,3.5,left-hand,0.769,0.231
4,3.5,right-hand,0.0358,0.9642
4,3.5,right-hand,0.16,0.84
4,3.5,left-hand,0.9099,0.0901
4,3.5,left-hand,0.4961,0.5039
4,3.5,right-hand,0.0981,0.9019
4,3.5,left-hand,0.8758,0.1242
4,3.5,right-hand,0.071,0.929
4,3.5,left-hand,0.8079,0.1921
4,3.5,right-hand,0.22,0.78
4,3.5,right-hand,0.0312,0.9688
4,3.5,left-hand,0.5416,0.4584
4,3.5,left-hand,0.4417,0.5583
4,3.5,right-hand,0.4517,0.5483
4,3.5,left-hand,0.127,0.873
4,3.5,left-hand,0.5151,0.4849
4,3.5,right-hand,0.6376,0.3624
4,3.5,left-hand,0.7277,0.2723
4,3.5,right-hand,0.0668,0.9332
4,3.5,left-hand,0.8556,0.1444
4,3.5,right-hand,0.0196,0.9804
4,3.5,left-hand,0.8876,0.1124
4,3.5,right-hand,0.2077,0.7923
4,3.5,left-hand,0.6905,0.3095
4,3.5,right-hand,0.3324,0.6676
4,3.5,left-hand,0.9431,0.0569
4,3.5,right-hand,0.2134,0.7866
4,3.5,left-hand,0.4655,0.5345
4,3.5,left-hand,0.922,0.078
4,3.5,left-hand,0.7252,0.2748
4,3.5,right-hand,0.4577,0.5423
4,3.5,right-hand,0.5316,0.4684
4,3.5,left-hand,0.4002,0.5998
5,3.5,left-hand,0.5634,0.4366
5,3.5,right-hand,0.1661,0.8339
5,3.5,right-hand,0.0527,0.9473
5,3.5,left-hand,0.2652,0.7348
5,3.5,left-hand,0.9391,0.0609
5,3.5,right-hand,0.1152,0.8848
5,3.5,left-hand,0.4147,0.5853
5,3.5,right-hand,0.0848,0.9152
5,3.5,left-hand,0.5742,0.4258
5,3.5,left-hand,0.1091,0.8909
5,3.5,left-hand,0.393,0.607
5,3.5,right-hand,0.3204,0.6796
5,3.5,left-hand,0.1049,0.8951
5,3.5,left-hand,0.3801,0.6199
5,3.5,right-hand,0.1085,0.8915
5,3.5,right-hand,0.7191,0.2809
5,3.5,left-hand,0.3276,0.6724
5,3.5,left-hand,0.5658,0.4342
5,3.5,right-hand,0.1329,0.8671
5,3.5,left-hand,0.122,0.878
5,3.5,right-hand,0.7023,0.2977
5,3.5,right-hand,0.76,0.24
5,3.5,right-hand,0.2787,0.7213
5,3.5,left-hand,0.9515,0.0485
5,3.5,right-hand,0.3964,0.6036
5,3.5,right-hand,0.1665,0.8335
5,3.5,right-hand,0.1812,0.8188
5,3.5,left-hand,0.4612,0.5388
5,3.5,left-hand,0.1065,0.8935
5,3.5,right-hand,0.7448,0.2552
5,3.5,right-hand,0.6446,0.3554
5,3.5,left-hand,0.607,0.393
5,3.5,left-hand,0.7445,0.2555
5,3.5,left-hand,0.417,0.583
5,3.5,right-hand,0.1918,0.8082
5,3.5,right-hand,0.6198,0.3802
5,3.5,right-hand,0.5775,0.4225
5,3.5,left-hand,0.7274,0.2726
5,3.5,left-hand,0.8844,0.1156
5,3.5,left-hand,0.7077,0.2923
5,3.5,right-hand,0.958,0.042
5,3.5,left-hand,0.8057,0.1943
5,3.5,right-hand,0.9555,0.0445
5,3.5,right-hand,0.0496,0.9504
5,3.5,left-hand,0.7148,0.2852
5,3.5,right-hand,0.3226,0.6774
5,3.5,right-hand,0.3944,0.6056
5,3.5,left-hand,0.3801,0.6199
5,3.5,right-hand,0.5582,0.4418
5,3.5,right-hand,0.2683,0.7317
5,3.5,left-hand,0.2968,0.7032
5,3.5,left-hand,0.9712,0.0288
5,3.5,right-hand,0.2402,0.7598
5,3.5,right-hand,0.2388,0.7612
5,3.5,left-hand,0.9903,0.0097
5,3.5,left-hand,0.0253,0.9747
5,3.5,right-hand,0.0097,0.9903
5,3.5,right-hand,0.0431,0.9569
5,3.5,right-hand,0.3956,0.6044
5,3.5,right-hand,0.3014,0.6986
5,3.5,right-hand,0.0941,0.9059
5,3.5,right-hand,0.0451,0.9549
5,3.5,right-hand,0.0093,0.9907
5,3.5,left-hand,0.9941,0.0059
5,3.5,left-hand,0.8156,0.1844
5,3.5,left-hand,0.9508,0.0492
5,3.5,left-hand,0.8781,0.1219
5,3.5,left-hand,0.7952,0.2048
5,3.5,right-hand,0.0229,0.9771
5,3.5,left-hand,0.9894,0.0106
5,3.5,right-hand,0.1033,0.8967
5,3.5,right-hand,0.9728,0.0272
5,3.5,left-hand,0.9771,0.0229
5,3.5,left-hand,0.8025,0.1975
5,3.5,left-hand,0.8976,0.1024
5,3.5,left-hand,0.9688,0.0312
5,3.5,right-hand,0.1079,0.8921
5,3.5,right-hand,0.011,0.989
5,3.5,right-hand,0.0213,0.9787
5,3.5,right-hand,0.199,0.801
5,3.5,right-hand,0.2313,0.7687
5,3.5,left-hand,0.8567,0.1433
5,3.5,left-hand,0.6733,0.3267
5,3.5,left-hand,0.9326,0.0674
5,3.5,left-hand,0.8858,0.1142
5,3.5,right-hand,0.8343,0.1657
5,3.5,left-hand,0.5659,0.4341
5,3.5,right-hand,0.0204,0.9796
5,3.5,right-hand,0.0394,0.9606
5,3.5,left-hand,0.5228,0.4772
5,3.5,right-hand,0.031,0.969
5,3.5,left-hand,0.9177,0.0823
5,3.5,left-hand,0.8033,0.1967
5,3.5,right-hand,0.6263,0.3737
5,3.5,left-hand,0.7252,0.2748
5,3.5,right-hand,0.6552,0.3448
5,3.5,left-hand,0.5706,0.4294
5,3.5,left-hand,0.9424,0.0576
5,3.5,right-hand,0.2277,0.7723
5,3.5,left-hand,0.9699,0.0301
5,3.5,left-hand,0.9955,0.0045
5,3.5,left-hand,0.9274,0.0726
5,3.5,right-hand,0.5689,0.4311
5,3.5,right-hand,0.9449,0.0551
5,3.5,right-hand,0.0429,0.9571
5,3.5,right-hand,0.1955,0.8045
5,3.5,right-hand,0.0729,0.9271
5,3.5,right-hand,0.0101,0.9899
5,3.5,left-hand,0.6563,0.3437
5,3.5,left-hand,0.7808,0.2192
5,3.5,right-hand,0.5401,0.4599
5,3.5,right-hand,0.274,0.726
5,3.5,left-hand,0.9389,0.0611
5,3.5,left-hand,0.9598,0.0402
5,3.5,right-hand,0.6092,0.3908
5,3.5,left-hand,0.9018,0.0982
5,3.5,left-hand,0.267,0.733
5,3.5,left-hand,0.1438,0.8562
5,3.5,left-hand,0.0672,0.9328
5,3.5,right-hand,0.4233,0.5767
5,3.5,right-hand,0.0668,0.9332
5,3.5,right-hand,0.1083,0.8917
5,3.5,right-hand,0.5989,0.4011
5,3.5,left-hand,0.895,0.105
5,3.5,left-hand,0.6971,0.3029
5,3.5,left-hand,0.7928,0.2072
5,3.5,left-hand,0.8798,0.1202
5,3.5,right-hand,0.2221,0.7779
5,3.5,left-hand,0.5188,0.4812
5,3.5,right-hand,0.159,0.841
5,3.5,left-hand,0.0756,0.9244
5,3.5,right-hand,0.8226,0.1774
5,3.5,right-hand,0.7119,0.2881
5,3.5,left-hand,0.8369,0.1631
5,3.5,right-hand,0.0075,0.9925
5,3.5,right-hand,0.8854,0.1146
5,3.5,left-hand,0.1419,0.8581
5,3.5,left-hand,0.7583,0.2417
5,3.5,right-hand,0.3544,0.6456
5,3.5,left-hand,0.9028,0.0972
5,3.5,right-hand,0.517,0.483
5,3.5,left-hand,0.893,0.107
5,3.5,right-hand,0.0952,0.9048
5,3.5,left-hand,0.8361,0.1639
