fold,tmin,true_label,left-hand,right-hand
1,3.5,left-hand,0.2329,0.7671
1,3.5,right-hand,0.3273,0.6727
1,3.5,left-hand,0.2702,0.7298
1,3.5,left-hand,0.3391,0.6609
1,3.5,left-hand,0.6437,0.3563
1,3.5,right-hand,0.2804,0.7196
1,3.5,right-hand,0.7984,0.2016
1,3.5,right-hand,0.2893,0.7107
1,3.5,right-hand,0.4537,0.5463
1,3.5,left-hand,0.4733,0.5267
1,3.5,left-hand,0.2198,0.7802
1,3.5,right-hand,0.4171,0.5829
1,3.5,right-hand,0.4702,0.5298
1,3.5,right-hand,0.4754,0.5246
1,3.5,left-hand,0.7733,0.2267
1,3.5,left-hand,0.6284,0.3716
1,3.5,right-hand,0.4965,0.5035
1,3.5,left-hand,0.2633,0.7367
1,3.5,left-hand,0.9223,0.0777
1,3.5,right-hand,0.8308,0.1692
1,3.5,left-hand,0.5461,0.4539
1,3.5,left-hand,0.5331,0.4669
1,3.5,left-hand,0.4507,0.5493
1,3.5,right-hand,0.6394,0.3606
1,3.5,right-hand,0.9729,0.0271
1,3.5,left-hand,0.2261,0.7739
1,3.5,right-hand,0.7218,0.2782
1,3.5,left-hand,0.5289,0.4711
1,3.5,left-hand,0.2372,0.7628
1,3.5,right-hand,0.1885,0.8115
1,3.5,right-hand,0.0609,0.9391
1,3.5,right-hand,0.5029,0.4971
1,3.5,right-hand,0.2346,0.7654
1,3.5,right-hand,0.8157,0.1843
1,3.5,left-hand,0.4099,0.5901
1,3.5,left-hand,0.8038,0.1962
1,3.5,left-hand,0.1388,0.8612
1,3.5,left-hand,0.7379,0.2621
1,3.5,right-hand,0.3741,0.6259
1,3.5,right-hand,0.625,0.375
1,3.5,right-hand,0.6658,0.3342
1,3.5,right-hand,0.2021,0.7979
1,3.5,left-hand,0.6688,0.3312
1,3.5,left-hand,0.5137,0.4863
1,3.5,right-hand,0.2214,0.7786
1,3.5,right-hand,0.5149,0.4851
1,3.5,left-hand,0.6131,0.3869
1,3.5,left-hand,0.5216,0.4784
1,3.5,left-hand,0.5348,0.4652
1,3.5,left-hand,0.0424,0.9576
1,3.5,right-hand,0.5437,0.4563
1,3.5,left-hand,0.198,0.802
1,3.5,left-hand,0.6712,0.3288
1,3.5,right-hand,0.3711,0.6289
1,3.5,right-hand,0.434,0.566
1,3.5,right-hand,0.179,0.821
1,3.5,right-hand,0.8693,0.1307
1,3.5,left-hand,0.1465,0.8535
1,3.5,right-hand,0.5302,0.4698
1,3.5,left-hand,0.7863,0.2137
1,3.5,right-hand,0.4366,0.5634
1,3.5,right-hand,0.238,0.762
1,3.5,left-hand,0.603,0.397
1,3.5,left-hand,0.6449,0.3551
1,3.5,left-hand,0.646,0.354
1,3.5,right-hand,0.251,0.749
1,3.5,left-hand,0.6909,0.3091
1,3.5,right-hand,0.3056,0.6944
1,3.5,right-hand,0.4736,0.5264
1,3.5,right-hand,0.5999,0.4001
1,3.5,right-hand,0.1375,0.8625
1,3.5,left-hand,0.8419,0.1581
1,3.5,left-hand,0.593,0.407
1,3.5,right-hand,0.458,0.542
1,3.5,right-hand,0.6543,0.3457
1,3.5,right-hand,0.343,0.657
1,3.5,right-hand,0.8996,0.1004
1,3.5,left-hand,0.2451,0.7549
1,3.5,right-hand,0.2623,0.7377
1,3.5,right-hand,0.5228,0.4772
1,3.5,right-hand,0.3156,0.6844
1,3.5,left-hand,0.3279,0.6721
1,3.5,left-hand,0.3108,0.6892
1,3.5,left-hand,0.7456,0.2544
1,3.5,left-hand,0.2134,0.7866
1,3.5,left-hand,0.2325,0.7675
1,3.5,left-hand,0.2358,0.7642
1,3.5,right-hand,0.5893,0.4107
1,3.5,left-hand,0.2726,0.7274
1,3.5,right-hand,0.1381,0.8619
1,3.5,right-hand,0.4814,0.5186
1,3.5,left-hand,0.9835,0.0165
1,3.5,right-hand,0.6273,0.3727
1,3.5,right-hand,0.4015,0.5985
1,3.5,right-hand,0.1647,0.8353
1,3.5,left-hand,0.029,0.971
1,3.5,right-hand,0.4483,0.5517
1,3.5,right-hand,0.5844,0.4156
1,3.5,right-hand,0.3019,0.6981
1,3.5,left-hand,0.3697,0.6303
1,3.5,right-hand,0.8513,0.1487
1,3.5,left-hand,0.4208,0.5792
1,3.5,left-hand,0.4621,0.5379
1,3.5,right-hand,0.6321,0.3679
1,3.5,right-hand,0.1761,0.8239
1,3.5,left-hand,0.7314,0.2686
1,3.5,right-hand,0.5837,0.4163
1,3.5,left-hand,0.7372,0.2628
1,3.5,left-hand,0.3864,0.6136
1,3.5,right-hand,0.2815,0.7185
1,3.5,left-hand,0.5513,0.4487
1,3.5,left-hand,0.0928,0.9072
1,3.5,right-hand,0.9116,0.0884
1,3.5,left-hand,0.4695,0.5305
1,3.5,left-hand,0.5621,0.4379
1,3.5,left-hand,0.4625,0.5375
1,3.5,left-hand,0.7446,0.2554
1,3.5,right-hand,0.8409,0.1591
1,3.5,left-hand,0.7163,0.2837
1,3.5,right-hand,0.0938,0.9062
1,3.5,right-hand,0.1647,0.8353
1,3.5,left-hand,0.9159,0.0841
1,3.5,left-hand,0.7351,0.2649
1,3.5,left-hand,0.4334,0.5666
1,3.5,left-hand,0.7629,0.2371
1,3.5,left-hand,0.4693,0.5307
1,3.5,left-hand,0.811,0.189
1,3.5,right-hand,0.1476,0.8524
1,3.5,right-hand,0.8395,0.1605
1,3.5,left-hand,0.848,0.152
1,3.5,right-hand,0.7074,0.2926
1,3.5,right-hand,0.4562,0.5438
1,3.5,left-hand,0.9576,0.0424
1,3.5,right-hand,0.5927,0.4073
1,3.5,left-hand,0.7273,0.2727
1,3.5,left-hand,0.3398,0.6602
1,3.5,left-hand,0.6347,0.3653
1,3.5,right-hand,0.3574,0.6426
1,3.5,right-hand,0.7519,0.2481
1,3.5,right-hand,0.5699,0.4301
1,3.5,left-hand,0.3876,0.6124
1,3.5,right-hand,0.8556,0.1444
1,3.5,right-hand,0.5149,0.4851
1,3.5,left-hand,0.2727,0.7273
2,3.5,right-hand,0.1507,0.8493
2,3.5,right-hand,0.5615,0.4385
2,3.5,left-hand,0.8522,0.1478
2,3.5,right-hand,0.5964,0.4036
2,3.5,left-hand,0.7717,0.2283
2,3.5,right-hand,0.3259,0.6741
2,3.5,left-hand,0.2382,0.7618
2,3.5,left-hand,0.32,0.68
2,3.5,left-hand,0.4323,0.5677
2,3.5,left-hand,0.751,0.249
2,3.5,right-hand,0.4707,0.5293
2,3.5,right-hand,0.5548,0.4452
2,3.5,right-hand,0.7225,0.2775
2,3.5,left-hand,0.9265,0.0735
2,3.5,right-hand,0.2502,0.7498
2,3.5,left-hand,0.5279,0.4721
2,3.5,right-hand,0.279,0.721
2,3.5,left-hand,0.7005,0.2995
2,3.5,left-hand,0.382,0.618
2,3.5,right-hand,0.3745,0.6255
2,3.5,left-hand,0.9768,0.0232
2,3.5,right-hand,0.8724,0.1276
2,3.5,right-hand,0.1581,0.8419
2,3.5,left-hand,0.3942,0.6058
2,3.5,left-hand,0.556,0.444
2,3.5,left-hand,0.7906,0.2094
2,3.5,right-hand,0.3525,0.6475
2,3.5,left-hand,0.1868,0.8132
2,3.5,left-hand,0.8564,0.1436
2,3.5,left-hand,0.1877,0.8123
2,3.5,left-hand,0.2742,0.7258
2,3.5,right-hand,0.2139,0.7861
2,3.5,right-hand,0.8001,0.1999
2,3.5,right-hand,0.7528,0.2472
2,3.5,left-hand,0.4275,0.5725
2,3.5,left-hand,0.6853,0.3147
2,3.5,right-hand,0.2446,0.7554
2,3.5,right-hand,0.1783,0.8217
2,3.5,left-hand,0.5142,0.4858
2,3.5,right-hand,0.7669,0.2331
2,3.5,left-hand,0.2644,0.7356
2,3.5,left-hand,0.5926,0.4074
2,3.5,left-hand,0.6374,0.3626
2,3.5,right-hand,0.4769,0.5231
2,3.5,right-hand,0.2733,0.7267
2,3.5,left-hand,0.8551,0.1449
2,3.5,left-hand,0.2455,0.7545
2,3.5,right-hand,0.5697,0.4303
2,3.5,left-hand,0.2254,0.7746
2,3.5,right-hand,0.393,0.607
2,3.5,left-hand,0.3622,0.6378
2,3.5,left-hand,0.1648,0.8352
2,3.5,right-hand,0.512,0.488
2,3.5,left-hand,0.3066,0.6934
2,3.5,left-hand,0.4286,0.5714
2,3.5,right-hand,0.3176,0.6824
2,3.5,left-hand,0.3783,0.6217
2,3.5,left-hand,0.7264,0.2736
2,3.5,left-hand,0.2669,0.7331
2,3.5,right-hand,0.2577,0.7423
2,3.5,left-hand,0.7588,0.2412
2,3.5,right-hand,0.7616,0.2384
2,3.5,left-hand,0.4656,0.5344
2,3.5,right-hand,0.2227,0.7773
2,3.5,left-hand,0.8822,0.1178
2,3.5,left-hand,0.347,0.653
2,3.5,right-hand,0.1633,0.8367
2,3.5,right-hand,0.7136,0.2864
2,3.5,right-hand,0.083,0.917
2,3.5,left-hand,0.4873,0.5127
2,3.5,left-hand,0.5552,0.4448
2,3.5,left-hand,0.7439,0.2561
2,3.5,right-hand,0.2608,0.7392
2,3.5,left-hand,0.4406,0.5594
2,3.5,right-hand,0.6178,0.3822
2,3.5,right-hand,0.2122,0.7878
2,3.5,left-hand,0.5928,0.4072
2,3.5,right-hand,0.3002,0.6998
2,3.5,left-hand,0.4411,0.5589
2,3.5,left-hand,0.2215,0.7785
2,3.5,left-hand,0.4678,0.5322
2,3.5,left-hand,0.1908,0.8092
2,3.5,right-hand,0.1156,0.8844
2,3.5,left-hand,0.3649,0.6351
2,3.5,right-hand,0.5175,0.4825
2,3.5,right-hand,0.0907,0.9093
2,3.5,right-hand,0.2618,0.7382
2,3.5,right-hand,0.0557,0.9443
2,3.5,left-hand,0.6838,0.3162
2,3.5,right-hand,0.4565,0.5435
2,3.5,right-hand,0.4085,0.5915
2,3.5,right-hand,0.291,0.709
2,3.5,left-hand,0.5985,0.4015
2,3.5,right-hand,0.4491,0.5509
2,3.5,left-hand,0.5088,0.4912
2,3.5,right-hand,0.3275,0.6725
2,3.5,right-hand,0.466,0.534
2,3.5,left-hand,0.5998,0.4002
2,3.5,right-hand,0.3233,0.6767
2,3.5,left-hand,0.611,0.389
2,3.5,left-hand,0.3814,0.6186
2,3.5,left-hand,0.2445,0.7555
2,3.5,left-hand,0.6585,0.3415
2,3.5,right-hand,0.3085,0.6915
2,3.5,right-hand,0.171,0.829
2,3.5,left-hand,0.5632,0.4368
2,3.5,left-hand,0.7342,0.2658
2,3.5,right-hand,0.2496,0.7504
2,3.5,left-hand,0.6715,0.3285
2,3.5,left-hand,0.5882,0.4118
2,3.5,left-hand,0.4646,0.5354
2,3.5,right-hand,0.4475,0.5525
2,3.5,right-hand,0.177,0.823
2,3.5,right-hand,0.2947,0.7053
2,3.5,right-hand,0.3386,0.6614
2,3.5,right-hand,0.8457,0.1543
2,3.5,right-hand,0.7166,0.2834
2,3.5,right-hand,0.0991,0.9009
2,3.5,right-hand,0.7856,0.2144
2,3.5,left-hand,0.5865,0.4135
2,3.5,right-hand,0.3402,0.6598
2,3.5,right-hand,0.251,0.749
2,3.5,left-hand,0.3781,0.6219
2,3.5,right-hand,0.7212,0.2788
2,3.5,left-hand,0.7985,0.2015
2,3.5,right-hand,0.2728,0.7272
2,3.5,right-hand,0.618,0.382
2,3.5,left-hand,0.6635,0.3365
2,3.5,right-hand,0.7074,0.2926
2,3.5,right-hand,0.2947,0.7053
2,3.5,left-hand,0.3588,0.6412
2,3.5,right-hand,0.4197,0.5803
2,3.5,right-hand,0.7746,0.2254
2,3.5,right-hand,0.4974,0.5026
2,3.5,right-hand,0.5513,0.4487
2,3.5,left-hand,0.9259,0.0741
2,3.5,right-hand,0.2487,0.7513
2,3.5,right-hand,0.5221,0.4779
2,3.5,right-hand,0.5938,0.4062
2,3.5,left-hand,0.625,0.375
2,3.5,left-hand,0.6006,0.3994
2,3.5,left-hand,0.6024,0.3976
2,3.5,left-hand,0.4628,0.5372
2,3.5,left-hand,0.9751,0.0249
3,3.5,right-hand,0.2002,0.7998
3,3.5,right-hand,0.757,0.243
3,3.5,right-hand,0.5509,0.4491
3,3.5,left-hand,0.0888,0.9112
3,3.5,left-hand,0.7303,0.2697
3,3.5,right-hand,0.2496,0.7504
3,3.5,left-hand,0.7901,0.2099
3,3.5,right-hand,0.9394,0.0606
3,3.5,right-hand,0.8886,0.1114
3,3.5,right-hand,0.3583,0.6417
3,3.5,right-hand,0.0872,0.9128
3,3.5,left-hand,0.2742,0.7258
3,3.5,right-hand,0.2313,0.7687
3,3.5,left-hand,0.7207,0.2793
3,3.5,right-hand,0.3523,0.6477
3,3.5,left-hand,0.874,0.126
3,3.5,right-hand,0.547,0.453
3,3.5,right-hand,0.5913,0.4087
3,3.5,left-hand,0.4845,0.5155
3,3.5,right-hand,0.8366,0.1634
3,3.5,left-hand,0.374,0.626
3,3.5,right-hand,0.1129,0.8871
3,3.5,left-hand,0.8008,0.1992
3,3.5,right-hand,0.3575,0.6425
3,3.5,right-hand,0.3798,0.6202
3,3.5,left-hand,0.1542,0.8458
3,3.5,left-hand,0.2776,0.7224
3,3.5,left-hand,0.9616,0.0384
3,3.5,right-hand,0.8714,0.1286
3,3.5,left-hand,0.3097,0.6903
3,3.5,left-hand,0.1125,0.8875
3,3.5,right-hand,0.4796,0.5204
3,3.5,left-hand,0.4049,0.5951
3,3.5,left-hand,0.9246,0.0754
3,3.5,right-hand,0.3992,0.6008
3,3.5,left-hand,0.5653,0.4347
3,3.5,right-hand,0.5293,0.4707
3,3.5,right-hand,0.4284,0.5716
3,3.5,left-hand,0.3619,0.6381
3,3.5,left-hand,0.7516,0.2484
3,3.5,right-hand,0.5931,0.4069
3,3.5,left-hand,0.8048,0.1952
3,3.5,left-hand,0.8628,0.1372
3,3.5,left-hand,0.8237,0.1763
3,3.5,left-hand,0.2452,0.7548
3,3.5,right-hand,0.5709,0.4291
3,3.5,left-hand,0.8552,0.1448
3,3.5,right-hand,0.9214,0.0786
3,3.5,right-hand,0.1802,0.8198
3,3.5,left-hand,0.2481,0.7519
3,3.5,right-hand,0.2712,0.7288
3,3.5,right-hand,0.8347,0.1653
3,3.5,right-hand,0.2329,0.7671
3,3.5,left-hand,0.1459,0.8541
3,3.5,right-hand,0.7533,0.2467
3,3.5,left-hand,0.406,0.594
3,3.5,right-hand,0.453,0.547
3,3.5,left-hand,0.2442,0.7558
3,3.5,left-hand,0.1284,0.8716
3,3.5,left-hand,0.4895,0.5105
3,3.5,right-hand,0.1713,0.8287
3,3.5,right-hand,0.0908,0.9092
3,3.5,right-hand,0.2818,0.7182
3,3.5,left-hand,0.7014,0.2986
3,3.5,left-hand,0.3599,0.6401
3,3.5,right-hand,0.86,0.14
3,3.5,right-hand,0.1654,0.8346
3,3.5,right-hand,0.1642,0.8358
3,3.5,left-hand,0.2257,0.7743
3,3.5,left-hand,0.5613,0.4387
3,3.5,left-hand,0.4794,0.5206
3,3.5,left-hand,0.6144,0.3856
3,3.5,left-hand,0.4895,0.5105
3,3.5,left-hand,0.1704,0.8296
3,3.5,right-hand,0.2919,0.7081
3,3.5,left-hand,0.6368,0.3632
3,3.5,left-hand,0.1577,0.8423
3,3.5,right-hand,0.253,0.747
3,3.5,right-hand,0.3446,0.6554
3,3.5,right-hand,0.3159,0.6841
3,3.5,left-hand,0.7662,0.2338
3,3.5,right-hand,0.5227,0.4773
3,3.5,right-hand,0.2192,0.7808
3,3.5,right-hand,0.6347,0.3653
3,3.5,right-hand,0.6265,0.3735
3,3.5,right-hand,0.3515,0.6485
3,3.5,left-hand,0.2074,0.7926
3,3.5,right-hand,0.2437,0.7563
3,3.5,left-hand,0.2891,0.7109
3,3.5,right-hand,0.373,0.627
3,3.5,left-hand,0.5975,0.4025
3,3.5,left-hand,0.3254,0.6746
3,3.5,left-hand,0.2884,0.7116
3,3.5,right-hand,0.2919,0.7081
3,3.5,left-hand,0.6174,0.3826
3,3.5,left-hand,0.4694,0.5306
3,3.5,left-hand,0.4439,0.5561
3,3.5,right-hand,0.3524,0.6476
3,3.5,right-hand,0.821,0.179
3,3.5,right-hand,0.2297,0.7703
3,3.5,right-hand,0.8872,0.1128
3,3.5,right-hand,0.5379,0.4621
3,3.5,right-hand,0.4373,0.5627
3,3.5,right-hand,0.164,0.836
3,3.5,left-hand,0.1137,0.8863
3,3.5,left-hand,0.1482,0.8518
3,3.5,left-hand,0.5942,0.4058
3,3.5,left-hand,0.6881,0.3119
3,3.5,left-hand,0.7502,0.2498
3,3.5,right-hand,0.8117,0.1883
3,3.5,left-hand,0.3785,0.6215
3,3.5,right-hand,0.2299,0.7701
3,3.5,right-hand,0.2387,0.7613
3,3.5,left-hand,0.6214,0.3786
3,3.5,left-hand,0.529,0.471
3,3.5,right-hand,0.3483,0.6517
3,3.5,right-hand,0.6001,0.3999
3,3.5,left-hand,0.6737,0.3263
3,3.5,left-hand,0.5722,0.4278
3,3.5,left-hand,0.4041,0.5959
3,3.5,left-hand,0.7363,0.2637
3,3.5,right-hand,0.3794,0.6206
3,3.5,right-hand,0.3557,0.6443
3,3.5,right-hand,0.2935,0.7065
3,3.5,left-hand,0.1212,0.8788
3,3.5,right-hand,0.1827,0.8173
3,3.5,left-hand,0.6076,0.3924
3,3.5,left-hand,0.8075,0.1925
3,3.5,left-hand,0.337,0.663
3,3.5,left-hand,0.2821,0.7179
3,3.5,left-hand,0.7333,0.2667
3,3.5,right-hand,0.4347,0.5653
3,3.5,right-hand,0.1856,0.8144
3,3.5,left-hand,0.7544,0.2456
3,3.5,right-hand,0.7245,0.2755
3,3.5,right-hand,0.7768,0.2232
3,3.5,left-hand,0.598,0.402
3,3.5,right-hand,0.6496,0.3504
3,3.5,right-hand,0.5646,0.4354
3,3.5,right-hand,0.5899,0.4101
3,3.5,left-hand,0.8713,0.1287
3,3.5,left-hand,0.3597,0.6403
3,3.5,right-hand,0.2005,0.7995
3,3.5,left-hand,0.3186,0.6814
4,3.5,left-hand,0.6123,0.3877
4,3.5,right-hand,0.6084,0.3916
4,3.5,left-hand,0.3084,0.6916
4,3.5,left-hand,0.0601,0.9399
4,3.5,right-hand,0.8917,0.1083
4,3.5,left-hand,0.3055,0.6945
4,3.5,right-hand,0.2442,0.7558
4,3.5,right-hand,0.1092,0.8908
4,3.5,left-hand,0.2734,0.7266
4,3.5,left-hand,0.886,0.114
4,3.5,left-hand,0.4839,0.5161
4,3.5,right-hand,0.3716,0.6284
4,3.5,right-hand,0.1807,0.8193
4,3.5,right-hand,0.788,0.212
4,3.5,left-hand,0.7257,0.2743
4,3.5,right-hand,0.8493,0.1507
4,3.5,left-hand,0.335,0.665
4,3.5,left-hand,0.3077,0.6923
4,3.5,left-hand,0.3089,0.6911
4,3.5,right-hand,0.5157,0.4843
4,3.5,left-hand,0.9296,0.0704
4,3.5,right-hand,0.5744,0.4256
4,3.5,right-hand,0.194,0.806
4,3.5,right-hand,0.2668,0.7332
4,3.5,right-hand,0.3658,0.6342
4,3.5,left-hand,0.9606,0.0394
4,3.5,right-hand,0.7384,0.2616
4,3.5,right-hand,0.1309,0.8691
4,3.5,right-hand,0.1216,0.8784
4,3.5,left-hand,0.5739,0.4261
4,3.5,right-hand,0.4311,0.5689
4,3.5,right-hand,0.771,0.229
4,3.5,left-hand,0.7268,0.2732
4,3.5,right-hand,0.2138,0.7862
4,3.5,left-hand,0.2356,0.7644
4,3.5,right-hand,0.5186,0.4814
4,3.5,left-hand,0.4187,0.5813
4,3.5,left-hand,0.8083,0.1917
4,3.5,left-hand,0.5136,0.4864
4,3.5,right-hand,0.5944,0.4056
4,3.5,right-hand,0.4995,0.5005
4,3.5,left-hand,0.1537,0.8463
4,3.5,right-hand,0.1131,0.8869
4,3.5,left-hand,0.8262,0.1738
4,3.5,right-hand,0.5212,0.4788
4,3.5,right-hand,0.4223,0.5777
4,3.5,left-hand,0.5354,0.4646
4,3.5,left-hand,0.554,0.446
4,3.5,left-hand,0.6073,0.3927
4,3.5,left-hand,0.7772,0.2228
4,3.5,right-hand,0.6322,0.3678
4,3.5,right-hand,0.4198,0.5802
4,3.5,right-hand,0.1127,0.8873
4,3.5,left-hand,0.1998,0.8002
4,3.5,left-hand,0.5801,0.4199
4,3.5,right-hand,0.775,0.225
4,3.5,left-hand,0.6123,0.3877
4,3.5,left-hand,0.4193,0.5807
4,3.5,right-hand,0.4641,0.5359
4,3.5,right-hand,0.652,0.348
4,3.5,left-hand,0.3214,0.6786
4,3.5,right-hand,0.6335,0.3665
4,3.5,right-hand,0.2686,0.7314
4,3.5,left-hand,0.8874,0.1126
4,3.5,left-hand,0.8514,0.1486
4,3.5,left-hand,0.4669,0.5331
4,3.5,right-hand,0.7998,0.2002
4,3.5,right-hand,0.3083,0.6917
4,3.5,right-hand,0.7287,0.2713
4,3.5,right-hand,0.5894,0.4106
4,3.5,left-hand,0.1253,0.8747
4,3.5,left-hand,0.7004,0.2996
4,3.5,left-hand,0.9262,0.0738
4,3.5,right-hand,0.4919,0.5081
4,3.5,right-hand,0.4211,0.5789
4,3.5,left-hand,0.2132,0.7868
4,3.5,right-hand,0.5289,0.4711
4,3.5,left-hand,0.8194,0.1806
4,3.5,left-hand,0.543,0.457
4,3.5,left-hand,0.5842,0.4158
4,3.5,left-hand,0.8398,0.1602
4,3.5,right-hand,0.1815,0.8185
4,3.5,right-hand,0.3529,0.6471
4,3.5,left-hand,0.1461,0.8539
4,3.5,right-hand,0.5223,0.4777
4,3.5,left-hand,0.2006,0.7994
4,3.5,right-hand,0.1871,0.8129
4,3.5,left-hand,0.5291,0.4709
4,3.5,left-hand,0.6247,0.3753
4,3.5,left-hand,0.2285,0.7715
4,3.5,right-hand,0.8512,0.1488
4,3.5,right-hand,0.4209,0.5791
4,3.5,left-hand,0.2923,0.7077
4,3.5,left-hand,0.7738,0.2262
4,3.5,right-hand,0.2951,0.7049
4,3.5,left-hand,0.2044,0.7956
4,3.5,right-hand,0.6814,0.3186
4,3.5,left-hand,0.0616,0.9384
4,3.5,left-hand,0.3835,0.6165
4,3.5,right-hand,0.3173,0.6827
4,3.5,right-hand,0.8792,0.1208
4,3.5,left-hand,0.5945,0.4055
4,3.5,right-hand,0.5701,0.4299
4,3.5,right-hand,0.0959,0.9041
4,3.5,right-hand,0.1842,0.8158
4,3.5,right-hand,0.6182,0.3818
4,3.5,right-hand,0.4174,0.5826
4,3.5,left-hand,0.425,0.575
4,3.5,right-hand,0.7104,0.2896
4,3.5,left-hand,0.3339,0.6661
4,3.5,left-hand,0.4379,0.5621
4,3.5,right-hand,0.4243,0.5757
4,3.5,right-hand,0.6902,0.3098
4,3.5,right-hand,0.0906,0.9094
4,3.5,left-hand,0.752,0.248
4,3.5,left-hand,0.2169,0.7831
4,3.5,left-hand,0.5796,0.4204
4,3.5,right-hand,0.8586,0.1414
4,3.5,right-hand,0.3269,0.6731
4,3.5,left-hand,0.7357,0.2643
4,3.5,right-hand,0.2089,0.7911
4,3.5,right-hand,0.3032,0.6968
4,3.5,left-hand,0.8779,0.1221
4,3.5,left-hand,0.8008,0.1992
4,3.5,left-hand,0.1423,0.8577
4,3.5,right-hand,0.8446,0.1554
4,3.5,right-hand,0.5587,0.4413
4,3.5,left-hand,0.2122,0.7878
4,3.5,right-hand,0.7166,0.2834
4,3.5,right-hand,0.4815,0.5185
4,3.5,left-hand,0.4816,0.5184
4,3.5,left-hand,0.5808,0.4192
4,3.5,right-hand,0.6885,0.3115
4,3.5,left-hand,0.1423,0.8577
4,3.5,right-hand,0.3347,0.6653
4,3.5,left-hand,0.7314,0.2686
4,3.5,left-hand,0.92,0.08
4,3.5,right-hand,0.7862,0.2138
4,3.5,left-hand,0.3503,0.6497
4,3.5,left-hand,0.5275,0.4725
4,3.5,left-hand,0.1204,0.8796
4,3.5,right-hand,0.9022,0.0978
4,3.5,right-hand,0.8466,0.1534
4,3.5,left-hand,0.9026,0.0974
5,3.5,left-hand,0.8786,0.1214
5,3.5,right-hand,0.656,0.344
5,3.5,right-hand,0.1164,0.8836
5,3.5,right-hand,0.2419,0.7581
5,3.5,left-hand,0.3169,0.6831
5,3.5,left-hand,0.294,0.706
5,3.5,left-hand,0.7248,0.2752
5,3.5,right-hand,0.6796,0.3204
5,3.5,left-hand,0.5445,0.4555
5,3.5,right-hand,0.2487,0.7513
5,3.5,left-hand,0.7027,0.2973
5,3.5,left-hand,0.6265,0.3735
5,3.5,left-hand,0.4875,0.5125
5,3.5,right-hand,0.0608,0.9392
5,3.5,right-hand,0.3992,0.6008
5,3.5,left-hand,0.5126,0.4874
5,3.5,left-hand,0.8596,0.1404
5,3.5,left-hand,0.767,0.233
5,3.5,right-hand,0.4908,0.5092
5,3.5,left-hand,0.3161,0.6839
5,3.5,right-hand,0.9036,0.0964
5,3.5,right-hand,0.253,0.747
5,3.5,right-hand,0.2594,0.7406
5,3.5,right-hand,0.5223,0.4777
5,3.5,left-hand,0.3707,0.6293
5,3.5,right-hand,0.1723,0.8277
5,3.5,right-hand,0.4687,0.5313
5,3.5,left-hand,0.587,0.413
5,3.5,left-hand,0.3959,0.6041
5,3.5,right-hand,0.7421,0.2579
5,3.5,right-hand,0.4714,0.5286
5,3.5,left-hand,0.5682,0.4318
5,3.5,left-hand,0.5068,0.4932
5,3.5,left-hand,0.7252,0.2748
5,3.5,right-hand,0.7976,0.2024
5,3.5,right-hand,0.1423,0.8577
5,3.5,right-hand,0.5602,0.4398
5,3.5,left-hand,0.818,0.182
5,3.5,left-hand,0.1852,0.8148
5,3.5,left-hand,0.8841,0.1159
5,3.5,right-hand,0.4506,0.5494
5,3.5,left-hand,0.7877,0.2123
5,3.5,right-hand,0.2465,0.7535
5,3.5,right-hand,0.3499,0.6501
5,3.5,left-hand,0.6516,0.3484
5,3.5,right-hand,0.6192,0.3808
5,3.5,right-hand,0.2756,0.7244
5,3.5,left-hand,0.4508,0.5492
5,3.5,right-hand,0.6879,0.3121
5,3.5,right-hand,0.5041,0.4959
5,3.5,left-hand,0.4964,0.5036
5,3.5,left-hand,0.7124,0.2876
5,3.5,right-hand,0.7458,0.2542
5,3.5,right-hand,0.1528,0.8472
5,3.5,left-hand,0.4084,0.5916
5,3.5,left-hand,0.4903,0.5097
5,3.5,right-hand,0.2425,0.7575
5,3.5,right-hand,0.1344,0.8656
5,3.5,right-hand,0.5232,0.4768
5,3.5,right-hand,0.5945,0.4055
5,3.5,right-hand,0.2077,0.7923
5,3.5,right-hand,0.2022,0.7978
5,3.5,left-hand,0.2662,0.7338
5,3.5,right-hand,0.0619,0.9381
5,3.5,left-hand,0.0902,0.9098
5,3.5,right-hand,0.5351,0.4649
5,3.5,left-hand,0.2231,0.7769
5,3.5,left-hand,0.3701,0.6299
5,3.5,left-hand,0.4255,0.5745
5,3.5,left-hand,0.4826,0.5174
5,3.5,right-hand,0.3223,0.6777
5,3.5,right-hand,0.7131,0.2869
5,3.5,left-hand,0.6941,0.3059
5,3.5,left-hand,0.0872,0.9128
5,3.5,left-hand,0.444,0.556
5,3.5,left-hand,0.3368,0.6632
5,3.5,right-hand,0.257,0.743
5,3.5,right-hand,0.3458,0.6542
5,3.5,right-hand,0.6034,0.3966
5,3.5,right-hand,0.1612,0.8388
5,3.5,right-hand,0.5369,0.4631
5,3.5,left-hand,0.0933,0.9067
5,3.5,left-hand,0.1719,0.8281
5,3.5,right-hand,0.3934,0.6066
5,3.5,left-hand,0.4701,0.5299
5,3.5,left-hand,0.5471,0.4529
5,3.5,left-hand,0.5248,0.4752
5,3.5,right-hand,0.1273,0.8727
5,3.5,right-hand,0.2619,0.7381
5,3.5,left-hand,0.3812,0.6188
5,3.5,right-hand,0.0591,0.9409
5,3.5,left-hand,0.8693,0.1307
5,3.5,left-hand,0.2471,0.7529
5,3.5,right-hand,0.5458,0.4542
5,3.5,left-hand,0.2745,0.7255
5,3.5,right-hand,0.1936,0.8064
5,3.5,right-hand,0.7731,0.2269
5,3.5,left-hand,0.6265,0.3735
5,3.5,left-hand,0.792,0.208
5,3.5,left-hand,0.6774,0.3226
5,3.5,right-hand,0.5772,0.4228
5,3.5,left-hand,0.8026,0.1974
5,3.5,left-hand,0.4147,0.5853
5,3.5,right-hand,0.3707,0.6293
5,3.5,right-hand,0.1388,0.8612
5,3.5,right-hand,0.1293,0.8707
5,3.5,right-hand,0.1618,0.8382
5,3.5,right-hand,0.6048,0.3952
5,3.5,left-hand,0.1923,0.8077
5,3.5,left-hand,0.2868,0.7132
5,3.5,right-hand,0.8498,0.1502
5,3.5,right-hand,0.5035,0.4965
5,3.5,left-hand,0.2421,0.7579
5,3.5,left-hand,0.2152,0.7848
5,3.5,right-hand,0.7051,0.2949
5,3.5,left-hand,0.5722,0.4278
5,3.5,left-hand,0.4687,0.5313
5,3.5,left-hand,0.3842,0.6158
5,3.5,left-hand,0.3109,0.6891
5,3.5,right-hand,0.1964,0.8036
5,3.5,right-hand,0.0255,0.9745
5,3.5,right-hand,0.3239,0.6761
5,3.5,right-hand,0.1987,0.8013
5,3.5,left-hand,0.326,0.674
5,3.5,left-hand,0.632,0.368
5,3.5,right-hand,0.7763,0.2237
5,3.5,right-hand,0.2799,0.7201
5,3.5,left-hand,0.1987,0.8013
5,3.5,left-hand,0.7776,0.2224
5,3.5,left-hand,0.4401,0.5599
5,3.5,right-hand,0.3011,0.6989
5,3.5,left-hand,0.3397,0.6603
5,3.5,left-hand,0.7568,0.2432
5,3.5,right-hand,0.7222,0.2778
5,3.5,right-hand,0.2697,0.7303
5,3.5,right-hand,0.5846,0.4154
5,3.5,left-hand,0.4585,0.5415
5,3.5,left-hand,0.424,0.576
5,3.5,right-hand,0.3914,0.6086
5,3.5,right-hand,0.1897,0.8103
5,3.5,left-hand,0.2871,0.7129
5,3.5,left-hand,0.5603,0.4397
5,3.5,right-hand,0.6798,0.3202
5,3.5,left-hand,0.6651,0.3349
