fold,tmin,true_label,left-hand,right-hand
1,2.5,left-hand,0.707,0.293
1,2.5,right-hand,0.0313,0.9687
1,2.5,left-hand,0.8295,0.1705
1,2.5,right-hand,0.0583,0.9417
1,2.5,left-hand,0.3803,0.6197
1,2.5,right-hand,0.2238,0.7762
1,2.5,left-hand,0.2941,0.7059
1,2.5,right-hand,0.7143,0.2857
1,2.5,left-hand,0.9854,0.0146
1,2.5,left-hand,0.9621,0.0379
1,2.5,left-hand,0.9312,0.0688
1,2.5,right-hand,0.4147,0.5853
1,2.5,left-hand,0.1404,0.8596
1,2.5,right-hand,0.0304,0.9696
1,2.5,right-hand,0.0122,0.9878
1,2.5,left-hand,0.2154,0.7846
1,2.5,left-hand,0.235,0.765
1,2.5,right-hand,0.0116,0.9884
1,2.5,right-hand,0.0419,0.9581
1,2.5,right-hand,0.0875,0.9125
1,2.5,right-hand,0.0687,0.9313
1,2.5,left-hand,0.8899,0.1101
1,2.5,left-hand,0.9381,0.0619
1,2.5,left-hand,0.3985,0.6015
1,2.5,left-hand,0.8307,0.1693
1,2.5,left-hand,0.3846,0.6154
1,2.5,right-hand,0.018,0.982
1,2.5,right-hand,0.5629,0.4371
1,2.5,left-hand,0.9918,0.0082
1,2.5,left-hand,0.4941,0.5059
1,2.5,right-hand,0.5399,0.4601
1,2.5,right-hand,0.6726,0.3274
1,2.5,right-hand,0.9819,0.0181
1,2.5,right-hand,0.3077,0.6923
1,2.5,left-hand,0.5158,0.4842
1,2.5,right-hand,0.0499,0.9501
1,2.5,left-hand,0.4433,0.5567
1,2.5,right-hand,0.2838,0.7162
1,2.5,left-hand,0.3598,0.6402
1,2.5,left-hand,0.2286,0.7714
1,2.5,right-hand,0.0833,0.9167
1,2.5,left-hand,0.0532,0.9468
1,2.5,left-hand,0.313,0.687
1,2.5,right-hand,0.3981,0.6019
1,2.5,left-hand,0.9022,0.0978
1,2.5,left-hand,0.5599,0.4401
1,2.5,right-hand,0.4075,0.5925
1,2.5,right-hand,0.4395,0.5605
1,2.5,right-hand,0.336,0.664
1,2.5,left-hand,0.5017,0.4983
1,2.5,right-hand,0.0268,0.9732
1,2.5,right-hand,0.6913,0.3087
1,2.5,left-hand,0.6651,0.3349
1,2.5,right-hand,0.0246,0.9754
1,2.5,right-hand,0.3216,0.6784
1,2.5,right-hand,0.0346,0.9654
1,2.5,left-hand,0.3539,0.6461
1,2.5,left-hand,0.3162,0.6838
2,2.5,right-hand,0.312,0.688
2,2.5,left-hand,0.2526,0.7474
2,2.5,right-hand,0.0318,0.9682
2,2.5,left-hand,0.879,0.121
2,2.5,right-hand,0.0626,0.9374
2,2.5,right-hand,0.0052,0.9948
2,2.5,right-hand,0.3128,0.6872
2,2.5,right-hand,0.1731,0.8269
2,2.5,right-hand,0.1537,0.8463
2,2.5,left-hand,0.9108,0.0892
2,2.5,left-hand,0.915,0.085
2,2.5,right-hand,0.036,0.964
2,2.5,left-hand,0.9485,0.0515
2,2.5,left-hand,0.8325,0.1675
2,2.5,right-hand,0.5139,0.4861
2,2.5,left-hand,0.9784,0.0216
2,2.5,left-hand,0.9507,0.0493
2,2.5,right-hand,0.0181,0.9819
2,2.5,left-hand,0.6361,0.3639
2,2.5,right-hand,0.249,0.751
2,2.5,right-hand,0.8297,0.1703
2,2.5,left-hand,0.7427,0.2573
2,2.5,right-hand,0.7018,0.2982
2,2.5,left-hand,0.9471,0.0529
2,2.5,left-hand,0.512,0.488
2,2.5,right-hand,0.3631,0.6369
2,2.5,right-hand,0.8658,0.1342
2,2.5,left-hand,0.8591,0.1409
2,2.5,left-hand,0.6661,0.3339
2,2.5,right-hand,0.0557,0.9443
2,2.5,right-hand,0.0153,0.9847
2,2.5,left-hand,0.7957,0.2043
2,2.5,left-hand,0.1133,0.8867
2,2.5,left-hand,0.9759,0.0241
2,2.5,left-hand,0.8743,0.1257
2,2.5,right-hand,0.0089,0.9911
2,2.5,right-hand,0.035,0.965
2,2.5,right-hand,0.9695,0.0305
2,2.5,right-hand,0.0696,0.9304
2,2.5,left-hand,0.6355,0.3645
2,2.5,left-hand,0.8706,0.1294
2,2.5,left-hand,0.7398,0.2602
2,2.5,left-hand,0.7697,0.2303
2,2.5,left-hand,0.8189,0.1811
2,2.5,right-hand,0.0569,0.9431
2,2.5,right-hand,0.0625,0.9375
2,2.5,left-hand,0.8812,0.1188
2,2.5,right-hand,0.3361,0.6639
2,2.5,left-hand,0.8896,0.1104
2,2.5,right-hand,0.3787,0.6213
2,2.5,left-hand,0.2884,0.7116
2,2.5,left-hand,0.9076,0.0924
2,2.5,left-hand,0.53,0.47
2,2.5,right-hand,0.7069,0.2931
2,2.5,left-hand,0.8523,0.1477
2,2.5,right-hand,0.1347,0.8653
2,2.5,right-hand,0.61,0.39
2,2.5,right-hand,0.7258,0.2742
3,2.5,right-hand,0.0303,0.9697
3,2.5,left-hand,0.7667,0.2333
3,2.5,left-hand,0.4705,0.5295
3,2.5,left-hand,0.7085,0.2915
3,2.5,left-hand,0.4042,0.5958
3,2.5,right-hand,0.9097,0.0903
3,2.5,right-hand,0.8988,0.1012
3,2.5,left-hand,0.9357,0.0643
3,2.5,right-hand,0.6052,0.3948
3,2.5,left-hand,0.9858,0.0142
3,2.5,left-hand,0.6538,0.3462
3,2.5,right-hand,0.1926,0.8074
3,2.5,right-hand,0.0212,0.9788
3,2.5,right-hand,0.5727,0.4273
3,2.5,right-hand,0.238,0.762
3,2.5,left-hand,0.8177,0.1823
3,2.5,left-hand,0.8196,0.1804
3,2.5,right-hand,0.0664,0.9336
3,2.5,left-hand,0.966,0.034
3,2.5,right-hand,0.9309,0.0691
3,2.5,left-hand,0.9355,0.0645
3,2.5,right-hand,0.8448,0.1552
3,2.5,right-hand,0.1274,0.8726
3,2.5,left-hand,0.9792,0.0208
3,2.5,left-hand,0.9558,0.0442
3,2.5,right-hand,0.9761,0.0239
3,2.5,left-hand,0.9419,0.0581
3,2.5,right-hand,0.2477,0.7523
3,2.5,right-hand,0.7961,0.2039
3,2.5,left-hand,0.953,0.047
3,2.5,left-hand,0.2795,0.7205
3,2.5,left-hand,0.9397,0.0603
3,2.5,right-hand,0.0151,0.9849
3,2.5,left-hand,0.5923,0.4077
3,2.5,left-hand,0.5025,0.4975
3,2.5,right-hand,0.9453,0.0547
3,2.5,left-hand,0.8715,0.1285
3,2.5,right-hand,0.9832,0.0168
3,2.5,left-hand,0.0267,0.9733
3,2.5,right-hand,0.078,0.922
3,2.5,right-hand,0.1937,0.8063
3,2.5,right-hand,0.1853,0.8147
3,2.5,left-hand,0.3558,0.6442
3,2.5,right-hand,0.6655,0.3345
3,2.5,left-hand,0.8601,0.1399
3,2.5,right-hand,0.08,0.92
3,2.5,left-hand,0.526,0.474
3,2.5,right-hand,0.0223,0.9777
3,2.5,left-hand,0.0715,0.9285
3,2.5,left-hand,0.7563,0.2437
3,2.5,right-hand,0.374,0.626
3,2.5,left-hand,0.863,0.137
3,2.5,right-hand,0.2089,0.7911
3,2.5,right-hand,0.0164,0.9836
3,2.5,right-hand,0.1794,0.8206
3,2.5,right-hand,0.1498,0.8502
3,2.5,left-hand,0.8787,0.1213
3,2.5,left-hand,0.5009,0.4991
4,2.5,left-hand,0.948,0.052
4,2.5,right-hand,0.1146,0.8854
4,2.5,right-hand,0.9545,0.0455
4,2.5,left-hand,0.2584,0.7416
4,2.5,left-hand,0.3846,0.6154
4,2.5,right-hand,0.2291,0.7709
4,2.5,left-hand,0.964,0.036
4,2.5,right-hand,0.0115,0.9885
4,2.5,left-hand,0.8807,0.1193
4,2.5,right-hand,0.7522,0.2478
4,2.5,left-hand,0.7948,0.2052
4,2.5,right-hand,0.753,0.247
4,2.5,left-hand,0.9892,0.0108
4,2.5,left-hand,0.8636,0.1364
4,2.5,left-hand,0.9121,0.0879
4,2.5,right-hand,0.7657,0.2343
4,2.5,right-hand,0.944,0.056
4,2.5,left-hand,0.9927,0.0073
4,2.5,left-hand,0.9355,0.0645
4,2.5,right-hand,0.57,0.43
4,2.5,left-hand,0.4916,0.5084
4,2.5,right-hand,0.9052,0.0948
4,2.5,right-hand,0.6504,0.3496
4,2.5,right-hand,0.0344,0.9656
4,2.5,right-hand,0.893,0.107
4,2.5,left-hand,0.7074,0.2926
4,2.5,right-hand,0.7018,0.2982
4,2.5,left-hand,0.502,0.498
4,2.5,right-hand,0.0335,0.9665
4,2.5,left-hand,0.4903,0.5097
4,2.5,left-hand,0.7553,0.2447
4,2.5,right-hand,0.7086,0.2914
4,2.5,right-hand,0.1938,0.8062
4,2.5,right-hand,0.2191,0.7809
4,2.5,left-hand,0.6486,0.3514
4,2.5,left-hand,0.8374,0.1626
4,2.5,right-hand,0.2196,0.7804
4,2.5,left-hand,0.8906,0.1094
4,2.5,right-hand,0.4582,0.5418
4,2.5,right-hand,0.2479,0.7521
4,2.5,right-hand,0.4775,0.5225
4,2.5,right-hand,0.3814,0.6186
4,2.5,left-hand,0.2691,0.7309
4,2.5,left-hand,0.9107,0.0893
4,2.5,right-hand,0.1132,0.8868
4,2.5,left-hand,0.8345,0.1655
4,2.5,right-hand,0.0203,0.9797
4,2.5,left-hand,0.9681,0.0319
4,2.5,left-hand,0.749,0.251
4,2.5,left-hand,0.4926,0.5074
4,2.5,left-hand,0.9798,0.0202
4,2.5,right-hand,0.5021,0.4979
4,2.5,right-hand,0.0562,0.9438
4,2.5,right-hand,0.5308,0.4692
4,2.5,left-hand,0.4288,0.5712
4,2.5,left-hand,0.1507,0.8493
4,2.5,left-hand,0.6983,0.3017
5,2.5,left-hand,0.6499,0.3501
5,2.5,right-hand,0.0112,0.9888
5,2.5,right-hand,0.0214,0.9786
5,2.5,right-hand,0.7534,0.2466
5,2.5,left-hand,0.8714,0.1286
5,2.5,left-hand,0.4596,0.5404
5,2.5,left-hand,0.7708,0.2292
5,2.5,left-hand,0.0441,0.9559
5,2.5,left-hand,0.99,0.01
5,2.5,right-hand,0.7073,0.2927
5,2.5,right-hand,0.6237,0.3763
5,2.5,right-hand,0.1699,0.8301
5,2.5,left-hand,0.9708,0.0292
5,2.5,right-hand,0.0112,0.9888
5,2.5,left-hand,0.8863,0.1137
5,2.5,right-hand,0.0465,0.9535
5,2.5,right-hand,0.8257,0.1743
5,2.5,right-hand,0.6653,0.3347
5,2.5,right-hand,0.1611,0.8389
5,2.5,right-hand,0.0286,0.9714
5,2.5,left-hand,0.4417,0.5583
5,2.5,right-hand,0.1341,0.8659
5,2.5,right-hand,0.9839,0.0161
5,2.5,left-hand,0.612,0.388
5,2.5,left-hand,0.7031,0.2969
5,2.5,left-hand,0.1409,0.8591
5,2.5,left-hand,0.5338,0.4662
5,2.5,left-hand,0.5584,0.4416
5,2.5,right-hand,0.1479,0.8521
5,2.5,left-hand,0.1824,0.8176
5,2.5,right-hand,0.954,0.046
5,2.5,right-hand,0.1115,0.8885
5,2.5,left-hand,0.9682,0.0318
5,2.5,left-hand,0.7816,0.2184
5,2.5,left-hand,0.9524,0.0476
5,2.5,right-hand,0.0077,0.9923
5,2.5,left-hand,0.9594,0.0406
5,2.5,right-hand,0.0684,0.9316
5,2.5,right-hand,0.9472,0.0528
5,2.5,left-hand,0.3597,0.6403
5,2.5,right-hand,0.3787,0.6213
5,2.5,right-hand,0.7767,0.2233
5,2.5,left-hand,0.8881,0.1119
5,2.5,right-hand,0.0173,0.9827
5,2.5,right-hand,0.3271,0.6729
5,2.5,left-hand,0.8505,0.1495
5,2.5,left-hand,0.2787,0.7213
5,2.5,left-hand,0.0189,0.9811
5,2.5,left-hand,0.8229,0.1771
5,2.5,right-hand,0.0364,0.9636
5,2.5,right-hand,0.4641,0.5359
5,2.5,left-hand,0.8003,0.1997
5,2.5,right-hand,0.9061,0.0939
5,2.5,right-hand,0.7356,0.2644
5,2.5,left-hand,0.5889,0.4111
5,2.5,left-hand,0.8057,0.1943
5,2.5,right-hand,0.1633,0.8367
