fold,tmin,true_label,left-hand,right-hand
1,2.5,right-hand,0.9011,0.0989
1,2.5,left-hand,0.9893,0.0107
1,2.5,left-hand,0.0906,0.9094
1,2.5,right-hand,0.047,0.953
1,2.5,right-hand,0.1593,0.8407
1,2.5,left-hand,0.8019,0.1981
1,2.5,left-hand,0.888,0.112
1,2.5,right-hand,0.3717,0.6283
1,2.5,right-hand,0.4395,0.5605
1,2.5,left-hand,0.82,0.18
1,2.5,left-hand,0.705,0.295
1,2.5,right-hand,0.7865,0.2135
1,2.5,right-hand,0.4212,0.5788
1,2.5,right-hand,0.5909,0.4091
1,2.5,left-hand,0.1203,0.8797
1,2.5,right-hand,0.0859,0.9141
1,2.5,right-hand,0.1336,0.8664
1,2.5,left-hand,0.4504,0.5496
1,2.5,left-hand,0.7492,0.2508
1,2.5,left-hand,0.3099,0.6901
1,2.5,right-hand,0.1406,0.8594
1,2.5,right-hand,0.9316,0.0684
1,2.5,left-hand,0.4313,0.5687
1,2.5,right-hand,0.1174,0.8826
1,2.5,right-hand,0.1963,0.8037
1,2.5,left-hand,0.9356,0.0644
1,2.5,right-hand,0.1596,0.8404
1,2.5,right-hand,0.269,0.731
1,2.5,right-hand,0.0861,0.9139
1,2.5,left-hand,0.5557,0.4443
1,2.5,left-hand,0.7002,0.2998
1,2.5,left-hand,0.1249,0.8751
1,2.5,left-hand,0.8423,0.1577
1,2.5,left-hand,0.6208,0.3792
1,2.5,right-hand,0.4537,0.5463
1,2.5,left-hand,0.9851,0.0149
1,2.5,left-hand,0.5524,0.4476
1,2.5,right-hand,0.885,0.115
1,2.5,left-hand,0.3909,0.6091
1,2.5,right-hand,0.8324,0.1676
1,2.5,right-hand,0.1688,0.8312
1,2.5,right-hand,0.3262,0.6738
1,2.5,left-hand,0.8784,0.1216
1,2.5,right-hand,0.2086,0.7914
1,2.5,left-hand,0.0123,0.9877
1,2.5,right-hand,0.5249,0.4751
1,2.5,left-hand,0.6453,0.3547
1,2.5,right-hand,0.5702,0.4298
1,2.5,left-hand,0.895,0.105
1,2.5,right-hand,0.1004,0.8996
1,2.5,left-hand,0.4634,0.5366
1,2.5,right-hand,0.8085,0.1915
1,2.5,left-hand,0.4774,0.5226
1,2.5,left-hand,0.6559,0.3441
1,2.5,right-hand,0.3628,0.6372
1,2.5,right-hand,0.7933,0.2067
1,2.5,left-hand,0.4496,0.5504
1,2.5,left-hand,0.9528,0.0472
2,2.5,left-hand,0.6619,0.3381
2,2.5,right-hand,0.1039,0.8961
2,2.5,left-hand,0.7974,0.2026
2,2.5,left-hand,0.0338,0.9662
2,2.5,left-hand,0.5775,0.4225
2,2.5,right-hand,0.5092,0.4908
2,2.5,left-hand,0.9015,0.0985
2,2.5,left-hand,0.4181,0.5819
2,2.5,left-hand,0.818,0.182
2,2.5,right-hand,0.4531,0.5469
2,2.5,left-hand,0.6625,0.3375
2,2.5,right-hand,0.818,0.182
2,2.5,right-hand,0.0734,0.9266
2,2.5,right-hand,0.3052,0.6948
2,2.5,left-hand,0.0923,0.9077
2,2.5,right-hand,0.1361,0.8639
2,2.5,right-hand,0.1275,0.8725
2,2.5,left-hand,0.6313,0.3687
2,2.5,left-hand,0.6758,0.3242
2,2.5,right-hand,0.0856,0.9144
2,2.5,right-hand,0.2936,0.7064
2,2.5,left-hand,0.4736,0.5264
2,2.5,left-hand,0.5547,0.4453
2,2.5,right-hand,0.6546,0.3454
2,2.5,right-hand,0.6965,0.3035
2,2.5,right-hand,0.1767,0.8233
2,2.5,left-hand,0.9108,0.0892
2,2.5,left-hand,0.7815,0.2185
2,2.5,right-hand,0.7256,0.2744
2,2.5,left-hand,0.9042,0.0958
2,2.5,right-hand,0.7629,0.2371
2,2.5,right-hand,0.268,0.732
2,2.5,left-hand,0.5269,0.4731
2,2.5,right-hand,0.2546,0.7454
2,2.5,left-hand,0.5958,0.4042
2,2.5,left-hand,0.9586,0.0414
2,2.5,right-hand,0.2834,0.7166
2,2.5,left-hand,0.407,0.593
2,2.5,left-hand,0.5595,0.4405
2,2.5,right-hand,0.3573,0.6427
2,2.5,right-hand,0.0263,0.9737
2,2.5,right-hand,0.8062,0.1938
2,2.5,right-hand,0.2708,0.7292
2,2.5,left-hand,0.8421,0.1579
2,2.5,right-hand,0.2302,0.7698
2,2.5,left-hand,0.5308,0.4692
2,2.5,right-hand,0.1359,0.8641
2,2.5,right-hand,0.8215,0.1785
2,2.5,left-hand,0.1821,0.8179
2,2.5,right-hand,0.2513,0.7487
2,2.5,left-hand,0.3659,0.6341
2,2.5,right-hand,0.855,0.145
2,2.5,right-hand,0.6838,0.3162
2,2.5,left-hand,0.2902,0.7098
2,2.5,left-hand,0.7193,0.2807
2,2.5,right-hand,0.2534,0.7466
2,2.5,left-hand,0.3198,0.6802
2,2.5,left-hand,0.7203,0.2797
3,2.5,right-hand,0.2866,0.7134
3,2.5,left-hand,0.4865,0.5135
3,2.5,right-hand,0.7613,0.2387
3,2.5,right-hand,0.6091,0.3909
3,2.5,right-hand,0.0888,0.9112
3,2.5,left-hand,0.325,0.675
3,2.5,left-hand,0.7603,0.2397
3,2.5,left-hand,0.7399,0.2601
3,2.5,right-hand,0.2449,0.7551
3,2.5,left-hand,0.3048,0.6952
3,2.5,right-hand,0.7475,0.2525
3,2.5,left-hand,0.6614,0.3386
3,2.5,right-hand,0.054,0.946
3,2.5,left-hand,0.91,0.09
3,2.5,left-hand,0.8592,0.1408
3,2.5,right-hand,0.0167,0.9833
3,2.5,right-hand,0.2197,0.7803
3,2.5,left-hand,0.626,0.374
3,2.5,left-hand,0.6313,0.3687
3,2.5,right-hand,0.2526,0.7474
3,2.5,right-hand,0.4554,0.5446
3,2.5,left-hand,0.4713,0.5287
3,2.5,right-hand,0.0922,0.9078
3,2.5,right-hand,0.0369,0.9631
3,2.5,left-hand,0.9776,0.0224
3,2.5,left-hand,0.368,0.632
3,2.5,right-hand,0.7462,0.2538
3,2.5,right-hand,0.736,0.264
3,2.5,left-hand,0.6552,0.3448
3,2.5,right-hand,0.4916,0.5084
3,2.5,left-hand,0.0903,0.9097
3,2.5,right-hand,0.0628,0.9372
3,2.5,left-hand,0.135,0.865
3,2.5,right-hand,0.3504,0.6496
3,2.5,left-hand,0.6655,0.3345
3,2.5,right-hand,0.6274,0.3726
3,2.5,right-hand,0.2005,0.7995
3,2.5,left-hand,0.7107,0.2893
3,2.5,right-hand,0.6561,0.3439
3,2.5,left-hand,0.5547,0.4453
3,2.5,left-hand,0.7598,0.2402
3,2.5,left-hand,0.5608,0.4392
3,2.5,right-hand,0.3662,0.6338
3,2.5,right-hand,0.2949,0.7051
3,2.5,left-hand,0.2071,0.7929
3,2.5,left-hand,0.922,0.078
3,2.5,right-hand,0.2903,0.7097
3,2.5,right-hand,0.3429,0.6571
3,2.5,left-hand,0.9644,0.0356
3,2.5,left-hand,0.3133,0.6867
3,2.5,right-hand,0.3622,0.6378
3,2.5,left-hand,0.9604,0.0396
3,2.5,right-hand,0.5928,0.4072
3,2.5,left-hand,0.7974,0.2026
3,2.5,left-hand,0.2326,0.7674
3,2.5,right-hand,0.498,0.502
3,2.5,left-hand,0.8021,0.1979
3,2.5,right-hand,0.206,0.794
4,2.5,right-hand,0.3496,0.6504
4,2.5,left-hand,0.9579,0.0421
4,2.5,left-hand,0.882,0.118
4,2.5,right-hand,0.5376,0.4624
4,2.5,right-hand,0.4028,0.5972
4,2.5,left-hand,0.4288,0.5712
4,2.5,left-hand,0.1275,0.8725
4,2.5,right-hand,0.0198,0.9802
4,2.5,right-hand,0.4635,0.5365
4,2.5,left-hand,0.2104,0.7896
4,2.5,right-hand,0.3297,0.6703
4,2.5,left-hand,0.3327,0.6673
4,2.5,right-hand,0.2306,0.7694
4,2.5,right-hand,0.3787,0.6213
4,2.5,right-hand,0.8065,0.1935
4,2.5,left-hand,0.4115,0.5885
4,2.5,left-hand,0.7247,0.2753
4,2.5,right-hand,0.4169,0.5831
4,2.5,right-hand,0.0441,0.9559
4,2.5,left-hand,0.8413,0.1587
4,2.5,right-hand,0.3199,0.6801
4,2.5,left-hand,0.222,0.778
4,2.5,left-hand,0.9253,0.0747
4,2.5,left-hand,0.6528,0.3472
4,2.5,right-hand,0.3873,0.6127
4,2.5,left-hand,0.7511,0.2489
4,2.5,left-hand,0.8415,0.1585
4,2.5,left-hand,0.8074,0.1926
4,2.5,right-hand,0.362,0.638
4,2.5,left-hand,0.4163,0.5837
4,2.5,right-hand,0.9389,0.0611
4,2.5,left-hand,0.2037,0.7963
4,2.5,right-hand,0.6344,0.3656
4,2.5,left-hand,0.3813,0.6187
4,2.5,left-hand,0.2323,0.7677
4,2.5,right-hand,0.1298,0.8702
4,2.5,left-hand,0.6375,0.3625
4,2.5,left-hand,0.3053,0.6947
4,2.5,left-hand,0.8278,0.1722
4,2.5,right-hand,0.1748,0.8252
4,2.5,left-hand,0.3659,0.6341
4,2.5,right-hand,0.4562,0.5438
4,2.5,right-hand,0.7418,0.2582
4,2.5,left-hand,0.8694,0.1306
4,2.5,right-hand,0.8261,0.1739
4,2.5,right-hand,0.2982,0.7018
4,2.5,left-hand,0.7042,0.2958
4,2.5,right-hand,0.3856,0.6144
4,2.5,right-hand,0.494,0.506
4,2.5,right-hand,0.237,0.763
4,2.5,left-hand,0.5865,0.4135
4,2.5,right-hand,0.3818,0.6182
4,2.5,right-hand,0.1962,0.8038
4,2.5,right-hand,0.2031,0.7969
4,2.5,left-hand,0.4893,0.5107
4,2.5,left-hand,0.5468,0.4532
4,2.5,right-hand,0.2693,0.7307
5,2.5,right-hand,0.2966,0.7034
5,2.5,left-hand,0.6246,0.3754
5,2.5,left-hand,0.3204,0.6796
5,2.5,left-hand,0.5584,0.4416
5,2.5,right-hand,0.5288,0.4712
5,2.5,right-hand,0.0,1.0
5,2.5,right-hand,0.2115,0.7885
5,2.5,right-hand,0.1785,0.8215
5,2.5,left-hand,0.912,0.088
5,2.5,right-hand,0.2771,0.7229
5,2.5,left-hand,0.1526,0.8474
5,2.5,left-hand,0.6515,0.3485
5,2.5,left-hand,0.2914,0.7086
5,2.5,left-hand,0.6134,0.3866
5,2.5,right-hand,0.2976,0.7024
5,2.5,right-hand,0.2424,0.7576
5,2.5,left-hand,0.2665,0.7335
5,2.5,left-hand,0.9207,0.0793
5,2.5,left-hand,0.9056,0.0944
5,2.5,left-hand,0.6538,0.3462
5,2.5,right-hand,0.4347,0.5653
5,2.5,right-hand,0.9003,0.0997
5,2.5,right-hand,0.8301,0.1699
5,2.5,left-hand,0.9438,0.0562
5,2.5,left-hand,0.3152,0.6848
5,2.5,right-hand,0.1142,0.8858
5,2.5,right-hand,0.0137,0.9863
5,2.5,right-hand,0.5718,0.4282
5,2.5,left-hand,0.7514,0.2486
5,2.5,left-hand,0.9947,0.0053
5,2.5,right-hand,0.3956,0.6044
5,2.5,right-hand,0.5598,0.4402
5,2.5,left-hand,0.6973,0.3027
5,2.5,right-hand,0.4834,0.5166
5,2.5,left-hand,0.7224,0.2776
5,2.5,right-hand,0.7612,0.2388
5,2.5,left-hand,0.1861,0.8139
5,2.5,right-hand,0.5547,0.4453
5,2.5,right-hand,0.5614,0.4386
5,2.5,left-hand,0.5694,0.4306
5,2.5,left-hand,0.7874,0.2126
5,2.5,right-hand,0.3914,0.6086
5,2.5,left-hand,0.6963,0.3037
5,2.5,left-hand,0.9001,0.0999
5,2.5,right-hand,0.5959,0.4041
5,2.5,left-hand,0.5794,0.4206
5,2.5,right-hand,0.4999,0.5001
5,2.5,right-hand,0.5759,0.4241
5,2.5,left-hand,0.9254,0.0746
5,2.5,right-hand,0.1749,0.8251
5,2.5,left-hand,0.3467,0.6533
5,2.5,right-hand,0.5492,0.4508
5,2.5,right-hand,0.7592,0.2408
5,2.5,right-hand,0.7138,0.2862
5,2.5,left-hand,0.4701,0.5299
5,2.5,left-hand,0.4789,0.5211
5,2.5,left-hand,0.9662,0.0338
