fold,tmin,true_label,left-hand,right-hand
1,2.5,left-hand,0.3494,0.6506
1,2.5,right-hand,0.468,0.532
1,2.5,left-hand,0.5974,0.4026
1,2.5,right-hand,0.4295,0.5705
1,2.5,left-hand,0.3219,0.6781
1,2.5,right-hand,0.732,0.268
1,2.5,left-hand,0.5559,0.4441
1,2.5,right-hand,0.6538,0.3462
1,2.5,left-hand,0.4575,0.5425
1,2.5,left-hand,0.3541,0.6459
1,2.5,left-hand,0.194,0.806
1,2.5,right-hand,0.593,0.407
1,2.5,left-hand,0.8083,0.1917
1,2.5,right-hand,0.3202,0.6798
1,2.5,right-hand,0.4025,0.5975
1,2.5,left-hand,0.4939,0.5061
1,2.5,left-hand,0.3136,0.6864
1,2.5,right-hand,0.496,0.504
1,2.5,right-hand,0.587,0.413
1,2.5,right-hand,0.7523,0.2477
1,2.5,right-hand,0.4439,0.5561
1,2.5,left-hand,0.5732,0.4268
1,2.5,left-hand,0.6,0.4
1,2.5,left-hand,0.7194,0.2806
1,2.5,left-hand,0.503,0.497
1,2.5,left-hand,0.51,0.49
1,2.5,right-hand,0.5944,0.4056
1,2.5,right-hand,0.25,0.75
1,2.5,left-hand,0.4525,0.5475
1,2.5,left-hand,0.7085,0.2915
1,2.5,right-hand,0.2317,0.7683
1,2.5,right-hand,0.4495,0.5505
1,2.5,right-hand,0.5307,0.4693
1,2.5,right-hand,0.2198,0.7802
1,2.5,left-hand,0.3287,0.6713
1,2.5,right-hand,0.4002,0.5998
1,2.5,left-hand,0.7298,0.2702
1,2.5,right-hand,0.79,0.21
1,2.5,left-hand,0.6167,0.3833
1,2.5,left-hand,0.5609,0.4391
1,2.5,right-hand,0.5867,0.4133
1,2.5,left-hand,0.5277,0.4723
1,2.5,left-hand,0.4649,0.5351
1,2.5,right-hand,0.4633,0.5367
1,2.5,left-hand,0.5739,0.4261
1,2.5,left-hand,0.648,0.352
1,2.5,right-hand,0.5564,0.4436
1,2.5,right-hand,0.464,0.536
1,2.5,right-hand,0.516,0.484
1,2.5,left-hand,0.6602,0.3398
1,2.5,right-hand,0.5603,0.4397
1,2.5,right-hand,0.4472,0.5528
1,2.5,left-hand,0.558,0.442
1,2.5,right-hand,0.5473,0.4527
1,2.5,right-hand,0.063,0.937
1,2.5,right-hand,0.1846,0.8154
1,2.5,left-hand,0.3469,0.6531
1,2.5,left-hand,0.3658,0.6342
2,2.5,right-hand,0.4839,0.5161
2,2.5,left-hand,0.4307,0.5693
2,2.5,right-hand,0.2859,0.7141
2,2.5,left-hand,0.4725,0.5275
2,2.5,right-hand,0.6745,0.3255
2,2.5,right-hand,0.5088,0.4912
2,2.5,right-hand,0.6258,0.3742
2,2.5,right-hand,0.3457,0.6543
2,2.5,right-hand,0.8078,0.1922
2,2.5,left-hand,0.2238,0.7762
2,2.5,left-hand,0.4367,0.5633
2,2.5,right-hand,0.6484,0.3516
2,2.5,left-hand,0.2471,0.7529
2,2.5,left-hand,0.4743,0.5257
2,2.5,right-hand,0.2288,0.7712
2,2.5,left-hand,0.4006,0.5994
2,2.5,left-hand,0.519,0.481
2,2.5,right-hand,0.3537,0.6463
2,2.5,left-hand,0.6681,0.3319
2,2.5,right-hand,0.4901,0.5099
2,2.5,right-hand,0.6968,0.3032
2,2.5,left-hand,0.3362,0.6638
2,2.5,right-hand,0.8119,0.1881
2,2.5,left-hand,0.5243,0.4757
2,2.5,left-hand,0.6138,0.3862
2,2.5,right-hand,0.0887,0.9113
2,2.5,right-hand,0.292,0.708
2,2.5,left-hand,0.1392,0.8608
2,2.5,left-hand,0.7675,0.2325
2,2.5,right-hand,0.2948,0.7052
2,2.5,right-hand,0.2858,0.7142
2,2.5,left-hand,0.5199,0.4801
2,2.5,left-hand,0.337,0.663
2,2.5,left-hand,0.4305,0.5695
2,2.5,left-hand,0.5014,0.4986
2,2.5,right-hand,0.7659,0.2341
2,2.5,right-hand,0.2867,0.7133
2,2.5,right-hand,0.5466,0.4534
2,2.5,right-hand,0.3992,0.6008
2,2.5,left-hand,0.5164,0.4836
2,2.5,left-hand,0.6667,0.3333
2,2.5,left-hand,0.5615,0.4385
2,2.5,left-hand,0.5205,0.4795
2,2.5,left-hand,0.4654,0.5346
2,2.5,right-hand,0.5486,0.4514
2,2.5,right-hand,0.4027,0.5973
2,2.5,left-hand,0.483,0.517
2,2.5,right-hand,0.6213,0.3787
2,2.5,left-hand,0.6478,0.3522
2,2.5,right-hand,0.5118,0.4882
2,2.5,left-hand,0.6336,0.3664
2,2.5,left-hand,0.4387,0.5613
2,2.5,left-hand,0.2215,0.7785
2,2.5,right-hand,0.3559,0.6441
2,2.5,left-hand,0.4248,0.5752
2,2.5,right-hand,0.5416,0.4584
2,2.5,right-hand,0.494,0.506
2,2.5,right-hand,0.1539,0.8461
3,2.5,right-hand,0.5776,0.4224
3,2.5,left-hand,0.4895,0.5105
3,2.5,left-hand,0.4862,0.5138
3,2.5,left-hand,0.2528,0.7472
3,2.5,left-hand,0.1919,0.8081
3,2.5,right-hand,0.2509,0.7491
3,2.5,right-hand,0.3819,0.6181
3,2.5,left-hand,0.6461,0.3539
3,2.5,right-hand,0.3271,0.6729
3,2.5,left-hand,0.4354,0.5646
3,2.5,left-hand,0.4344,0.5656
3,2.5,right-hand,0.757,0.243
3,2.5,right-hand,0.3345,0.6655
3,2.5,right-hand,0.1807,0.8193
3,2.5,right-hand,0.4367,0.5633
3,2.5,left-hand,0.3172,0.6828
3,2.5,left-hand,0.1528,0.8472
3,2.5,right-hand,0.5368,0.4632
3,2.5,left-hand,0.2444,0.7556
3,2.5,right-hand,0.2574,0.7426
3,2.5,left-hand,0.6251,0.3749
3,2.5,right-hand,0.6358,0.3642
3,2.5,right-hand,0.3889,0.6111
3,2.5,left-hand,0.5008,0.4992
3,2.5,left-hand,0.6528,0.3472
3,2.5,right-hand,0.1634,0.8366
3,2.5,left-hand,0.3481,0.6519
3,2.5,right-hand,0.1886,0.8114
3,2.5,right-hand,0.2032,0.7968
3,2.5,left-hand,0.6616,0.3384
3,2.5,left-hand,0.3885,0.6115
3,2.5,left-hand,0.152,0.848
3,2.5,right-hand,0.6875,0.3125
3,2.5,left-hand,0.76,0.24
3,2.5,left-hand,0.423,0.577
3,2.5,right-hand,0.5876,0.4124
3,2.5,left-hand,0.6776,0.3224
3,2.5,right-hand,0.5737,0.4263
3,2.5,left-hand,0.5389,0.4611
3,2.5,right-hand,0.6995,0.3005
3,2.5,right-hand,0.6768,0.3232
3,2.5,right-hand,0.6504,0.3496
3,2.5,left-hand,0.3274,0.6726
3,2.5,right-hand,0.4131,0.5869
3,2.5,left-hand,0.6365,0.3635
3,2.5,right-hand,0.5848,0.4152
3,2.5,left-hand,0.5531,0.4469
3,2.5,right-hand,0.625,0.375
3,2.5,left-hand,0.5836,0.4164
3,2.5,left-hand,0.6738,0.3262
3,2.5,right-hand,0.6725,0.3275
3,2.5,left-hand,0.6939,0.3061
3,2.5,right-hand,0.4816,0.5184
3,2.5,right-hand,0.5333,0.4667
3,2.5,right-hand,0.2153,0.7847
3,2.5,right-hand,0.5042,0.4958
3,2.5,left-hand,0.4622,0.5378
3,2.5,left-hand,0.6306,0.3694
4,2.5,left-hand,0.6741,0.3259
4,2.5,right-hand,0.4636,0.5364
4,2.5,right-hand,0.3365,0.6635
4,2.5,left-hand,0.5816,0.4184
4,2.5,left-hand,0.2252,0.7748
4,2.5,right-hand,0.7259,0.2741
4,2.5,left-hand,0.2715,0.7285
4,2.5,right-hand,0.2488,0.7512
4,2.5,left-hand,0.5707,0.4293
4,2.5,right-hand,0.1765,0.8235
4,2.5,left-hand,0.2456,0.7544
4,2.5,right-hand,0.5842,0.4158
4,2.5,left-hand,0.269,0.731
4,2.5,left-hand,0.4364,0.5636
4,2.5,left-hand,0.379,0.621
4,2.5,right-hand,0.3657,0.6343
4,2.5,right-hand,0.5412,0.4588
4,2.5,left-hand,0.4166,0.5834
4,2.5,left-hand,0.3187,0.6813
4,2.5,right-hand,0.1969,0.8031
4,2.5,left-hand,0.7062,0.2938
4,2.5,right-hand,0.6725,0.3275
4,2.5,right-hand,0.559,0.441
4,2.5,right-hand,0.5358,0.4642
4,2.5,right-hand,0.5972,0.4028
4,2.5,left-hand,0.7099,0.2901
4,2.5,right-hand,0.5692,0.4308
4,2.5,left-hand,0.635,0.365
4,2.5,right-hand,0.435,0.565
4,2.5,left-hand,0.4451,0.5549
4,2.5,left-hand,0.6211,0.3789
4,2.5,right-hand,0.5489,0.4511
4,2.5,right-hand,0.5841,0.4159
4,2.5,right-hand,0.5888,0.4112
4,2.5,left-hand,0.6911,0.3089
4,2.5,left-hand,0.4501,0.5499
4,2.5,right-hand,0.4257,0.5743
4,2.5,left-hand,0.6641,0.3359
4,2.5,right-hand,0.4489,0.5511
4,2.5,right-hand,0.4296,0.5704
4,2.5,right-hand,0.4527,0.5473
4,2.5,right-hand,0.5528,0.4472
4,2.5,left-hand,0.5174,0.4826
4,2.5,left-hand,0.4216,0.5784
4,2.5,right-hand,0.4874,0.5126
4,2.5,left-hand,0.8147,0.1853
4,2.5,right-hand,0.5113,0.4887
4,2.5,left-hand,0.5254,0.4746
4,2.5,left-hand,0.4291,0.5709
4,2.5,left-hand,0.5765,0.4235
4,2.5,left-hand,0.4493,0.5507
4,2.5,right-hand,0.5066,0.4934
4,2.5,right-hand,0.6066,0.3934
4,2.5,right-hand,0.7876,0.2124
4,2.5,left-hand,0.6309,0.3691
4,2.5,left-hand,0.7255,0.2745
4,2.5,left-hand,0.3404,0.6596
5,2.5,left-hand,0.5001,0.4999
5,2.5,right-hand,0.6402,0.3598
5,2.5,right-hand,0.5408,0.4592
5,2.5,right-hand,0.3498,0.6502
5,2.5,left-hand,0.4471,0.5529
5,2.5,left-hand,0.2975,0.7025
5,2.5,left-hand,0.9566,0.0434
5,2.5,left-hand,0.1917,0.8083
5,2.5,left-hand,0.7776,0.2224
5,2.5,right-hand,0.3669,0.6331
5,2.5,right-hand,0.5607,0.4393
5,2.5,right-hand,0.6082,0.3918
5,2.5,left-hand,0.4039,0.5961
5,2.5,right-hand,0.155,0.845
5,2.5,left-hand,0.5829,0.4171
5,2.5,right-hand,0.4652,0.5348
5,2.5,right-hand,0.9144,0.0856
5,2.5,right-hand,0.7742,0.2258
5,2.5,right-hand,0.3298,0.6702
5,2.5,right-hand,0.542,0.458
5,2.5,left-hand,0.5899,0.4101
5,2.5,right-hand,0.1114,0.8886
5,2.5,right-hand,0.4096,0.5904
5,2.5,left-hand,0.6896,0.3104
5,2.5,left-hand,0.6083,0.3917
5,2.5,left-hand,0.8162,0.1838
5,2.5,left-hand,0.452,0.548
5,2.5,left-hand,0.5807,0.4193
5,2.5,right-hand,0.6362,0.3638
5,2.5,left-hand,0.6427,0.3573
5,2.5,right-hand,0.6125,0.3875
5,2.5,right-hand,0.61,0.39
5,2.5,left-hand,0.6651,0.3349
5,2.5,left-hand,0.373,0.627
5,2.5,left-hand,0.6648,0.3352
5,2.5,right-hand,0.6234,0.3766
5,2.5,left-hand,0.5606,0.4394
5,2.5,right-hand,0.5382,0.4618
5,2.5,right-hand,0.5679,0.4321
5,2.5,left-hand,0.5785,0.4215
5,2.5,right-hand,0.6741,0.3259
5,2.5,right-hand,0.4584,0.5416
5,2.5,left-hand,0.6132,0.3868
5,2.5,right-hand,0.483,0.517
5,2.5,right-hand,0.5921,0.4079
5,2.5,left-hand,0.6242,0.3758
5,2.5,left-hand,0.5887,0.4113
5,2.5,left-hand,0.566,0.434
5,2.5,left-hand,0.5249,0.4751
5,2.5,right-hand,0.5727,0.4273
5,2.5,right-hand,0.5947,0.4053
5,2.5,left-hand,0.4284,0.5716
5,2.5,right-hand,0.7428,0.2572
5,2.5,right-hand,0.1465,0.8535
5,2.5,left-hand,0.4292,0.5708
5,2.5,left-hand,0.3807,0.6193
5,2.5,right-hand,0.3288,0.6712
