fold,tmin,true_label,left-hand,right-hand
1,2.5,right-hand,0.648,0.352
1,2.5,left-hand,0.2886,0.7114
1,2.5,left-hand,0.4009,0.5991
1,2.5,right-hand,0.5223,0.4777
1,2.5,right-hand,0.3121,0.6879
1,2.5,left-hand,0.8505,0.1495
1,2.5,left-hand,0.5097,0.4903
1,2.5,right-hand,0.0415,0.9585
1,2.5,right-hand,0.4537,0.5463
1,2.5,left-hand,0.836,0.164
1,2.5,right-hand,0.1936,0.8064
1,2.5,right-hand,0.6608,0.3392
1,2.5,right-hand,0.284,0.716
1,2.5,left-hand,0.3354,0.6646
1,2.5,left-hand,0.496,0.504
1,2.5,left-hand,0.5398,0.4602
1,2.5,right-hand,0.1281,0.8719
1,2.5,left-hand,0.8101,0.1899
1,2.5,right-hand,0.6991,0.3009
1,2.5,left-hand,0.7182,0.2818
1,2.5,left-hand,0.5867,0.4133
1,2.5,right-hand,0.216,0.784
1,2.5,right-hand,0.5344,0.4656
1,2.5,right-hand,0.832,0.168
1,2.5,right-hand,0.5611,0.4389
1,2.5,right-hand,0.2007,0.7993
1,2.5,left-hand,0.7224,0.2776
1,2.5,left-hand,0.9187,0.0813
1,2.5,right-hand,0.6418,0.3582
1,2.5,right-hand,0.3228,0.6772
1,2.5,left-hand,0.3181,0.6819
1,2.5,left-hand,0.4757,0.5243
1,2.5,left-hand,0.8459,0.1541
1,2.5,left-hand,0.042,0.958
1,2.5,right-hand,0.5894,0.4106
1,2.5,left-hand,0.1773,0.8227
1,2.5,left-hand,0.4078,0.5922
1,2.5,right-hand,0.398,0.602
1,2.5,left-hand,0.261,0.739
1,2.5,right-hand,0.9179,0.0821
1,2.5,right-hand,0.0491,0.9509
1,2.5,right-hand,0.3353,0.6647
1,2.5,left-hand,0.8102,0.1898
1,2.5,right-hand,0.519,0.481
1,2.5,left-hand,0.7241,0.2759
1,2.5,right-hand,0.7575,0.2425
1,2.5,left-hand,0.8357,0.1643
1,2.5,right-hand,0.3056,0.6944
1,2.5,left-hand,0.2094,0.7906
1,2.5,right-hand,0.8014,0.1986
1,2.5,left-hand,0.3733,0.6267
1,2.5,right-hand,0.4319,0.5681
1,2.5,left-hand,0.6652,0.3348
1,2.5,left-hand,0.1072,0.8928
1,2.5,right-hand,0.827,0.173
1,2.5,right-hand,0.6985,0.3015
1,2.5,left-hand,0.5599,0.4401
1,2.5,left-hand,0.2809,0.7191
2,2.5,left-hand,0.8592,0.1408
2,2.5,right-hand,0.0766,0.9234
2,2.5,left-hand,0.7091,0.2909
2,2.5,left-hand,0.3202,0.6798
2,2.5,left-hand,0.5639,0.4361
2,2.5,right-hand,0.1985,0.8015
2,2.5,left-hand,0.1569,0.8431
2,2.5,left-hand,0.5871,0.4129
2,2.5,left-hand,0.927,0.073
2,2.5,right-hand,0.352,0.648
2,2.5,left-hand,0.2062,0.7938
2,2.5,right-hand,0.4639,0.5361
2,2.5,right-hand,0.6205,0.3795
2,2.5,left-hand,0.6359,0.3641
2,2.5,right-hand,0.7184,0.2816
2,2.5,right-hand,0.144,0.856
2,2.5,right-hand,0.1665,0.8335
2,2.5,left-hand,0.5033,0.4967
2,2.5,left-hand,0.2898,0.7102
2,2.5,right-hand,0.2857,0.7143
2,2.5,right-hand,0.1276,0.8724
2,2.5,left-hand,0.5343,0.4657
2,2.5,left-hand,0.7677,0.2323
2,2.5,right-hand,0.592,0.408
2,2.5,right-hand,0.8244,0.1756
2,2.5,left-hand,0.2167,0.7833
2,2.5,right-hand,0.4212,0.5788
2,2.5,left-hand,0.3366,0.6634
2,2.5,right-hand,0.3589,0.6411
2,2.5,left-hand,0.609,0.391
2,2.5,right-hand,0.3228,0.6772
2,2.5,right-hand,0.5668,0.4332
2,2.5,left-hand,0.5526,0.4474
2,2.5,right-hand,0.2169,0.7831
2,2.5,left-hand,0.4791,0.5209
2,2.5,left-hand,0.7152,0.2848
2,2.5,right-hand,0.88,0.12
2,2.5,left-hand,0.9256,0.0744
2,2.5,left-hand,0.5945,0.4055
2,2.5,right-hand,0.4357,0.5643
2,2.5,right-hand,0.846,0.154
2,2.5,right-hand,0.4289,0.5711
2,2.5,right-hand,0.6311,0.3689
2,2.5,left-hand,0.7785,0.2215
2,2.5,right-hand,0.0401,0.9599
2,2.5,left-hand,0.9712,0.0288
2,2.5,right-hand,0.5468,0.4532
2,2.5,right-hand,0.8855,0.1145
2,2.5,left-hand,0.4577,0.5423
2,2.5,right-hand,0.4136,0.5864
2,2.5,left-hand,0.2776,0.7224
2,2.5,right-hand,0.2925,0.7075
2,2.5,right-hand,0.2305,0.7695
2,2.5,left-hand,0.1726,0.8274
2,2.5,left-hand,0.1763,0.8237
2,2.5,right-hand,0.7912,0.2088
2,2.5,left-hand,0.4791,0.5209
2,2.5,left-hand,0.3695,0.6305
3,2.5,right-hand,0.112,0.888
3,2.5,left-hand,0.9485,0.0515
3,2.5,right-hand,0.2619,0.7381
3,2.5,right-hand,0.2264,0.7736
3,2.5,right-hand,0.1978,0.8022
3,2.5,left-hand,0.5043,0.4957
3,2.5,left-hand,0.1162,0.8838
3,2.5,left-hand,0.4873,0.5127
3,2.5,right-hand,0.2024,0.7976
3,2.5,left-hand,0.8179,0.1821
3,2.5,right-hand,0.5542,0.4458
3,2.5,right-hand,0.2038,0.7962
3,2.5,left-hand,0.6831,0.3169
3,2.5,left-hand,0.2612,0.7388
3,2.5,left-hand,0.3961,0.6039
3,2.5,right-hand,0.721,0.279
3,2.5,left-hand,0.6761,0.3239
3,2.5,right-hand,0.3559,0.6441
3,2.5,right-hand,0.2221,0.7779
3,2.5,left-hand,0.4878,0.5122
3,2.5,right-hand,0.3222,0.6778
3,2.5,left-hand,0.6759,0.3241
3,2.5,right-hand,0.7398,0.2602
3,2.5,left-hand,0.6644,0.3356
3,2.5,right-hand,0.1183,0.8817
3,2.5,left-hand,0.0998,0.9002
3,2.5,right-hand,0.8378,0.1622
3,2.5,left-hand,0.7777,0.2223
3,2.5,right-hand,0.1749,0.8251
3,2.5,right-hand,0.0698,0.9302
3,2.5,left-hand,0.5415,0.4585
3,2.5,right-hand,0.6533,0.3467
3,2.5,left-hand,0.6356,0.3644
3,2.5,right-hand,0.2199,0.7801
3,2.5,left-hand,0.2011,0.7989
3,2.5,right-hand,0.2943,0.7057
3,2.5,right-hand,0.2967,0.7033
3,2.5,left-hand,0.6995,0.3005
3,2.5,right-hand,0.4408,0.5592
3,2.5,left-hand,0.174,0.826
3,2.5,left-hand,0.6903,0.3097
3,2.5,left-hand,0.8133,0.1867
3,2.5,right-hand,0.3751,0.6249
3,2.5,right-hand,0.362,0.638
3,2.5,left-hand,0.6809,0.3191
3,2.5,left-hand,0.9236,0.0764
3,2.5,right-hand,0.3202,0.6798
3,2.5,right-hand,0.6144,0.3856
3,2.5,left-hand,0.4421,0.5579
3,2.5,left-hand,0.7071,0.2929
3,2.5,right-hand,0.4243,0.5757
3,2.5,left-hand,0.2297,0.7703
3,2.5,right-hand,0.5012,0.4988
3,2.5,left-hand,0.3257,0.6743
3,2.5,left-hand,0.7211,0.2789
3,2.5,right-hand,0.7489,0.2511
3,2.5,left-hand,0.7505,0.2495
3,2.5,right-hand,0.488,0.512
4,2.5,right-hand,0.2915,0.7085
4,2.5,left-hand,0.184,0.816
4,2.5,left-hand,0.0729,0.9271
4,2.5,right-hand,0.0864,0.9136
4,2.5,right-hand,0.2867,0.7133
4,2.5,left-hand,0.6236,0.3764
4,2.5,left-hand,0.5188,0.4812
4,2.5,right-hand,0.5387,0.4613
4,2.5,right-hand,0.1118,0.8882
4,2.5,left-hand,0.6974,0.3026
4,2.5,left-hand,0.3434,0.6566
4,2.5,right-hand,0.4605,0.5395
4,2.5,right-hand,0.7373,0.2627
4,2.5,right-hand,0.2608,0.7392
4,2.5,right-hand,0.5978,0.4022
4,2.5,left-hand,0.5061,0.4939
4,2.5,left-hand,0.8551,0.1449
4,2.5,right-hand,0.2552,0.7448
4,2.5,right-hand,0.4096,0.5904
4,2.5,left-hand,0.3857,0.6143
4,2.5,left-hand,0.8988,0.1012
4,2.5,right-hand,0.3365,0.6635
4,2.5,left-hand,0.3954,0.6046
4,2.5,left-hand,0.2914,0.7086
4,2.5,right-hand,0.972,0.028
4,2.5,left-hand,0.6712,0.3288
4,2.5,left-hand,0.7491,0.2509
4,2.5,left-hand,0.651,0.349
4,2.5,right-hand,0.8516,0.1484
4,2.5,left-hand,0.4259,0.5741
4,2.5,right-hand,0.5739,0.4261
4,2.5,left-hand,0.6957,0.3043
4,2.5,right-hand,0.2548,0.7452
4,2.5,left-hand,0.3791,0.6209
4,2.5,left-hand,0.2761,0.7239
4,2.5,right-hand,0.3743,0.6257
4,2.5,left-hand,0.7591,0.2409
4,2.5,left-hand,0.6852,0.3148
4,2.5,left-hand,0.6497,0.3503
4,2.5,right-hand,0.6648,0.3352
4,2.5,left-hand,0.6482,0.3518
4,2.5,right-hand,0.8317,0.1683
4,2.5,right-hand,0.7917,0.2083
4,2.5,left-hand,0.2525,0.7475
4,2.5,right-hand,0.2422,0.7578
4,2.5,right-hand,0.4765,0.5235
4,2.5,left-hand,0.1582,0.8418
4,2.5,right-hand,0.5894,0.4106
4,2.5,right-hand,0.4148,0.5852
4,2.5,right-hand,0.5137,0.4863
4,2.5,left-hand,0.059,0.941
4,2.5,right-hand,0.3967,0.6033
4,2.5,right-hand,0.4401,0.5599
4,2.5,right-hand,0.1973,0.8027
4,2.5,left-hand,0.3181,0.6819
4,2.5,left-hand,0.0612,0.9388
4,2.5,right-hand,0.1465,0.8535
5,2.5,right-hand,0.5667,0.4333
5,2.5,left-hand,0.955,0.045
5,2.5,left-hand,0.8904,0.1096
5,2.5,left-hand,0.6311,0.3689
5,2.5,right-hand,0.1787,0.8213
5,2.5,right-hand,0.8294,0.1706
5,2.5,right-hand,0.1366,0.8634
5,2.5,right-hand,0.3881,0.6119
5,2.5,left-hand,0.5567,0.4433
5,2.5,right-hand,0.4221,0.5779
5,2.5,left-hand,0.322,0.678
5,2.5,left-hand,0.4809,0.5191
5,2.5,left-hand,0.4283,0.5717
5,2.5,left-hand,0.8781,0.1219
5,2.5,right-hand,0.511,0.489
5,2.5,right-hand,0.1846,0.8154
5,2.5,left-hand,0.7383,0.2617
5,2.5,left-hand,0.2281,0.7719
5,2.5,left-hand,0.8257,0.1743
5,2.5,left-hand,0.5006,0.4994
5,2.5,right-hand,0.4886,0.5114
5,2.5,right-hand,0.163,0.837
5,2.5,left-hand,0.7949,0.2051
5,2.5,left-hand,0.8855,0.1145
5,2.5,right-hand,0.4201,0.5799
5,2.5,right-hand,0.7929,0.2071
5,2.5,right-hand,0.3886,0.6114
5,2.5,right-hand,0.2828,0.7172
5,2.5,left-hand,0.868,0.132
5,2.5,left-hand,0.7958,0.2042
5,2.5,right-hand,0.5721,0.4279
5,2.5,right-hand,0.7008,0.2992
5,2.5,left-hand,0.7419,0.2581
5,2.5,right-hand,0.4754,0.5246
5,2.5,left-hand,0.4034,0.5966
5,2.5,right-hand,0.4448,0.5552
5,2.5,left-hand,0.3549,0.6451
5,2.5,right-hand,0.7071,0.2929
5,2.5,right-hand,0.0,1.0
5,2.5,left-hand,0.6918,0.3082
5,2.5,left-hand,0.9613,0.0387
5,2.5,right-hand,0.2023,0.7977
5,2.5,left-hand,0.5121,0.4879
5,2.5,left-hand,0.1256,0.8744
5,2.5,right-hand,0.6247,0.3753
5,2.5,left-hand,0.5292,0.4708
5,2.5,right-hand,0.6693,0.3307
5,2.5,right-hand,0.4434,0.5566
5,2.5,left-hand,0.6939,0.3061
5,2.5,right-hand,0.4633,0.5367
5,2.5,left-hand,0.7779,0.2221
5,2.5,right-hand,0.3313,0.6687
5,2.5,right-hand,0.4298,0.5702
5,2.5,right-hand,0.419,0.581
5,2.5,left-hand,0.5155,0.4845
5,2.5,left-hand,0.5719,0.4281
5,2.5,left-hand,0.5403,0.4597
