fold,tmin,true_label,left-hand,right-hand
1,2.5,right-hand,0.9933,0.0067
1,2.5,left-hand,0.9512,0.0488
1,2.5,left-hand,0.9724,0.0276
1,2.5,right-hand,0.1173,0.8827
1,2.5,right-hand,0.9544,0.0456
1,2.5,left-hand,0.4628,0.5372
1,2.5,left-hand,0.9886,0.0114
1,2.5,right-hand,0.4238,0.5762
1,2.5,right-hand,0.3465,0.6535
1,2.5,left-hand,0.5609,0.4391
1,2.5,right-hand,0.3511,0.6489
1,2.5,right-hand,0.6257,0.3743
1,2.5,right-hand,0.1661,0.8339
1,2.5,left-hand,0.7706,0.2294
1,2.5,left-hand,0.9601,0.0399
1,2.5,left-hand,0.7478,0.2522
1,2.5,right-hand,0.0171,0.9829
1,2.5,left-hand,0.844,0.156
1,2.5,right-hand,0.6011,0.3989
1,2.5,left-hand,0.576,0.424
1,2.5,left-hand,0.915,0.085
1,2.5,right-hand,0.2178,0.7822
1,2.5,right-hand,0.8328,0.1672
1,2.5,right-hand,0.045,0.955
1,2.5,right-hand,0.0364,0.9636
1,2.5,right-hand,0.8332,0.1668
1,2.5,left-hand,0.4838,0.5162
1,2.5,left-hand,0.8252,0.1748
1,2.5,right-hand,0.0447,0.9553
1,2.5,right-hand,0.6846,0.3154
1,2.5,left-hand,0.8492,0.1508
1,2.5,left-hand,0.2033,0.7967
1,2.5,left-hand,0.9606,0.0394
1,2.5,left-hand,0.7063,0.2937
1,2.5,right-hand,0.0394,0.9606
1,2.5,left-hand,0.7399,0.2601
1,2.5,left-hand,0.8322,0.1678
1,2.5,right-hand,0.0007,0.9993
1,2.5,left-hand,0.9533,0.0467
1,2.5,right-hand,0.0103,0.9897
1,2.5,right-hand,0.0411,0.9589
1,2.5,right-hand,0.7665,0.2335
1,2.5,left-hand,0.037,0.963
1,2.5,right-hand,0.0068,0.9932
1,2.5,left-hand,0.9332,0.0668
1,2.5,right-hand,0.0056,0.9944
1,2.5,left-hand,0.9567,0.0433
1,2.5,right-hand,0.0065,0.9935
1,2.5,left-hand,0.9718,0.0282
1,2.5,right-hand,0.0021,0.9979
1,2.5,left-hand,0.2994,0.7006
1,2.5,right-hand,0.003,0.997
1,2.5,left-hand,0.0148,0.9852
1,2.5,left-hand,0.0563,0.9437
1,2.5,right-hand,0.0097,0.9903
1,2.5,right-hand,0.0039,0.9961
1,2.5,left-hand,0.947,0.053
1,2.5,left-hand,0.0218,0.9782
2,2.5,left-hand,0.9896,0.0104
2,2.5,right-hand,0.9852,0.0148
2,2.5,left-hand,0.4765,0.5235
2,2.5,left-hand,0.4245,0.5755
2,2.5,left-hand,0.3628,0.6372
2,2.5,right-hand,0.0087,0.9913
2,2.5,left-hand,0.8821,0.1179
2,2.5,left-hand,0.9541,0.0459
2,2.5,left-hand,0.5991,0.4009
2,2.5,right-hand,0.8808,0.1192
2,2.5,left-hand,0.9684,0.0316
2,2.5,right-hand,0.929,0.071
2,2.5,right-hand,0.0717,0.9283
2,2.5,left-hand,0.6514,0.3486
2,2.5,right-hand,0.2257,0.7743
2,2.5,right-hand,0.1205,0.8795
2,2.5,right-hand,0.0023,0.9977
2,2.5,left-hand,0.2637,0.7363
2,2.5,left-hand,0.1719,0.8281
2,2.5,right-hand,0.6151,0.3849
2,2.5,right-hand,0.0434,0.9566
2,2.5,left-hand,0.0883,0.9117
2,2.5,left-hand,0.7871,0.2129
2,2.5,right-hand,0.9876,0.0124
2,2.5,right-hand,0.1401,0.8599
2,2.5,left-hand,0.7675,0.2325
2,2.5,right-hand,0.3352,0.6648
2,2.5,left-hand,0.9151,0.0849
2,2.5,right-hand,0.3784,0.6216
2,2.5,left-hand,0.9951,0.0049
2,2.5,right-hand,0.0229,0.9771
2,2.5,right-hand,0.6851,0.3149
2,2.5,left-hand,0.9605,0.0395
2,2.5,right-hand,0.9963,0.0037
2,2.5,left-hand,0.4618,0.5382
2,2.5,left-hand,0.9926,0.0074
2,2.5,right-hand,0.1863,0.8137
2,2.5,left-hand,0.9008,0.0992
2,2.5,left-hand,0.8129,0.1871
2,2.5,right-hand,0.0082,0.9918
2,2.5,right-hand,0.0106,0.9894
2,2.5,right-hand,0.0098,0.9902
2,2.5,right-hand,0.9558,0.0442
2,2.5,left-hand,0.9934,0.0066
2,2.5,right-hand,0.1388,0.8612
2,2.5,left-hand,0.9936,0.0064
2,2.5,right-hand,0.0263,0.9737
2,2.5,right-hand,0.0187,0.9813
2,2.5,left-hand,0.993,0.007
2,2.5,right-hand,0.0013,0.9987
2,2.5,left-hand,0.772,0.228
2,2.5,right-hand,0.0881,0.9119
2,2.5,right-hand,0.0077,0.9923
2,2.5,left-hand,0.986,0.014
2,2.5,left-hand,0.8362,0.1638
2,2.5,right-hand,0.1343,0.8657
2,2.5,left-hand,0.9947,0.0053
2,2.5,left-hand,0.6328,0.3672
3,2.5,right-hand,0.9133,0.0867
3,2.5,left-hand,0.3279,0.6721
3,2.5,right-hand,0.0826,0.9174
3,2.5,right-hand,0.075,0.925
3,2.5,right-hand,0.8728,0.1272
3,2.5,left-hand,0.953,0.047
3,2.5,left-hand,0.7953,0.2047
3,2.5,left-hand,0.9511,0.0489
3,2.5,right-hand,0.9816,0.0184
3,2.5,left-hand,0.989,0.011
3,2.5,right-hand,0.1732,0.8268
3,2.5,right-hand,0.0536,0.9464
3,2.5,left-hand,0.9267,0.0733
3,2.5,left-hand,0.3068,0.6932
3,2.5,left-hand,0.9821,0.0179
3,2.5,right-hand,0.0109,0.9891
3,2.5,left-hand,0.9414,0.0586
3,2.5,right-hand,0.243,0.757
3,2.5,right-hand,0.0019,0.9981
3,2.5,left-hand,0.8225,0.1775
3,2.5,right-hand,0.8617,0.1383
3,2.5,left-hand,0.9404,0.0596
3,2.5,right-hand,0.1932,0.8068
3,2.5,left-hand,0.9661,0.0339
3,2.5,right-hand,0.0369,0.9631
3,2.5,left-hand,0.5028,0.4972
3,2.5,right-hand,0.1323,0.8677
3,2.5,left-hand,0.5766,0.4234
3,2.5,right-hand,0.3573,0.6427
3,2.5,right-hand,0.8114,0.1886
3,2.5,left-hand,0.9613,0.0387
3,2.5,right-hand,0.1826,0.8174
3,2.5,left-hand,0.9776,0.0224
3,2.5,right-hand,0.0578,0.9422
3,2.5,left-hand,0.9588,0.0412
3,2.5,right-hand,0.0187,0.9813
3,2.5,right-hand,0.0837,0.9163
3,2.5,left-hand,0.9732,0.0268
3,2.5,right-hand,0.0271,0.9729
3,2.5,left-hand,0.843,0.157
3,2.5,left-hand,0.9573,0.0427
3,2.5,left-hand,0.998,0.002
3,2.5,right-hand,0.0812,0.9188
3,2.5,right-hand,0.8381,0.1619
3,2.5,left-hand,0.994,0.006
3,2.5,left-hand,0.9349,0.0651
3,2.5,right-hand,0.9771,0.0229
3,2.5,right-hand,0.0451,0.9549
3,2.5,left-hand,0.9072,0.0928
3,2.5,left-hand,0.9927,0.0073
3,2.5,right-hand,0.9579,0.0421
3,2.5,left-hand,0.9655,0.0345
3,2.5,right-hand,0.0685,0.9315
3,2.5,left-hand,0.6447,0.3553
3,2.5,left-hand,0.4557,0.5443
3,2.5,right-hand,0.1101,0.8899
3,2.5,left-hand,0.9786,0.0214
3,2.5,right-hand,0.0169,0.9831
4,2.5,right-hand,0.0918,0.9082
4,2.5,left-hand,0.8867,0.1133
4,2.5,left-hand,0.4493,0.5507
4,2.5,right-hand,0.0828,0.9172
4,2.5,right-hand,0.3603,0.6397
4,2.5,left-hand,0.9508,0.0492
4,2.5,left-hand,0.1458,0.8542
4,2.5,right-hand,0.0327,0.9673
4,2.5,right-hand,0.9797,0.0203
4,2.5,left-hand,0.996,0.004
4,2.5,left-hand,0.9602,0.0398
4,2.5,right-hand,0.1152,0.8848
4,2.5,right-hand,0.0057,0.9943
4,2.5,right-hand,0.9733,0.0267
4,2.5,right-hand,0.0304,0.9696
4,2.5,left-hand,0.5953,0.4047
4,2.5,left-hand,0.9163,0.0837
4,2.5,right-hand,0.8807,0.1193
4,2.5,right-hand,0.9121,0.0879
4,2.5,left-hand,0.9707,0.0293
4,2.5,left-hand,0.0946,0.9054
4,2.5,right-hand,0.0032,0.9968
4,2.5,left-hand,0.9902,0.0098
4,2.5,left-hand,0.969,0.031
4,2.5,right-hand,0.0982,0.9018
4,2.5,left-hand,0.8293,0.1707
4,2.5,left-hand,0.9569,0.0431
4,2.5,left-hand,0.6973,0.3027
4,2.5,right-hand,0.6495,0.3505
4,2.5,left-hand,0.9243,0.0757
4,2.5,right-hand,0.0113,0.9887
4,2.5,left-hand,0.5608,0.4392
4,2.5,right-hand,0.0244,0.9756
4,2.5,left-hand,0.9567,0.0433
4,2.5,left-hand,0.3908,0.6092
4,2.5,right-hand,0.4156,0.5844
4,2.5,left-hand,0.9787,0.0213
4,2.5,left-hand,0.9905,0.0095
4,2.5,left-hand,0.9145,0.0855
4,2.5,right-hand,0.0098,0.9902
4,2.5,left-hand,0.5467,0.4533
4,2.5,right-hand,0.0499,0.9501
4,2.5,right-hand,0.0043,0.9957
4,2.5,left-hand,0.0451,0.9549
4,2.5,right-hand,0.006,0.994
4,2.5,right-hand,0.0483,0.9517
4,2.5,left-hand,0.81,0.19
4,2.5,right-hand,0.0029,0.9971
4,2.5,right-hand,0.0069,0.9931
4,2.5,right-hand,0.9488,0.0512
4,2.5,left-hand,0.6219,0.3781
4,2.5,right-hand,0.0224,0.9776
4,2.5,right-hand,0.841,0.159
4,2.5,right-hand,0.002,0.998
4,2.5,left-hand,0.9375,0.0625
4,2.5,left-hand,0.548,0.452
4,2.5,right-hand,0.1053,0.8947
5,2.5,right-hand,0.1531,0.8469
5,2.5,left-hand,0.9946,0.0054
5,2.5,left-hand,0.9033,0.0967
5,2.5,left-hand,0.9821,0.0179
5,2.5,right-hand,0.848,0.152
5,2.5,right-hand,0.4419,0.5581
5,2.5,right-hand,0.0159,0.9841
5,2.5,right-hand,0.3575,0.6425
5,2.5,left-hand,0.9442,0.0558
5,2.5,right-hand,0.0456,0.9544
5,2.5,left-hand,0.9833,0.0167
5,2.5,left-hand,0.4983,0.5017
5,2.5,left-hand,0.2019,0.7981
5,2.5,left-hand,0.6613,0.3387
5,2.5,right-hand,0.0095,0.9905
5,2.5,right-hand,0.0728,0.9272
5,2.5,left-hand,0.7787,0.2213
5,2.5,left-hand,0.8467,0.1533
5,2.5,left-hand,0.0488,0.9512
5,2.5,left-hand,0.9562,0.0438
5,2.5,right-hand,0.0051,0.9949
5,2.5,right-hand,0.195,0.805
5,2.5,left-hand,0.6878,0.3122
5,2.5,left-hand,0.968,0.032
5,2.5,right-hand,0.5873,0.4127
5,2.5,right-hand,0.119,0.881
5,2.5,right-hand,0.0261,0.9739
5,2.5,right-hand,0.0031,0.9969
5,2.5,left-hand,0.7862,0.2138
5,2.5,left-hand,0.8944,0.1056
5,2.5,right-hand,0.0269,0.9731
5,2.5,right-hand,0.929,0.071
5,2.5,left-hand,0.9736,0.0264
5,2.5,right-hand,0.107,0.893
5,2.5,left-hand,0.957,0.043
5,2.5,right-hand,0.04,0.96
5,2.5,left-hand,0.9878,0.0122
5,2.5,right-hand,0.0159,0.9841
5,2.5,right-hand,0.8176,0.1824
5,2.5,left-hand,0.7913,0.2087
5,2.5,left-hand,0.6913,0.3087
5,2.5,right-hand,0.0021,0.9979
5,2.5,left-hand,0.9226,0.0774
5,2.5,left-hand,0.6157,0.3843
5,2.5,right-hand,0.0541,0.9459
5,2.5,left-hand,0.2015,0.7985
5,2.5,right-hand,0.019,0.981
5,2.5,right-hand,0.2631,0.7369
5,2.5,left-hand,0.0877,0.9123
5,2.5,right-hand,0.0071,0.9929
5,2.5,left-hand,0.9354,0.0646
5,2.5,right-hand,0.0377,0.9623
5,2.5,right-hand,0.0079,0.9921
5,2.5,right-hand,0.0096,0.9904
5,2.5,left-hand,0.9882,0.0118
5,2.5,left-hand,0.9541,0.0459
5,2.5,left-hand,0.4679,0.5321
