fold,tmin,true_label,left-hand,right-hand
1,2.5,left-hand,0.0137,0.9863
1,2.5,right-hand,0.0261,0.9739
1,2.5,left-hand,0.0301,0.9699
1,2.5,right-hand,0.2093,0.7907
1,2.5,left-hand,0.1163,0.8837
1,2.5,right-hand,0.0182,0.9818
1,2.5,left-hand,0.035,0.965
1,2.5,right-hand,0.993,0.007
1,2.5,left-hand,0.0112,0.9888
1,2.5,left-hand,0.0664,0.9336
1,2.5,left-hand,0.2054,0.7946
1,2.5,right-hand,0.0619,0.9381
1,2.5,left-hand,0.1197,0.8803
1,2.5,right-hand,0.1671,0.8329
1,2.5,right-hand,0.0728,0.9272
1,2.5,left-hand,0.1919,0.8081
1,2.5,left-hand,0.9986,0.0014
1,2.5,right-hand,0.0362,0.9638
1,2.5,right-hand,0.1891,0.8109
1,2.5,right-hand,0.1888,0.8112
1,2.5,right-hand,0.2864,0.7136
1,2.5,left-hand,0.5958,0.4042
1,2.5,left-hand,0.1396,0.8604
1,2.5,left-hand,0.017,0.983
1,2.5,left-hand,0.2669,0.7331
1,2.5,left-hand,0.2782,0.7218
1,2.5,right-hand,0.0484,0.9516
1,2.5,right-hand,0.0746,0.9254
1,2.5,left-hand,0.0111,0.9889
1,2.5,left-hand,0.0525,0.9475
1,2.5,right-hand,0.9987,0.0013
1,2.5,right-hand,0.0727,0.9273
1,2.5,right-hand,0.1654,0.8346
1,2.5,right-hand,0.247,0.753
1,2.5,left-hand,0.0151,0.9849
1,2.5,right-hand,0.0017,0.9983
1,2.5,left-hand,0.0003,0.9997
1,2.5,right-hand,0.1382,0.8618
1,2.5,left-hand,0.0275,0.9725
1,2.5,left-hand,0.0168,0.9832
1,2.5,right-hand,0.012,0.988
1,2.5,left-hand,0.0044,0.9956
1,2.5,left-hand,0.0281,0.9719
1,2.5,right-hand,0.0902,0.9098
1,2.5,left-hand,0.0022,0.9978
1,2.5,left-hand,0.0465,0.9535
1,2.5,right-hand,0.0025,0.9975
1,2.5,right-hand,0.038,0.962
1,2.5,right-hand,0.0429,0.9571
1,2.5,left-hand,0.2192,0.7808
1,2.5,right-hand,0.2795,0.7205
1,2.5,right-hand,0.1795,0.8205
1,2.5,left-hand,0.0073,0.9927
1,2.5,right-hand,0.0215,0.9785
1,2.5,right-hand,0.0323,0.9677
1,2.5,right-hand,0.2635,0.7365
1,2.5,left-hand,0.1585,0.8415
1,2.5,left-hand,0.1883,0.8117
2,2.5,right-hand,0.24,0.76
2,2.5,left-hand,0.1084,0.8916
2,2.5,right-hand,0.0941,0.9059
2,2.5,left-hand,0.375,0.625
2,2.5,right-hand,0.9962,0.0038
2,2.5,right-hand,0.1057,0.8943
2,2.5,right-hand,0.0544,0.9456
2,2.5,right-hand,0.1528,0.8472
2,2.5,right-hand,0.0993,0.9007
2,2.5,left-hand,0.2576,0.7424
2,2.5,left-hand,0.2032,0.7968
2,2.5,right-hand,0.1881,0.8119
2,2.5,left-hand,0.0985,0.9015
2,2.5,left-hand,0.1137,0.8863
2,2.5,right-hand,0.0924,0.9076
2,2.5,left-hand,0.1941,0.8059
2,2.5,left-hand,0.102,0.898
2,2.5,right-hand,0.2831,0.7169
2,2.5,left-hand,0.051,0.949
2,2.5,right-hand,0.1594,0.8406
2,2.5,right-hand,0.8399,0.1601
2,2.5,left-hand,0.0558,0.9442
2,2.5,right-hand,0.0409,0.9591
2,2.5,left-hand,0.06,0.94
2,2.5,left-hand,0.8715,0.1285
2,2.5,right-hand,0.1051,0.8949
2,2.5,right-hand,0.1361,0.8639
2,2.5,left-hand,0.2364,0.7636
2,2.5,left-hand,0.0867,0.9133
2,2.5,right-hand,0.1236,0.8764
2,2.5,right-hand,0.0865,0.9135
2,2.5,left-hand,0.1362,0.8638
2,2.5,left-hand,0.0035,0.9965
2,2.5,left-hand,0.1247,0.8753
2,2.5,left-hand,0.0754,0.9246
2,2.5,right-hand,0.0095,0.9905
2,2.5,right-hand,0.2034,0.7966
2,2.5,right-hand,0.007,0.993
2,2.5,right-hand,0.9234,0.0766
2,2.5,left-hand,0.0741,0.9259
2,2.5,left-hand,0.0088,0.9912
2,2.5,left-hand,0.0019,0.9981
2,2.5,left-hand,0.0386,0.9614
2,2.5,left-hand,0.0019,0.9981
2,2.5,right-hand,0.2347,0.7653
2,2.5,right-hand,0.0539,0.9461
2,2.5,left-hand,0.0483,0.9517
2,2.5,right-hand,0.0398,0.9602
2,2.5,left-hand,0.005,0.995
2,2.5,right-hand,0.0239,0.9761
2,2.5,left-hand,0.3332,0.6668
2,2.5,left-hand,0.0946,0.9054
2,2.5,left-hand,0.313,0.687
2,2.5,right-hand,0.2781,0.7219
2,2.5,left-hand,0.0069,0.9931
2,2.5,right-hand,0.0376,0.9624
2,2.5,right-hand,0.013,0.987
2,2.5,right-hand,0.0244,0.9756
3,2.5,right-hand,0.0184,0.9816
3,2.5,left-hand,0.0187,0.9813
3,2.5,left-hand,0.0348,0.9652
3,2.5,left-hand,0.0162,0.9838
3,2.5,left-hand,0.0147,0.9853
3,2.5,right-hand,0.0079,0.9921
3,2.5,right-hand,0.0181,0.9819
3,2.5,left-hand,0.0163,0.9837
3,2.5,right-hand,0.043,0.957
3,2.5,left-hand,0.0238,0.9762
3,2.5,left-hand,0.0286,0.9714
3,2.5,right-hand,0.0148,0.9852
3,2.5,right-hand,0.021,0.979
3,2.5,right-hand,0.0463,0.9537
3,2.5,right-hand,0.0068,0.9932
3,2.5,left-hand,0.0407,0.9593
3,2.5,left-hand,0.0021,0.9979
3,2.5,right-hand,0.0439,0.9561
3,2.5,left-hand,0.0209,0.9791
3,2.5,right-hand,0.0399,0.9601
3,2.5,left-hand,0.0213,0.9787
3,2.5,right-hand,0.0174,0.9826
3,2.5,right-hand,0.0126,0.9874
3,2.5,left-hand,0.0146,0.9854
3,2.5,left-hand,0.0533,0.9467
3,2.5,right-hand,0.0221,0.9779
3,2.5,left-hand,0.0258,0.9742
3,2.5,right-hand,0.0187,0.9813
3,2.5,right-hand,0.0217,0.9783
3,2.5,left-hand,0.0127,0.9873
3,2.5,left-hand,0.009,0.991
3,2.5,left-hand,0.0155,0.9845
3,2.5,right-hand,0.0066,0.9934
3,2.5,left-hand,0.0,1.0
3,2.5,left-hand,0.0,1.0
3,2.5,right-hand,0.0129,0.9871
3,2.5,left-hand,0.0155,0.9845
3,2.5,right-hand,0.0052,0.9948
3,2.5,left-hand,0.019,0.981
3,2.5,right-hand,0.0102,0.9898
3,2.5,right-hand,0.0037,0.9963
3,2.5,right-hand,0.0147,0.9853
3,2.5,left-hand,0.0023,0.9977
3,2.5,right-hand,0.0226,0.9774
3,2.5,left-hand,0.0062,0.9938
3,2.5,right-hand,0.0059,0.9941
3,2.5,left-hand,0.0079,0.9921
3,2.5,right-hand,0.0091,0.9909
3,2.5,left-hand,0.0107,0.9893
3,2.5,left-hand,0.0223,0.9777
3,2.5,right-hand,0.0077,0.9923
3,2.5,left-hand,0.0363,0.9637
3,2.5,right-hand,0.0132,0.9868
3,2.5,right-hand,0.0565,0.9435
3,2.5,right-hand,0.0436,0.9564
3,2.5,right-hand,0.002,0.998
3,2.5,left-hand,0.0316,0.9684
3,2.5,left-hand,0.0058,0.9942
4,2.5,left-hand,0.0051,0.9949
4,2.5,right-hand,0.8973,0.1027
4,2.5,right-hand,0.0074,0.9926
4,2.5,left-hand,0.1032,0.8968
4,2.5,left-hand,0.0105,0.9895
4,2.5,right-hand,0.021,0.979
4,2.5,left-hand,0.046,0.954
4,2.5,right-hand,0.0272,0.9728
4,2.5,left-hand,0.018,0.982
4,2.5,right-hand,0.0193,0.9807
4,2.5,left-hand,0.0901,0.9099
4,2.5,right-hand,0.1277,0.8723
4,2.5,left-hand,0.1756,0.8244
4,2.5,left-hand,0.022,0.978
4,2.5,left-hand,0.025,0.975
4,2.5,right-hand,0.0242,0.9758
4,2.5,right-hand,0.1377,0.8623
4,2.5,left-hand,0.007,0.993
4,2.5,left-hand,0.0537,0.9463
4,2.5,right-hand,0.0091,0.9909
4,2.5,left-hand,0.0164,0.9836
4,2.5,right-hand,0.0055,0.9945
4,2.5,right-hand,0.0674,0.9326
4,2.5,right-hand,0.0355,0.9645
4,2.5,right-hand,0.041,0.959
4,2.5,left-hand,0.0968,0.9032
4,2.5,right-hand,0.0824,0.9176
4,2.5,left-hand,0.0948,0.9052
4,2.5,right-hand,0.0987,0.9013
4,2.5,left-hand,0.1244,0.8756
4,2.5,left-hand,0.1158,0.8842
4,2.5,right-hand,0.041,0.959
4,2.5,right-hand,0.1416,0.8584
4,2.5,right-hand,0.1478,0.8522
4,2.5,left-hand,0.0653,0.9347
4,2.5,left-hand,0.1849,0.8151
4,2.5,right-hand,0.097,0.903
4,2.5,left-hand,0.114,0.886
4,2.5,right-hand,0.1266,0.8734
4,2.5,right-hand,0.1477,0.8523
4,2.5,right-hand,0.0733,0.9267
4,2.5,right-hand,0.0934,0.9066
4,2.5,left-hand,0.0101,0.9899
4,2.5,left-hand,0.1033,0.8967
4,2.5,right-hand,0.1182,0.8818
4,2.5,left-hand,0.0128,0.9872
4,2.5,right-hand,0.0926,0.9074
4,2.5,left-hand,0.2703,0.7297
4,2.5,left-hand,0.0339,0.9661
4,2.5,left-hand,0.1547,0.8453
4,2.5,left-hand,0.0291,0.9709
4,2.5,right-hand,0.1768,0.8232
4,2.5,right-hand,0.141,0.859
4,2.5,right-hand,0.1652,0.8348
4,2.5,left-hand,0.1578,0.8422
4,2.5,left-hand,0.138,0.862
4,2.5,left-hand,0.1788,0.8212
5,2.5,left-hand,0.6453,0.3547
5,2.5,right-hand,0.7009,0.2991
5,2.5,right-hand,1.0,0.0
5,2.5,right-hand,0.6516,0.3484
5,2.5,left-hand,0.9912,0.0088
5,2.5,left-hand,0.9931,0.0069
5,2.5,left-hand,0.7666,0.2334
5,2.5,left-hand,0.7568,0.2432
5,2.5,left-hand,0.7536,0.2464
5,2.5,right-hand,0.8125,0.1875
5,2.5,right-hand,0.6937,0.3063
5,2.5,right-hand,0.5833,0.4167
5,2.5,left-hand,0.9984,0.0016
5,2.5,right-hand,0.7683,0.2317
5,2.5,left-hand,0.9794,0.0206
5,2.5,right-hand,0.9672,0.0328
5,2.5,right-hand,0.8757,0.1243
5,2.5,right-hand,0.9996,0.0004
5,2.5,right-hand,0.853,0.147
5,2.5,right-hand,0.8306,0.1694
5,2.5,left-hand,0.6774,0.3226
5,2.5,right-hand,0.8505,0.1495
5,2.5,right-hand,0.7049,0.2951
5,2.5,left-hand,0.7775,0.2225
5,2.5,left-hand,0.9862,0.0138
5,2.5,left-hand,0.5913,0.4087
5,2.5,left-hand,0.8243,0.1757
5,2.5,left-hand,0.2569,0.7431
5,2.5,right-hand,1.0,0.0
5,2.5,left-hand,0.9539,0.0461
5,2.5,right-hand,0.1459,0.8541
5,2.5,right-hand,0.2925,0.7075
5,2.5,left-hand,0.2465,0.7535
5,2.5,left-hand,0.1986,0.8014
5,2.5,left-hand,0.1987,0.8013
5,2.5,right-hand,0.2288,0.7712
5,2.5,left-hand,0.2666,0.7334
5,2.5,right-hand,0.1728,0.8272
5,2.5,right-hand,0.7723,0.2277
5,2.5,left-hand,0.176,0.824
5,2.5,right-hand,0.5201,0.4799
5,2.5,right-hand,0.259,0.741
5,2.5,left-hand,0.3628,0.6372
5,2.5,right-hand,0.2274,0.7726
5,2.5,right-hand,0.9992,0.0008
5,2.5,left-hand,0.1921,0.8079
5,2.5,left-hand,0.8608,0.1392
5,2.5,left-hand,0.8074,0.1926
5,2.5,left-hand,0.397,0.603
5,2.5,right-hand,0.7091,0.2909
5,2.5,right-hand,0.2886,0.7114
5,2.5,left-hand,0.7959,0.2041
5,2.5,right-hand,0.8287,0.1713
5,2.5,right-hand,0.3054,0.6946
5,2.5,left-hand,0.7673,0.2327
5,2.5,left-hand,0.5353,0.4647
5,2.5,right-hand,0.2829,0.7171
