fold,tmin,true_label,left-hand,right-hand
1,2.5,left-hand,0.8505,0.1495
1,2.5,left-hand,0.2542,0.7458
1,2.5,right-hand,0.9382,0.0618
1,2.5,right-hand,0.2888,0.7112
1,2.5,left-hand,0.7244,0.2756
1,2.5,right-hand,0.3529,0.6471
1,2.5,right-hand,0.4419,0.5581
1,2.5,left-hand,0.0686,0.9314
1,2.5,left-hand,0.2426,0.7574
1,2.5,right-hand,0.0636,0.9364
1,2.5,right-hand,0.4888,0.5112
1,2.5,left-hand,0.6152,0.3848
1,2.5,left-hand,0.0793,0.9207
1,2.5,right-hand,0.4605,0.5395
1,2.5,left-hand,0.1136,0.8864
1,2.5,left-hand,0.8253,0.1747
1,2.5,left-hand,0.5511,0.4489
1,2.5,right-hand,0.2582,0.7418
1,2.5,right-hand,0.2568,0.7432
1,2.5,right-hand,0.5495,0.4505
1,2.5,left-hand,0.6021,0.3979
1,2.5,left-hand,0.9533,0.0467
1,2.5,right-hand,0.6283,0.3717
1,2.5,left-hand,0.0273,0.9727
1,2.5,left-hand,0.8841,0.1159
1,2.5,left-hand,0.5058,0.4942
1,2.5,left-hand,0.598,0.402
1,2.5,right-hand,0.476,0.524
1,2.5,right-hand,0.3526,0.6474
1,2.5,left-hand,0.4966,0.5034
1,2.5,right-hand,0.7155,0.2845
1,2.5,right-hand,0.6005,0.3995
1,2.5,right-hand,0.3331,0.6669
1,2.5,right-hand,0.3786,0.6214
1,2.5,left-hand,0.2306,0.7694
1,2.5,left-hand,0.4786,0.5214
1,2.5,right-hand,0.4511,0.5489
1,2.5,right-hand,0.3456,0.6544
1,2.5,left-hand,0.6117,0.3883
1,2.5,left-hand,0.2539,0.7461
1,2.5,right-hand,0.3959,0.6041
1,2.5,left-hand,0.4922,0.5078
1,2.5,left-hand,0.5658,0.4342
1,2.5,right-hand,0.7414,0.2586
1,2.5,left-hand,0.0282,0.9718
1,2.5,left-hand,0.3968,0.6032
1,2.5,right-hand,0.3746,0.6254
1,2.5,right-hand,0.5749,0.4251
1,2.5,right-hand,0.8685,0.1315
1,2.5,left-hand,0.3459,0.6541
1,2.5,right-hand,0.7488,0.2512
1,2.5,right-hand,0.6487,0.3513
1,2.5,right-hand,0.7122,0.2878
1,2.5,left-hand,0.7925,0.2075
1,2.5,right-hand,0.9081,0.0919
1,2.5,left-hand,0.3716,0.6284
1,2.5,right-hand,0.6314,0.3686
1,2.5,left-hand,0.9079,0.0921
2,2.5,right-hand,0.1803,0.8197
2,2.5,left-hand,0.8721,0.1279
2,2.5,right-hand,0.3257,0.6743
2,2.5,right-hand,0.2616,0.7384
2,2.5,right-hand,0.2927,0.7073
2,2.5,left-hand,0.1085,0.8915
2,2.5,right-hand,0.7572,0.2428
2,2.5,right-hand,0.7365,0.2635
2,2.5,right-hand,0.572,0.428
2,2.5,left-hand,0.4377,0.5623
2,2.5,right-hand,0.2659,0.7341
2,2.5,left-hand,0.8909,0.1091
2,2.5,left-hand,0.3706,0.6294
2,2.5,left-hand,0.6864,0.3136
2,2.5,right-hand,0.8106,0.1894
2,2.5,left-hand,0.1369,0.8631
2,2.5,left-hand,0.2657,0.7343
2,2.5,right-hand,0.5306,0.4694
2,2.5,left-hand,0.8043,0.1957
2,2.5,right-hand,0.416,0.584
2,2.5,left-hand,0.7508,0.2492
2,2.5,right-hand,0.3027,0.6973
2,2.5,right-hand,0.4688,0.5312
2,2.5,left-hand,0.1428,0.8572
2,2.5,left-hand,0.4488,0.5512
2,2.5,right-hand,0.4512,0.5488
2,2.5,left-hand,0.812,0.188
2,2.5,right-hand,0.2776,0.7224
2,2.5,left-hand,0.0619,0.9381
2,2.5,right-hand,0.8605,0.1395
2,2.5,left-hand,0.2573,0.7427
2,2.5,left-hand,0.8112,0.1888
2,2.5,right-hand,0.6364,0.3636
2,2.5,left-hand,0.8193,0.1807
2,2.5,right-hand,0.8793,0.1207
2,2.5,left-hand,0.5595,0.4405
2,2.5,right-hand,0.9192,0.0808
2,2.5,left-hand,0.6983,0.3017
2,2.5,right-hand,0.2008,0.7992
2,2.5,right-hand,0.8339,0.1661
2,2.5,left-hand,0.6032,0.3968
2,2.5,left-hand,0.8397,0.1603
2,2.5,left-hand,0.1264,0.8736
2,2.5,right-hand,0.1263,0.8737
2,2.5,left-hand,0.0673,0.9327
2,2.5,right-hand,0.8504,0.1496
2,2.5,left-hand,0.483,0.517
2,2.5,left-hand,0.7662,0.2338
2,2.5,right-hand,0.6536,0.3464
2,2.5,left-hand,0.0682,0.9318
2,2.5,right-hand,0.1178,0.8822
2,2.5,right-hand,0.1265,0.8735
2,2.5,left-hand,0.2426,0.7574
2,2.5,right-hand,0.292,0.708
2,2.5,left-hand,0.6155,0.3845
2,2.5,left-hand,0.8665,0.1335
2,2.5,right-hand,0.8876,0.1124
2,2.5,right-hand,0.8674,0.1326
3,2.5,left-hand,0.8648,0.1352
3,2.5,right-hand,0.4509,0.5491
3,2.5,left-hand,0.2245,0.7755
3,2.5,left-hand,0.5341,0.4659
3,2.5,left-hand,0.7101,0.2899
3,2.5,right-hand,0.8305,0.1695
3,2.5,right-hand,0.1479,0.8521
3,2.5,left-hand,0.8031,0.1969
3,2.5,left-hand,0.3144,0.6856
3,2.5,right-hand,0.4534,0.5466
3,2.5,left-hand,0.5484,0.4516
3,2.5,right-hand,0.0722,0.9278
3,2.5,right-hand,0.884,0.116
3,2.5,right-hand,0.5107,0.4893
3,2.5,right-hand,0.4162,0.5838
3,2.5,left-hand,0.555,0.445
3,2.5,left-hand,0.6842,0.3158
3,2.5,right-hand,0.8935,0.1065
3,2.5,left-hand,0.9323,0.0677
3,2.5,right-hand,0.3392,0.6608
3,2.5,left-hand,0.5788,0.4212
3,2.5,right-hand,0.7225,0.2775
3,2.5,left-hand,0.7269,0.2731
3,2.5,left-hand,0.9217,0.0783
3,2.5,right-hand,0.8775,0.1225
3,2.5,right-hand,0.1806,0.8194
3,2.5,left-hand,0.7046,0.2954
3,2.5,right-hand,0.6126,0.3874
3,2.5,left-hand,0.7217,0.2783
3,2.5,left-hand,0.536,0.464
3,2.5,right-hand,0.5724,0.4276
3,2.5,left-hand,0.4928,0.5072
3,2.5,right-hand,0.0821,0.9179
3,2.5,left-hand,0.4736,0.5264
3,2.5,left-hand,0.5252,0.4748
3,2.5,right-hand,0.4908,0.5092
3,2.5,left-hand,0.2329,0.7671
3,2.5,right-hand,0.8886,0.1114
3,2.5,left-hand,0.748,0.252
3,2.5,right-hand,0.6028,0.3972
3,2.5,right-hand,0.2217,0.7783
3,2.5,right-hand,0.8804,0.1196
3,2.5,left-hand,0.0392,0.9608
3,2.5,right-hand,0.585,0.415
3,2.5,left-hand,0.0691,0.9309
3,2.5,left-hand,0.9349,0.0651
3,2.5,right-hand,0.5108,0.4892
3,2.5,left-hand,0.29,0.71
3,2.5,right-hand,0.6476,0.3524
3,2.5,left-hand,0.5709,0.4291
3,2.5,left-hand,0.6053,0.3947
3,2.5,right-hand,0.7295,0.2705
3,2.5,right-hand,0.646,0.354
3,2.5,right-hand,0.2579,0.7421
3,2.5,right-hand,0.5214,0.4786
3,2.5,right-hand,0.8774,0.1226
3,2.5,left-hand,0.8237,0.1763
3,2.5,left-hand,0.758,0.242
4,2.5,left-hand,0.1546,0.8454
4,2.5,right-hand,0.608,0.392
4,2.5,right-hand,0.6373,0.3627
4,2.5,left-hand,0.4353,0.5647
4,2.5,left-hand,0.7141,0.2859
4,2.5,right-hand,0.4095,0.5905
4,2.5,right-hand,0.559,0.441
4,2.5,left-hand,0.5599,0.4401
4,2.5,left-hand,0.5814,0.4186
4,2.5,right-hand,0.0366,0.9634
4,2.5,right-hand,0.7124,0.2876
4,2.5,left-hand,0.2495,0.7505
4,2.5,left-hand,0.3875,0.6125
4,2.5,left-hand,0.2422,0.7578
4,2.5,left-hand,0.0752,0.9248
4,2.5,right-hand,0.5864,0.4136
4,2.5,right-hand,0.7309,0.2691
4,2.5,left-hand,0.3431,0.6569
4,2.5,left-hand,0.4242,0.5758
4,2.5,right-hand,0.7226,0.2774
4,2.5,left-hand,0.5455,0.4545
4,2.5,right-hand,0.7835,0.2165
4,2.5,right-hand,0.3927,0.6073
4,2.5,right-hand,0.503,0.497
4,2.5,right-hand,0.6591,0.3409
4,2.5,left-hand,0.1576,0.8424
4,2.5,right-hand,0.5292,0.4708
4,2.5,right-hand,0.4131,0.5869
4,2.5,left-hand,0.1015,0.8985
4,2.5,left-hand,0.6568,0.3432
4,2.5,left-hand,0.1826,0.8174
4,2.5,right-hand,0.298,0.702
4,2.5,right-hand,0.7975,0.2025
4,2.5,right-hand,0.2586,0.7414
4,2.5,left-hand,0.871,0.129
4,2.5,right-hand,0.6959,0.3041
4,2.5,right-hand,0.215,0.785
4,2.5,right-hand,0.597,0.403
4,2.5,left-hand,0.7217,0.2783
4,2.5,left-hand,0.2606,0.7394
4,2.5,right-hand,0.2472,0.7528
4,2.5,right-hand,0.6286,0.3714
4,2.5,left-hand,0.6657,0.3343
4,2.5,left-hand,0.8694,0.1306
4,2.5,right-hand,0.3103,0.6897
4,2.5,left-hand,0.9403,0.0597
4,2.5,right-hand,0.7566,0.2434
4,2.5,left-hand,0.2671,0.7329
4,2.5,left-hand,0.0416,0.9584
4,2.5,left-hand,0.2211,0.7789
4,2.5,right-hand,0.8871,0.1129
4,2.5,right-hand,0.5314,0.4686
4,2.5,left-hand,0.4638,0.5362
4,2.5,left-hand,0.8816,0.1184
4,2.5,right-hand,0.2549,0.7451
4,2.5,left-hand,0.0883,0.9117
4,2.5,left-hand,0.6189,0.3811
5,2.5,left-hand,0.8186,0.1814
5,2.5,right-hand,0.7272,0.2728
5,2.5,right-hand,0.0571,0.9429
5,2.5,right-hand,0.9418,0.0582
5,2.5,left-hand,0.7564,0.2436
5,2.5,left-hand,0.625,0.375
5,2.5,left-hand,0.5356,0.4644
5,2.5,left-hand,0.2527,0.7473
5,2.5,right-hand,0.5994,0.4006
5,2.5,left-hand,0.0906,0.9094
5,2.5,right-hand,0.7243,0.2757
5,2.5,right-hand,0.2687,0.7313
5,2.5,right-hand,0.7476,0.2524
5,2.5,left-hand,0.1438,0.8562
5,2.5,left-hand,0.849,0.151
5,2.5,right-hand,0.2605,0.7395
5,2.5,right-hand,0.5742,0.4258
5,2.5,right-hand,0.4345,0.5655
5,2.5,right-hand,0.1478,0.8522
5,2.5,right-hand,0.276,0.724
5,2.5,left-hand,0.7359,0.2641
5,2.5,left-hand,0.6502,0.3498
5,2.5,right-hand,0.4071,0.5929
5,2.5,right-hand,0.9851,0.0149
5,2.5,left-hand,0.988,0.012
5,2.5,left-hand,0.5508,0.4492
5,2.5,left-hand,0.1644,0.8356
5,2.5,left-hand,0.4899,0.5101
5,2.5,left-hand,0.7989,0.2011
5,2.5,right-hand,0.4614,0.5386
5,2.5,left-hand,0.7119,0.2881
5,2.5,right-hand,0.9085,0.0915
5,2.5,right-hand,0.8736,0.1264
5,2.5,left-hand,0.1325,0.8675
5,2.5,left-hand,0.4034,0.5966
5,2.5,right-hand,0.7458,0.2542
5,2.5,right-hand,0.3362,0.6638
5,2.5,left-hand,0.7316,0.2685
5,2.5,right-hand,0.5397,0.4603
5,2.5,left-hand,0.3259,0.6741
5,2.5,right-hand,0.1799,0.8201
5,2.5,right-hand,0.4324,0.5676
5,2.5,right-hand,0.3441,0.6559
5,2.5,left-hand,0.4837,0.5163
5,2.5,left-hand,0.5908,0.4092
5,2.5,right-hand,0.2687,0.7313
5,2.5,left-hand,0.7561,0.2439
5,2.5,left-hand,0.8012,0.1988
5,2.5,left-hand,0.929,0.071
5,2.5,right-hand,0.0137,0.9863
5,2.5,right-hand,0.5841,0.4159
5,2.5,left-hand,0.4345,0.5655
5,2.5,right-hand,0.0321,0.9679
5,2.5,left-hand,0.5299,0.4701
5,2.5,left-hand,0.4732,0.5268
5,2.5,right-hand,0.6406,0.3594
5,2.5,right-hand,0.9398,0.0602
