fold,tmin,true_label,left-hand,right-hand
1,2.5,left-hand,0.5281,0.4719
1,2.5,right-hand,0.0818,0.9182
1,2.5,left-hand,0.0851,0.9149
1,2.5,right-hand,0.6458,0.3542
1,2.5,left-hand,0.6667,0.3333
1,2.5,right-hand,0.7032,0.2968
1,2.5,left-hand,0.3958,0.6042
1,2.5,right-hand,0.6097,0.3903
1,2.5,left-hand,0.0362,0.9638
1,2.5,left-hand,0.8697,0.1303
1,2.5,left-hand,0.7697,0.2303
1,2.5,right-hand,0.3365,0.6635
1,2.5,left-hand,0.8789,0.1211
1,2.5,right-hand,0.8024,0.1976
1,2.5,right-hand,0.4752,0.5248
1,2.5,left-hand,0.8385,0.1615
1,2.5,left-hand,0.5421,0.4579
1,2.5,right-hand,0.7968,0.2032
1,2.5,right-hand,0.8817,0.1183
1,2.5,right-hand,0.9037,0.0963
1,2.5,right-hand,0.9615,0.0385
1,2.5,left-hand,0.7988,0.2012
1,2.5,left-hand,0.9091,0.0909
1,2.5,left-hand,0.573,0.427
1,2.5,left-hand,0.9887,0.0113
1,2.5,left-hand,0.2734,0.7266
1,2.5,right-hand,0.5588,0.4412
1,2.5,right-hand,0.7452,0.2548
1,2.5,left-hand,0.7436,0.2564
1,2.5,left-hand,0.6491,0.3509
1,2.5,right-hand,0.4013,0.5987
1,2.5,right-hand,0.555,0.445
1,2.5,right-hand,0.6748,0.3252
1,2.5,right-hand,0.9794,0.0206
1,2.5,left-hand,0.3106,0.6894
1,2.5,right-hand,0.287,0.713
1,2.5,left-hand,0.0627,0.9373
1,2.5,right-hand,0.966,0.034
1,2.5,left-hand,0.5206,0.4794
1,2.5,left-hand,0.641,0.359
1,2.5,right-hand,0.5477,0.4523
1,2.5,left-hand,0.8395,0.1605
1,2.5,left-hand,0.4533,0.5467
1,2.5,right-hand,0.7955,0.2045
1,2.5,left-hand,0.9343,0.0657
1,2.5,left-hand,0.0628,0.9372
1,2.5,right-hand,0.2854,0.7146
1,2.5,right-hand,0.3891,0.6109
1,2.5,right-hand,0.6219,0.3781
1,2.5,left-hand,0.6678,0.3322
1,2.5,right-hand,0.6838,0.3162
1,2.5,right-hand,0.6638,0.3362
1,2.5,left-hand,0.3041,0.6959
1,2.5,right-hand,0.0444,0.9556
1,2.5,right-hand,0.1244,0.8756
1,2.5,right-hand,0.4132,0.5868
1,2.5,left-hand,0.6284,0.3716
1,2.5,left-hand,0.851,0.149
2,2.5,right-hand,0.3256,0.6744
2,2.5,left-hand,0.3396,0.6604
2,2.5,right-hand,0.069,0.931
2,2.5,left-hand,0.9516,0.0484
2,2.5,right-hand,0.2959,0.7041
2,2.5,right-hand,0.4159,0.5841
2,2.5,right-hand,0.3166,0.6834
2,2.5,right-hand,0.64,0.36
2,2.5,right-hand,0.3447,0.6553
2,2.5,left-hand,0.8793,0.1207
2,2.5,left-hand,0.2291,0.7709
2,2.5,right-hand,0.9225,0.0775
2,2.5,left-hand,0.2704,0.7296
2,2.5,left-hand,0.6572,0.3428
2,2.5,right-hand,0.8609,0.1391
2,2.5,left-hand,0.2543,0.7457
2,2.5,left-hand,0.6548,0.3452
2,2.5,right-hand,0.9366,0.0634
2,2.5,left-hand,0.3285,0.6715
2,2.5,right-hand,0.144,0.856
2,2.5,right-hand,0.924,0.076
2,2.5,left-hand,0.7668,0.2332
2,2.5,right-hand,0.0608,0.9392
2,2.5,left-hand,0.181,0.819
2,2.5,left-hand,0.9701,0.0299
2,2.5,right-hand,0.2932,0.7068
2,2.5,right-hand,0.3401,0.6599
2,2.5,left-hand,0.6462,0.3538
2,2.5,left-hand,0.284,0.716
2,2.5,right-hand,0.7573,0.2427
2,2.5,right-hand,0.4285,0.5715
2,2.5,left-hand,0.667,0.333
2,2.5,left-hand,0.7218,0.2782
2,2.5,left-hand,0.5523,0.4477
2,2.5,left-hand,0.4158,0.5842
2,2.5,right-hand,0.0239,0.9761
2,2.5,right-hand,0.918,0.082
2,2.5,right-hand,0.3815,0.6185
2,2.5,right-hand,0.2785,0.7215
2,2.5,left-hand,0.3082,0.6918
2,2.5,left-hand,0.8623,0.1377
2,2.5,left-hand,0.6395,0.3605
2,2.5,left-hand,0.1975,0.8025
2,2.5,left-hand,0.1622,0.8378
2,2.5,right-hand,0.9002,0.0998
2,2.5,right-hand,0.6105,0.3895
2,2.5,left-hand,0.3458,0.6542
2,2.5,right-hand,0.673,0.327
2,2.5,left-hand,0.2618,0.7382
2,2.5,right-hand,0.7778,0.2222
2,2.5,left-hand,0.9068,0.0932
2,2.5,left-hand,0.3898,0.6102
2,2.5,left-hand,0.8686,0.1314
2,2.5,right-hand,0.6126,0.3874
2,2.5,left-hand,0.7158,0.2842
2,2.5,right-hand,0.5467,0.4533
2,2.5,right-hand,0.3391,0.6609
2,2.5,right-hand,0.6088,0.3912
3,2.5,right-hand,0.6896,0.3104
3,2.5,left-hand,0.0824,0.9176
3,2.5,left-hand,0.3977,0.6023
3,2.5,left-hand,0.0345,0.9655
3,2.5,left-hand,0.3417,0.6583
3,2.5,right-hand,0.0259,0.9741
3,2.5,right-hand,0.6472,0.3528
3,2.5,left-hand,0.4561,0.5439
3,2.5,right-hand,0.1135,0.8865
3,2.5,left-hand,0.8578,0.1422
3,2.5,left-hand,0.7696,0.2304
3,2.5,right-hand,0.5665,0.4335
3,2.5,right-hand,0.2027,0.7973
3,2.5,right-hand,0.5858,0.4142
3,2.5,right-hand,0.2311,0.7689
3,2.5,left-hand,0.3494,0.6506
3,2.5,left-hand,0.0652,0.9348
3,2.5,right-hand,0.5908,0.4092
3,2.5,left-hand,0.4413,0.5587
3,2.5,right-hand,0.7694,0.2306
3,2.5,left-hand,0.3467,0.6533
3,2.5,right-hand,0.1687,0.8313
3,2.5,right-hand,0.1463,0.8537
3,2.5,left-hand,0.1664,0.8336
3,2.5,left-hand,0.2175,0.7825
3,2.5,right-hand,0.5034,0.4966
3,2.5,left-hand,0.3901,0.6099
3,2.5,right-hand,0.3882,0.6118
3,2.5,right-hand,0.5621,0.4379
3,2.5,left-hand,0.5415,0.4585
3,2.5,left-hand,0.3026,0.6974
3,2.5,left-hand,0.357,0.643
3,2.5,right-hand,0.6217,0.3783
3,2.5,left-hand,0.4262,0.5738
3,2.5,left-hand,0.1933,0.8067
3,2.5,right-hand,0.8287,0.1713
3,2.5,left-hand,0.8454,0.1546
3,2.5,right-hand,0.9158,0.0842
3,2.5,left-hand,0.0954,0.9046
3,2.5,right-hand,0.6466,0.3534
3,2.5,right-hand,0.5433,0.4567
3,2.5,right-hand,0.8781,0.1219
3,2.5,left-hand,0.1731,0.8269
3,2.5,right-hand,0.4743,0.5257
3,2.5,left-hand,0.9101,0.0899
3,2.5,right-hand,0.4091,0.5909
3,2.5,left-hand,0.2842,0.7158
3,2.5,right-hand,0.3603,0.6397
3,2.5,left-hand,0.9403,0.0597
3,2.5,left-hand,0.7464,0.2536
3,2.5,right-hand,0.4419,0.5581
3,2.5,left-hand,0.7261,0.2739
3,2.5,right-hand,0.573,0.427
3,2.5,right-hand,0.9229,0.0771
3,2.5,right-hand,0.8724,0.1276
3,2.5,right-hand,0.1444,0.8556
3,2.5,left-hand,0.134,0.866
3,2.5,left-hand,0.084,0.916
4,2.5,left-hand,0.1195,0.8805
4,2.5,right-hand,0.6913,0.3087
4,2.5,right-hand,0.064,0.936
4,2.5,left-hand,0.9391,0.0609
4,2.5,left-hand,0.3372,0.6628
4,2.5,right-hand,0.4621,0.5379
4,2.5,left-hand,0.1615,0.8385
4,2.5,right-hand,0.8435,0.1565
4,2.5,left-hand,0.3689,0.6311
4,2.5,right-hand,0.6126,0.3874
4,2.5,left-hand,0.5361,0.4639
4,2.5,right-hand,0.8563,0.1437
4,2.5,left-hand,0.7912,0.2088
4,2.5,left-hand,0.732,0.268
4,2.5,left-hand,0.9311,0.0689
4,2.5,right-hand,0.5765,0.4235
4,2.5,right-hand,0.1698,0.8302
4,2.5,left-hand,0.1934,0.8066
4,2.5,left-hand,0.5671,0.4329
4,2.5,right-hand,0.6552,0.3448
4,2.5,left-hand,0.8219,0.1781
4,2.5,right-hand,0.0606,0.9394
4,2.5,right-hand,0.2489,0.7511
4,2.5,right-hand,0.2594,0.7406
4,2.5,right-hand,0.6004,0.3996
4,2.5,left-hand,0.0784,0.9216
4,2.5,right-hand,0.2155,0.7845
4,2.5,left-hand,0.154,0.846
4,2.5,right-hand,0.1674,0.8326
4,2.5,left-hand,0.7481,0.2519
4,2.5,left-hand,0.4586,0.5414
4,2.5,right-hand,0.4616,0.5384
4,2.5,right-hand,0.4152,0.5848
4,2.5,right-hand,0.0777,0.9223
4,2.5,left-hand,0.8469,0.1531
4,2.5,left-hand,0.3169,0.6831
4,2.5,right-hand,0.289,0.711
4,2.5,left-hand,0.3783,0.6217
4,2.5,right-hand,0.8686,0.1314
4,2.5,right-hand,0.2957,0.7043
4,2.5,right-hand,0.5042,0.4958
4,2.5,right-hand,0.6631,0.3369
4,2.5,left-hand,0.2796,0.7204
4,2.5,left-hand,0.0504,0.9496
4,2.5,right-hand,0.0507,0.9493
4,2.5,left-hand,0.2647,0.7353
4,2.5,right-hand,0.1569,0.8431
4,2.5,left-hand,0.8359,0.1641
4,2.5,left-hand,0.8168,0.1832
4,2.5,left-hand,0.9445,0.0555
4,2.5,left-hand,0.6841,0.3159
4,2.5,right-hand,0.0752,0.9248
4,2.5,right-hand,0.6494,0.3506
4,2.5,right-hand,0.2267,0.7733
4,2.5,left-hand,0.5698,0.4302
4,2.5,left-hand,0.6823,0.3177
4,2.5,left-hand,0.3225,0.6775
5,2.5,left-hand,0.4726,0.5274
5,2.5,right-hand,0.3615,0.6385
5,2.5,right-hand,0.6949,0.3051
5,2.5,right-hand,0.3053,0.6947
5,2.5,left-hand,0.3862,0.6138
5,2.5,left-hand,0.668,0.332
5,2.5,left-hand,0.1738,0.8262
5,2.5,left-hand,0.4916,0.5084
5,2.5,left-hand,0.2085,0.7915
5,2.5,right-hand,0.4988,0.5012
5,2.5,right-hand,0.7832,0.2168
5,2.5,right-hand,0.3995,0.6005
5,2.5,left-hand,0.7838,0.2162
5,2.5,right-hand,0.5044,0.4956
5,2.5,left-hand,0.8988,0.1012
5,2.5,right-hand,0.9083,0.0917
5,2.5,right-hand,0.6108,0.3892
5,2.5,right-hand,0.5993,0.4007
5,2.5,right-hand,0.1519,0.8481
5,2.5,right-hand,0.1947,0.8053
5,2.5,left-hand,0.2417,0.7583
5,2.5,right-hand,0.548,0.452
5,2.5,right-hand,0.6292,0.3708
5,2.5,left-hand,0.9471,0.0529
5,2.5,left-hand,0.3941,0.6059
5,2.5,left-hand,0.5323,0.4677
5,2.5,left-hand,0.8789,0.1211
5,2.5,left-hand,0.9053,0.0947
5,2.5,right-hand,0.6949,0.3051
5,2.5,left-hand,0.9266,0.0734
5,2.5,right-hand,0.0433,0.9567
5,2.5,right-hand,0.5219,0.4781
5,2.5,left-hand,0.1305,0.8695
5,2.5,left-hand,0.2602,0.7398
5,2.5,left-hand,0.5299,0.4701
5,2.5,right-hand,0.4456,0.5544
5,2.5,left-hand,0.6424,0.3576
5,2.5,right-hand,0.4769,0.5231
5,2.5,right-hand,0.7304,0.2696
5,2.5,left-hand,0.5037,0.4963
5,2.5,right-hand,0.3835,0.6165
5,2.5,right-hand,0.4709,0.5291
5,2.5,left-hand,0.626,0.374
5,2.5,right-hand,0.7373,0.2627
5,2.5,right-hand,0.6949,0.3051
5,2.5,left-hand,0.1329,0.8671
5,2.5,left-hand,0.7727,0.2273
5,2.5,left-hand,0.5122,0.4878
5,2.5,left-hand,0.1807,0.8193
5,2.5,right-hand,0.7823,0.2177
5,2.5,right-hand,0.5078,0.4922
5,2.5,left-hand,0.8122,0.1878
5,2.5,right-hand,0.9178,0.0822
5,2.5,right-hand,0.3941,0.6059
5,2.5,left-hand,0.6324,0.3676
5,2.5,left-hand,0.1285,0.8715
5,2.5,right-hand,0.0822,0.9178
