fold,tmin,true_label,left-hand,right-hand
1,2.5,left-hand,0.9858,0.0142
1,2.5,right-hand,0.1792,0.8208
1,2.5,left-hand,0.9938,0.0062
1,2.5,right-hand,0.9572,0.0428
1,2.5,left-hand,0.6857,0.3143
1,2.5,right-hand,0.9641,0.0359
1,2.5,left-hand,0.8583,0.1417
1,2.5,right-hand,0.1484,0.8516
1,2.5,left-hand,0.9887,0.0113
1,2.5,left-hand,0.9368,0.0632
1,2.5,left-hand,0.3585,0.6415
1,2.5,right-hand,0.6195,0.3805
1,2.5,left-hand,0.9205,0.0795
1,2.5,right-hand,0.2731,0.7269
1,2.5,right-hand,0.3873,0.6127
1,2.5,left-hand,0.9592,0.0408
1,2.5,left-hand,0.9791,0.0209
1,2.5,right-hand,0.4209,0.5791
1,2.5,right-hand,0.3392,0.6608
1,2.5,right-hand,0.7057,0.2943
1,2.5,right-hand,0.7227,0.2773
1,2.5,left-hand,0.9789,0.0211
1,2.5,left-hand,0.5584,0.4416
1,2.5,left-hand,0.9327,0.0673
1,2.5,left-hand,0.5373,0.4627
1,2.5,left-hand,0.4935,0.5065
1,2.5,right-hand,0.0181,0.9819
1,2.5,right-hand,0.0054,0.9946
1,2.5,left-hand,0.7263,0.2737
1,2.5,left-hand,0.9272,0.0728
1,2.5,right-hand,0.1452,0.8548
1,2.5,right-hand,0.5064,0.4936
1,2.5,right-hand,0.5605,0.4395
1,2.5,right-hand,0.3439,0.6561
1,2.5,left-hand,0.5394,0.4606
1,2.5,right-hand,0.3084,0.6916
1,2.5,left-hand,0.6226,0.3774
1,2.5,right-hand,0.0217,0.9783
1,2.5,left-hand,0.385,0.615
1,2.5,left-hand,0.9903,0.0097
1,2.5,right-hand,0.9364,0.0636
1,2.5,left-hand,0.872,0.128
1,2.5,left-hand,0.8019,0.1981
1,2.5,right-hand,0.1705,0.8295
1,2.5,left-hand,0.8114,0.1886
1,2.5,left-hand,0.9521,0.0479
1,2.5,right-hand,0.1242,0.8758
1,2.5,right-hand,0.1446,0.8554
1,2.5,right-hand,0.0022,0.9978
1,2.5,left-hand,0.9648,0.0352
1,2.5,right-hand,0.3867,0.6133
1,2.5,right-hand,0.0025,0.9975
1,2.5,left-hand,0.415,0.585
1,2.5,right-hand,0.2937,0.7063
1,2.5,right-hand,0.0612,0.9388
1,2.5,right-hand,0.0005,0.9995
1,2.5,left-hand,0.9748,0.0252
1,2.5,left-hand,0.9296,0.0704
2,2.5,right-hand,0.3818,0.6182
2,2.5,left-hand,0.3672,0.6328
2,2.5,right-hand,0.031,0.969
2,2.5,left-hand,0.9392,0.0608
2,2.5,right-hand,0.5422,0.4578
2,2.5,right-hand,0.712,0.288
2,2.5,right-hand,0.4609,0.5391
2,2.5,right-hand,0.239,0.761
2,2.5,right-hand,0.0354,0.9646
2,2.5,left-hand,0.5633,0.4367
2,2.5,left-hand,0.6535,0.3465
2,2.5,right-hand,0.8215,0.1785
2,2.5,left-hand,0.7314,0.2686
2,2.5,left-hand,0.8159,0.1841
2,2.5,right-hand,0.1391,0.8609
2,2.5,left-hand,0.8823,0.1177
2,2.5,left-hand,0.9482,0.0518
2,2.5,right-hand,0.1567,0.8433
2,2.5,left-hand,0.7955,0.2045
2,2.5,right-hand,0.6014,0.3986
2,2.5,right-hand,0.0802,0.9198
2,2.5,left-hand,0.8014,0.1986
2,2.5,right-hand,0.1811,0.8189
2,2.5,left-hand,0.6104,0.3896
2,2.5,left-hand,0.9587,0.0413
2,2.5,right-hand,0.3795,0.6205
2,2.5,right-hand,0.6091,0.3909
2,2.5,left-hand,0.8662,0.1338
2,2.5,left-hand,0.5218,0.4782
2,2.5,right-hand,0.6014,0.3986
2,2.5,right-hand,0.1446,0.8554
2,2.5,left-hand,0.8684,0.1316
2,2.5,left-hand,0.8871,0.1129
2,2.5,left-hand,0.1002,0.8998
2,2.5,left-hand,0.5292,0.4708
2,2.5,right-hand,0.1241,0.8759
2,2.5,right-hand,0.0739,0.9261
2,2.5,right-hand,0.0417,0.9583
2,2.5,right-hand,0.0699,0.9301
2,2.5,left-hand,0.9878,0.0122
2,2.5,left-hand,0.9954,0.0046
2,2.5,left-hand,0.5881,0.4119
2,2.5,left-hand,0.9354,0.0646
2,2.5,left-hand,0.7984,0.2016
2,2.5,right-hand,0.0845,0.9155
2,2.5,right-hand,0.7537,0.2463
2,2.5,left-hand,0.8545,0.1455
2,2.5,right-hand,0.4828,0.5172
2,2.5,left-hand,0.4552,0.5448
2,2.5,right-hand,0.5046,0.4954
2,2.5,left-hand,0.4019,0.5981
2,2.5,left-hand,0.7219,0.2781
2,2.5,left-hand,0.6727,0.3273
2,2.5,right-hand,0.0441,0.9559
2,2.5,left-hand,0.8263,0.1737
2,2.5,right-hand,0.106,0.894
2,2.5,right-hand,0.0063,0.9937
2,2.5,right-hand,0.0015,0.9985
3,2.5,right-hand,0.8411,0.1589
3,2.5,left-hand,0.1859,0.8141
3,2.5,left-hand,0.2912,0.7088
3,2.5,left-hand,0.8129,0.1871
3,2.5,left-hand,0.9083,0.0917
3,2.5,right-hand,0.0048,0.9952
3,2.5,right-hand,0.6631,0.3369
3,2.5,left-hand,0.8944,0.1056
3,2.5,right-hand,0.4294,0.5706
3,2.5,left-hand,0.9639,0.0361
3,2.5,left-hand,0.8356,0.1644
3,2.5,right-hand,0.1089,0.8911
3,2.5,right-hand,0.1019,0.8981
3,2.5,right-hand,0.3154,0.6846
3,2.5,right-hand,0.1124,0.8876
3,2.5,left-hand,0.9955,0.0045
3,2.5,left-hand,0.8263,0.1737
3,2.5,right-hand,0.7095,0.2905
3,2.5,left-hand,0.8417,0.1583
3,2.5,right-hand,0.3631,0.6369
3,2.5,left-hand,0.6097,0.3903
3,2.5,right-hand,0.2239,0.7761
3,2.5,right-hand,0.1349,0.8651
3,2.5,left-hand,0.8052,0.1948
3,2.5,left-hand,0.71,0.29
3,2.5,right-hand,0.289,0.711
3,2.5,left-hand,0.7669,0.2331
3,2.5,right-hand,0.6813,0.3187
3,2.5,right-hand,0.1366,0.8634
3,2.5,left-hand,0.6624,0.3376
3,2.5,left-hand,0.5072,0.4928
3,2.5,left-hand,0.6348,0.3652
3,2.5,right-hand,0.2546,0.7454
3,2.5,left-hand,0.3694,0.6306
3,2.5,left-hand,0.3327,0.6673
3,2.5,right-hand,0.151,0.849
3,2.5,left-hand,0.9746,0.0254
3,2.5,right-hand,0.3015,0.6985
3,2.5,left-hand,0.5664,0.4336
3,2.5,right-hand,0.725,0.275
3,2.5,right-hand,0.3303,0.6697
3,2.5,right-hand,0.5193,0.4807
3,2.5,left-hand,0.3962,0.6038
3,2.5,right-hand,0.083,0.917
3,2.5,left-hand,0.6709,0.3291
3,2.5,right-hand,0.2107,0.7893
3,2.5,left-hand,0.7038,0.2962
3,2.5,right-hand,0.2459,0.7541
3,2.5,left-hand,0.5172,0.4828
3,2.5,left-hand,0.6025,0.3975
3,2.5,right-hand,0.5942,0.4058
3,2.5,left-hand,0.9438,0.0562
3,2.5,right-hand,0.1301,0.8699
3,2.5,right-hand,0.3891,0.6109
3,2.5,right-hand,0.0247,0.9753
3,2.5,right-hand,0.0064,0.9936
3,2.5,left-hand,0.994,0.006
3,2.5,left-hand,0.219,0.781
4,2.5,left-hand,0.898,0.102
4,2.5,right-hand,0.2671,0.7329
4,2.5,right-hand,0.9325,0.0675
4,2.5,left-hand,0.4298,0.5702
4,2.5,left-hand,0.2463,0.7537
4,2.5,right-hand,0.5055,0.4945
4,2.5,left-hand,0.3429,0.6571
4,2.5,right-hand,0.0383,0.9617
4,2.5,left-hand,0.9682,0.0318
4,2.5,right-hand,0.8269,0.1731
4,2.5,left-hand,0.9233,0.0767
4,2.5,right-hand,0.3427,0.6573
4,2.5,left-hand,0.6154,0.3846
4,2.5,left-hand,0.9797,0.0203
4,2.5,left-hand,0.9671,0.0329
4,2.5,right-hand,0.0539,0.9461
4,2.5,right-hand,0.7815,0.2185
4,2.5,left-hand,0.3186,0.6814
4,2.5,left-hand,0.6945,0.3055
4,2.5,right-hand,0.0307,0.9693
4,2.5,left-hand,0.9623,0.0377
4,2.5,right-hand,0.7082,0.2918
4,2.5,right-hand,0.3859,0.6141
4,2.5,right-hand,0.8933,0.1067
4,2.5,right-hand,0.0512,0.9488
4,2.5,left-hand,0.3876,0.6124
4,2.5,right-hand,0.5595,0.4405
4,2.5,left-hand,0.4677,0.5323
4,2.5,right-hand,0.0943,0.9057
4,2.5,left-hand,0.518,0.482
4,2.5,left-hand,0.9239,0.0761
4,2.5,right-hand,0.0032,0.9968
4,2.5,right-hand,0.6056,0.3944
4,2.5,right-hand,0.0732,0.9268
4,2.5,left-hand,0.6752,0.3248
4,2.5,left-hand,0.3313,0.6687
4,2.5,right-hand,0.1088,0.8912
4,2.5,left-hand,0.7302,0.2698
4,2.5,right-hand,0.0984,0.9016
4,2.5,right-hand,0.1795,0.8205
4,2.5,right-hand,0.0818,0.9182
4,2.5,right-hand,0.2489,0.7511
4,2.5,left-hand,0.4511,0.5489
4,2.5,left-hand,0.9072,0.0928
4,2.5,right-hand,0.2545,0.7455
4,2.5,left-hand,0.4688,0.5312
4,2.5,right-hand,0.011,0.989
4,2.5,left-hand,0.6852,0.3148
4,2.5,left-hand,0.7453,0.2547
4,2.5,left-hand,0.8102,0.1898
4,2.5,left-hand,0.9577,0.0423
4,2.5,right-hand,0.726,0.274
4,2.5,right-hand,0.1351,0.8649
4,2.5,right-hand,0.0545,0.9455
4,2.5,left-hand,0.9985,0.0015
4,2.5,left-hand,0.9499,0.0501
4,2.5,left-hand,0.4594,0.5406
5,2.5,left-hand,0.4777,0.5223
5,2.5,right-hand,0.9811,0.0189
5,2.5,right-hand,0.3498,0.6502
5,2.5,right-hand,0.2594,0.7406
5,2.5,left-hand,0.9998,0.0002
5,2.5,left-hand,0.4753,0.5247
5,2.5,left-hand,0.9489,0.0511
5,2.5,left-hand,0.8395,0.1605
5,2.5,left-hand,0.6879,0.3121
5,2.5,right-hand,0.8217,0.1783
5,2.5,right-hand,0.1997,0.8003
5,2.5,right-hand,0.073,0.927
5,2.5,left-hand,0.727,0.273
5,2.5,right-hand,0.2525,0.7475
5,2.5,left-hand,0.8928,0.1072
5,2.5,right-hand,0.4424,0.5576
5,2.5,right-hand,0.021,0.979
5,2.5,right-hand,0.9675,0.0325
5,2.5,right-hand,0.0439,0.9561
5,2.5,right-hand,0.0376,0.9624
5,2.5,left-hand,0.7236,0.2764
5,2.5,right-hand,0.1635,0.8365
5,2.5,right-hand,0.2355,0.7645
5,2.5,left-hand,0.529,0.471
5,2.5,left-hand,0.8136,0.1864
5,2.5,left-hand,0.9526,0.0474
5,2.5,left-hand,0.9739,0.0261
5,2.5,left-hand,0.4443,0.5557
5,2.5,right-hand,0.7184,0.2816
5,2.5,left-hand,0.1112,0.8888
5,2.5,right-hand,0.0251,0.9749
5,2.5,right-hand,0.0039,0.9961
5,2.5,left-hand,0.9239,0.0761
5,2.5,left-hand,0.6592,0.3408
5,2.5,left-hand,0.248,0.752
5,2.5,right-hand,0.178,0.822
5,2.5,left-hand,0.8816,0.1184
5,2.5,right-hand,0.2084,0.7916
5,2.5,right-hand,0.8273,0.1727
5,2.5,left-hand,0.9118,0.0882
5,2.5,right-hand,0.5429,0.4571
5,2.5,right-hand,0.1618,0.8382
5,2.5,left-hand,0.99,0.01
5,2.5,right-hand,0.0759,0.9241
5,2.5,right-hand,0.7756,0.2244
5,2.5,left-hand,0.9954,0.0046
5,2.5,left-hand,0.9223,0.0777
5,2.5,left-hand,0.5341,0.4659
5,2.5,left-hand,0.2347,0.7653
5,2.5,right-hand,0.0431,0.9569
5,2.5,right-hand,0.3999,0.6001
5,2.5,left-hand,0.8941,0.1059
5,2.5,right-hand,0.0549,0.9451
5,2.5,right-hand,0.0467,0.9533
5,2.5,left-hand,0.0265,0.9735
5,2.5,left-hand,0.0567,0.9433
5,2.5,right-hand,0.006,0.994
