fold,tmin,true_label,left-hand,right-hand
1,2.5,left-hand,0.6092,0.3908
1,2.5,right-hand,0.9716,0.0284
1,2.5,left-hand,0.6167,0.3833
1,2.5,right-hand,0.3324,0.6676
1,2.5,left-hand,0.1258,0.8742
1,2.5,right-hand,0.3963,0.6037
1,2.5,left-hand,0.2369,0.7631
1,2.5,right-hand,0.0775,0.9225
1,2.5,left-hand,0.4535,0.5465
1,2.5,left-hand,0.6483,0.3517
1,2.5,left-hand,0.6634,0.3366
1,2.5,right-hand,0.3316,0.6684
1,2.5,left-hand,0.8979,0.1021
1,2.5,right-hand,0.4894,0.5106
1,2.5,right-hand,0.4724,0.5276
1,2.5,left-hand,0.2382,0.7618
1,2.5,left-hand,0.9849,0.0151
1,2.5,right-hand,0.2392,0.7608
1,2.5,right-hand,0.3689,0.6311
1,2.5,right-hand,0.1851,0.8149
1,2.5,right-hand,0.3071,0.6929
1,2.5,left-hand,0.8792,0.1208
1,2.5,left-hand,0.872,0.128
1,2.5,left-hand,0.8738,0.1262
1,2.5,left-hand,0.0136,0.9864
1,2.5,left-hand,0.3668,0.6332
1,2.5,right-hand,0.1491,0.8509
1,2.5,right-hand,0.1853,0.8147
1,2.5,left-hand,0.1859,0.8141
1,2.5,left-hand,0.485,0.515
1,2.5,right-hand,0.6299,0.3701
1,2.5,right-hand,0.7324,0.2676
1,2.5,right-hand,0.9016,0.0984
1,2.5,right-hand,0.6762,0.3238
1,2.5,left-hand,0.1335,0.8665
1,2.5,right-hand,0.7877,0.2123
1,2.5,left-hand,0.3873,0.6127
1,2.5,right-hand,0.4702,0.5298
1,2.5,left-hand,0.9788,0.0212
1,2.5,left-hand,0.2276,0.7724
1,2.5,right-hand,0.6724,0.3276
1,2.5,left-hand,0.8116,0.1884
1,2.5,left-hand,0.0512,0.9488
1,2.5,right-hand,0.4303,0.5697
1,2.5,left-hand,0.0157,0.9843
1,2.5,left-hand,0.5624,0.4376
1,2.5,right-hand,0.2209,0.7791
1,2.5,right-hand,0.4593,0.5407
1,2.5,right-hand,0.6934,0.3066
1,2.5,left-hand,0.2865,0.7135
1,2.5,right-hand,0.0605,0.9395
1,2.5,right-hand,0.0982,0.9018
1,2.5,left-hand,0.0662,0.9338
1,2.5,right-hand,0.3937,0.6063
1,2.5,right-hand,0.3967,0.6033
1,2.5,right-hand,0.2111,0.7889
1,2.5,left-hand,0.1609,0.8391
1,2.5,left-hand,0.0402,0.9598
2,2.5,right-hand,0.5678,0.4322
2,2.5,left-hand,0.4605,0.5395
2,2.5,right-hand,0.2217,0.7783
2,2.5,left-hand,0.2457,0.7543
2,2.5,right-hand,0.4963,0.5037
2,2.5,right-hand,0.9474,0.0526
2,2.5,right-hand,0.1431,0.8569
2,2.5,right-hand,0.2673,0.7327
2,2.5,right-hand,0.8845,0.1155
2,2.5,left-hand,0.5339,0.4661
2,2.5,left-hand,0.3935,0.6065
2,2.5,right-hand,0.9038,0.0962
2,2.5,left-hand,0.1086,0.8914
2,2.5,left-hand,0.97,0.03
2,2.5,right-hand,0.3879,0.6121
2,2.5,left-hand,0.2652,0.7348
2,2.5,left-hand,0.6905,0.3095
2,2.5,right-hand,0.7219,0.2781
2,2.5,left-hand,0.5937,0.4063
2,2.5,right-hand,0.7343,0.2657
2,2.5,right-hand,0.8421,0.1579
2,2.5,left-hand,0.625,0.375
2,2.5,right-hand,0.1129,0.8871
2,2.5,left-hand,0.6821,0.3179
2,2.5,left-hand,0.0708,0.9292
2,2.5,right-hand,0.1151,0.8849
2,2.5,right-hand,0.2254,0.7746
2,2.5,left-hand,0.407,0.593
2,2.5,left-hand,0.9372,0.0628
2,2.5,right-hand,0.7619,0.2381
2,2.5,right-hand,0.6166,0.3834
2,2.5,left-hand,0.2509,0.7491
2,2.5,left-hand,0.5548,0.4452
2,2.5,left-hand,0.2082,0.7918
2,2.5,left-hand,0.7877,0.2123
2,2.5,right-hand,0.2024,0.7976
2,2.5,right-hand,0.163,0.837
2,2.5,right-hand,0.2502,0.7498
2,2.5,right-hand,0.8763,0.1237
2,2.5,left-hand,0.4854,0.5146
2,2.5,left-hand,0.3404,0.6596
2,2.5,left-hand,0.1068,0.8932
2,2.5,left-hand,0.8552,0.1448
2,2.5,left-hand,0.3098,0.6902
2,2.5,right-hand,0.3336,0.6664
2,2.5,right-hand,0.8728,0.1272
2,2.5,left-hand,0.5759,0.4241
2,2.5,right-hand,0.2438,0.7562
2,2.5,left-hand,0.506,0.494
2,2.5,right-hand,0.4809,0.5191
2,2.5,left-hand,0.4018,0.5982
2,2.5,left-hand,0.7094,0.2906
2,2.5,left-hand,0.1458,0.8542
2,2.5,right-hand,0.6973,0.3027
2,2.5,left-hand,0.7114,0.2886
2,2.5,right-hand,0.5555,0.4445
2,2.5,right-hand,0.8374,0.1626
2,2.5,right-hand,0.774,0.226
3,2.5,right-hand,0.3734,0.6266
3,2.5,left-hand,0.5641,0.4359
3,2.5,left-hand,0.5452,0.4548
3,2.5,left-hand,0.1613,0.8387
3,2.5,left-hand,0.0485,0.9515
3,2.5,right-hand,0.236,0.764
3,2.5,right-hand,0.3447,0.6553
3,2.5,left-hand,0.1887,0.8113
3,2.5,right-hand,0.0193,0.9807
3,2.5,left-hand,0.3405,0.6595
3,2.5,left-hand,0.3294,0.6706
3,2.5,right-hand,0.3419,0.6581
3,2.5,right-hand,0.191,0.809
3,2.5,right-hand,0.7402,0.2598
3,2.5,right-hand,0.2556,0.7444
3,2.5,left-hand,0.616,0.384
3,2.5,left-hand,0.5787,0.4213
3,2.5,right-hand,0.958,0.042
3,2.5,left-hand,0.5488,0.4512
3,2.5,right-hand,0.4076,0.5924
3,2.5,left-hand,0.7189,0.2811
3,2.5,right-hand,0.1596,0.8404
3,2.5,right-hand,0.4357,0.5643
3,2.5,left-hand,0.9226,0.0774
3,2.5,left-hand,0.907,0.093
3,2.5,right-hand,0.5524,0.4476
3,2.5,left-hand,0.6222,0.3778
3,2.5,right-hand,0.4402,0.5598
3,2.5,right-hand,0.7802,0.2198
3,2.5,left-hand,0.5603,0.4397
3,2.5,left-hand,0.5227,0.4773
3,2.5,left-hand,0.7001,0.2999
3,2.5,right-hand,0.3459,0.6541
3,2.5,left-hand,0.7292,0.2708
3,2.5,left-hand,0.7744,0.2256
3,2.5,right-hand,0.316,0.684
3,2.5,left-hand,0.2695,0.7305
3,2.5,right-hand,0.8144,0.1856
3,2.5,left-hand,0.2321,0.7679
3,2.5,right-hand,0.0204,0.9796
3,2.5,right-hand,0.6442,0.3558
3,2.5,right-hand,0.7306,0.2694
3,2.5,left-hand,0.2167,0.7833
3,2.5,right-hand,0.7669,0.2331
3,2.5,left-hand,0.7468,0.2532
3,2.5,right-hand,0.9308,0.0692
3,2.5,left-hand,0.2221,0.7779
3,2.5,right-hand,0.2518,0.7482
3,2.5,left-hand,0.3809,0.6191
3,2.5,left-hand,0.8944,0.1056
3,2.5,right-hand,0.7737,0.2263
3,2.5,left-hand,0.2221,0.7779
3,2.5,right-hand,0.1019,0.8981
3,2.5,right-hand,0.2875,0.7125
3,2.5,right-hand,0.1979,0.8021
3,2.5,right-hand,0.7532,0.2468
3,2.5,left-hand,0.7508,0.2492
3,2.5,left-hand,0.831,0.169
4,2.5,left-hand,0.1451,0.8549
4,2.5,right-hand,0.6802,0.3198
4,2.5,right-hand,0.0341,0.9659
4,2.5,left-hand,0.5829,0.4171
4,2.5,left-hand,0.4647,0.5353
4,2.5,right-hand,0.3926,0.6074
4,2.5,left-hand,0.8593,0.1407
4,2.5,right-hand,0.5014,0.4986
4,2.5,left-hand,0.9508,0.0492
4,2.5,right-hand,0.3964,0.6036
4,2.5,left-hand,0.5371,0.4629
4,2.5,right-hand,0.2839,0.7161
4,2.5,left-hand,0.1777,0.8223
4,2.5,left-hand,0.1523,0.8477
4,2.5,left-hand,0.5994,0.4006
4,2.5,right-hand,0.346,0.654
4,2.5,right-hand,0.1775,0.8225
4,2.5,left-hand,0.7752,0.2248
4,2.5,left-hand,0.3712,0.6288
4,2.5,right-hand,0.4858,0.5142
4,2.5,left-hand,0.4096,0.5904
4,2.5,right-hand,0.8629,0.1371
4,2.5,right-hand,0.7832,0.2168
4,2.5,right-hand,0.2406,0.7594
4,2.5,right-hand,0.1084,0.8916
4,2.5,left-hand,0.0661,0.9339
4,2.5,right-hand,0.3792,0.6208
4,2.5,left-hand,0.9326,0.0674
4,2.5,right-hand,0.8337,0.1663
4,2.5,left-hand,0.6687,0.3313
4,2.5,left-hand,0.2063,0.7937
4,2.5,right-hand,0.0388,0.9612
4,2.5,right-hand,0.0652,0.9348
4,2.5,right-hand,0.5776,0.4224
4,2.5,left-hand,0.1949,0.8051
4,2.5,left-hand,0.5277,0.4723
4,2.5,right-hand,0.8984,0.1016
4,2.5,left-hand,0.0996,0.9004
4,2.5,right-hand,0.1697,0.8303
4,2.5,right-hand,0.5527,0.4473
4,2.5,right-hand,0.5953,0.4047
4,2.5,right-hand,0.0454,0.9546
4,2.5,left-hand,0.9568,0.0432
4,2.5,left-hand,0.4168,0.5832
4,2.5,right-hand,0.7103,0.2897
4,2.5,left-hand,0.1128,0.8872
4,2.5,right-hand,0.6225,0.3775
4,2.5,left-hand,0.3237,0.6763
4,2.5,left-hand,0.1373,0.8627
4,2.5,left-hand,0.3687,0.6313
4,2.5,left-hand,0.7583,0.2417
4,2.5,right-hand,0.5306,0.4694
4,2.5,right-hand,0.2019,0.7981
4,2.5,right-hand,0.6436,0.3564
4,2.5,left-hand,0.6549,0.3451
4,2.5,left-hand,0.6888,0.3112
4,2.5,left-hand,0.5926,0.4074
5,2.5,left-hand,0.4512,0.5488
5,2.5,right-hand,0.2484,0.7516
5,2.5,right-hand,0.598,0.402
5,2.5,right-hand,0.9719,0.0281
5,2.5,left-hand,0.8911,0.1089
5,2.5,left-hand,0.8918,0.1082
5,2.5,left-hand,0.7474,0.2526
5,2.5,left-hand,0.4604,0.5396
5,2.5,left-hand,0.4521,0.5479
5,2.5,right-hand,0.5994,0.4006
5,2.5,right-hand,0.9322,0.0678
5,2.5,right-hand,0.7702,0.2298
5,2.5,left-hand,0.8409,0.1591
5,2.5,right-hand,0.0846,0.9154
5,2.5,left-hand,0.2875,0.7125
5,2.5,right-hand,0.8564,0.1436
5,2.5,right-hand,0.096,0.904
5,2.5,right-hand,0.8402,0.1598
5,2.5,right-hand,0.1564,0.8436
5,2.5,right-hand,0.7632,0.2368
5,2.5,left-hand,0.8143,0.1857
5,2.5,right-hand,0.5324,0.4676
5,2.5,right-hand,0.4056,0.5944
5,2.5,left-hand,0.7357,0.2643
5,2.5,left-hand,0.0503,0.9497
5,2.5,left-hand,0.2455,0.7545
5,2.5,left-hand,0.6078,0.3922
5,2.5,left-hand,0.8383,0.1617
5,2.5,right-hand,0.5708,0.4292
5,2.5,left-hand,0.6151,0.3849
5,2.5,right-hand,0.7549,0.2451
5,2.5,right-hand,0.4738,0.5262
5,2.5,left-hand,0.0667,0.9333
5,2.5,left-hand,0.0609,0.9391
5,2.5,left-hand,0.4025,0.5975
5,2.5,right-hand,0.1356,0.8644
5,2.5,left-hand,0.9259,0.0741
5,2.5,right-hand,0.7171,0.2829
5,2.5,right-hand,0.0961,0.9039
5,2.5,left-hand,0.8233,0.1767
5,2.5,right-hand,0.8678,0.1322
5,2.5,right-hand,0.7708,0.2292
5,2.5,left-hand,0.2633,0.7367
5,2.5,right-hand,0.313,0.687
5,2.5,right-hand,0.374,0.626
5,2.5,left-hand,0.5248,0.4752
5,2.5,left-hand,0.1242,0.8758
5,2.5,left-hand,0.878,0.122
5,2.5,left-hand,0.972,0.028
5,2.5,right-hand,0.8389,0.1611
5,2.5,right-hand,0.6114,0.3886
5,2.5,left-hand,0.723,0.277
5,2.5,right-hand,0.9071,0.0929
5,2.5,right-hand,0.7553,0.2447
5,2.5,left-hand,0.6432,0.3568
5,2.5,left-hand,0.8684,0.1316
5,2.5,right-hand,0.7784,0.2216
