fold,tmin,true_label,left-hand,right-hand
1,2.5,right-hand,0.0911,0.9089
1,2.5,left-hand,0.0508,0.9492
1,2.5,left-hand,0.1549,0.8451
1,2.5,right-hand,0.024,0.976
1,2.5,right-hand,0.1295,0.8705
1,2.5,left-hand,0.289,0.711
1,2.5,left-hand,0.5967,0.4033
1,2.5,right-hand,0.1104,0.8896
1,2.5,right-hand,0.4344,0.5656
1,2.5,left-hand,0.2841,0.7159
1,2.5,left-hand,0.7904,0.2096
1,2.5,right-hand,0.2986,0.7014
1,2.5,right-hand,0.8483,0.1517
1,2.5,right-hand,0.2719,0.7281
1,2.5,left-hand,0.76,0.24
1,2.5,right-hand,0.1519,0.8481
1,2.5,right-hand,0.9006,0.0994
1,2.5,left-hand,0.3713,0.6287
1,2.5,left-hand,0.8031,0.1969
1,2.5,left-hand,0.4618,0.5382
1,2.5,right-hand,0.7498,0.2502
1,2.5,right-hand,0.4186,0.5814
1,2.5,left-hand,0.2544,0.7456
1,2.5,right-hand,0.7631,0.2369
1,2.5,right-hand,0.8464,0.1536
1,2.5,left-hand,0.1899,0.8101
1,2.5,right-hand,0.0388,0.9612
1,2.5,right-hand,0.2279,0.7721
1,2.5,right-hand,0.8057,0.1943
1,2.5,left-hand,0.1521,0.8479
1,2.5,left-hand,0.4106,0.5894
1,2.5,left-hand,0.0387,0.9613
1,2.5,left-hand,0.0799,0.9201
1,2.5,left-hand,0.5769,0.4231
1,2.5,right-hand,0.5815,0.4185
1,2.5,left-hand,0.831,0.169
1,2.5,left-hand,0.3887,0.6113
1,2.5,right-hand,0.4512,0.5488
1,2.5,left-hand,0.815,0.185
1,2.5,right-hand,0.2527,0.7473
1,2.5,right-hand,0.6496,0.3504
1,2.5,right-hand,0.8958,0.1042
1,2.5,left-hand,0.6654,0.3346
1,2.5,right-hand,0.0851,0.9149
1,2.5,left-hand,0.8024,0.1976
1,2.5,right-hand,0.3163,0.6837
1,2.5,left-hand,0.157,0.843
1,2.5,right-hand,0.3553,0.6447
1,2.5,left-hand,0.8983,0.1017
1,2.5,right-hand,0.551,0.449
1,2.5,left-hand,0.7389,0.2611
1,2.5,right-hand,0.3719,0.6281
1,2.5,left-hand,0.3738,0.6262
1,2.5,left-hand,0.8948,0.1052
1,2.5,right-hand,0.7394,0.2606
1,2.5,right-hand,0.1792,0.8208
1,2.5,left-hand,0.3176,0.6824
1,2.5,left-hand,0.5886,0.4114
2,2.5,left-hand,0.9217,0.0783
2,2.5,right-hand,0.1746,0.8254
2,2.5,left-hand,0.3906,0.6094
2,2.5,left-hand,0.7772,0.2228
2,2.5,left-hand,0.8439,0.1561
2,2.5,right-hand,0.7741,0.2259
2,2.5,left-hand,0.1939,0.8061
2,2.5,left-hand,0.4272,0.5728
2,2.5,left-hand,0.2635,0.7365
2,2.5,right-hand,0.9602,0.0398
2,2.5,left-hand,0.3989,0.6011
2,2.5,right-hand,0.5013,0.4987
2,2.5,right-hand,0.1103,0.8897
2,2.5,right-hand,0.2986,0.7014
2,2.5,left-hand,0.5793,0.4207
2,2.5,right-hand,0.0626,0.9374
2,2.5,right-hand,0.1143,0.8857
2,2.5,left-hand,0.1385,0.8615
2,2.5,left-hand,0.1609,0.8391
2,2.5,right-hand,0.0336,0.9664
2,2.5,right-hand,0.5484,0.4516
2,2.5,left-hand,0.1786,0.8214
2,2.5,left-hand,0.6029,0.3971
2,2.5,right-hand,0.7659,0.2341
2,2.5,right-hand,0.1926,0.8074
2,2.5,right-hand,0.0513,0.9487
2,2.5,left-hand,0.8125,0.1875
2,2.5,left-hand,0.772,0.228
2,2.5,right-hand,0.2681,0.7319
2,2.5,left-hand,0.7065,0.2935
2,2.5,right-hand,0.514,0.486
2,2.5,right-hand,0.0951,0.9049
2,2.5,left-hand,0.9089,0.0911
2,2.5,right-hand,0.0514,0.9486
2,2.5,left-hand,0.0531,0.9469
2,2.5,left-hand,0.4387,0.5613
2,2.5,right-hand,0.083,0.917
2,2.5,left-hand,0.5996,0.4004
2,2.5,left-hand,0.2001,0.7999
2,2.5,right-hand,0.065,0.935
2,2.5,right-hand,0.1692,0.8308
2,2.5,right-hand,0.2659,0.7341
2,2.5,right-hand,0.3822,0.6178
2,2.5,left-hand,0.8344,0.1656
2,2.5,right-hand,0.4481,0.5519
2,2.5,left-hand,0.7027,0.2973
2,2.5,right-hand,0.3351,0.6649
2,2.5,right-hand,0.197,0.803
2,2.5,left-hand,0.8013,0.1987
2,2.5,right-hand,0.1554,0.8446
2,2.5,left-hand,0.8338,0.1662
2,2.5,right-hand,0.5448,0.4552
2,2.5,right-hand,0.613,0.387
2,2.5,left-hand,0.6733,0.3267
2,2.5,left-hand,0.4904,0.5096
2,2.5,right-hand,0.6931,0.3069
2,2.5,left-hand,0.4694,0.5306
2,2.5,left-hand,0.4668,0.5332
3,2.5,right-hand,0.1165,0.8835
3,2.5,left-hand,0.4306,0.5694
3,2.5,right-hand,0.3838,0.6162
3,2.5,right-hand,0.7415,0.2585
3,2.5,right-hand,0.0782,0.9218
3,2.5,left-hand,0.5397,0.4603
3,2.5,left-hand,0.6689,0.3311
3,2.5,left-hand,0.5777,0.4223
3,2.5,right-hand,0.04,0.96
3,2.5,left-hand,0.8531,0.1469
3,2.5,right-hand,0.8374,0.1626
3,2.5,left-hand,0.6417,0.3583
3,2.5,right-hand,0.1017,0.8983
3,2.5,left-hand,0.428,0.572
3,2.5,left-hand,0.7964,0.2036
3,2.5,right-hand,0.6164,0.3836
3,2.5,right-hand,0.4169,0.5831
3,2.5,left-hand,0.4951,0.5049
3,2.5,left-hand,0.7565,0.2435
3,2.5,right-hand,0.6273,0.3727
3,2.5,right-hand,0.7213,0.2787
3,2.5,left-hand,0.7133,0.2867
3,2.5,right-hand,0.1035,0.8965
3,2.5,right-hand,0.0179,0.9821
3,2.5,left-hand,0.6548,0.3452
3,2.5,left-hand,0.2597,0.7403
3,2.5,right-hand,0.4554,0.5446
3,2.5,right-hand,0.3755,0.6245
3,2.5,left-hand,0.2941,0.7059
3,2.5,right-hand,0.4646,0.5354
3,2.5,left-hand,0.0342,0.9658
3,2.5,right-hand,0.3209,0.6791
3,2.5,left-hand,0.1476,0.8524
3,2.5,right-hand,0.2086,0.7914
3,2.5,left-hand,0.0417,0.9583
3,2.5,right-hand,0.5095,0.4905
3,2.5,right-hand,0.4287,0.5713
3,2.5,left-hand,0.8182,0.1818
3,2.5,right-hand,0.115,0.885
3,2.5,left-hand,0.1813,0.8187
3,2.5,left-hand,0.8088,0.1912
3,2.5,left-hand,0.7354,0.2646
3,2.5,right-hand,0.1191,0.8809
3,2.5,right-hand,0.477,0.523
3,2.5,left-hand,0.8261,0.1739
3,2.5,left-hand,0.762,0.238
3,2.5,right-hand,0.9292,0.0708
3,2.5,right-hand,0.1285,0.8715
3,2.5,left-hand,0.563,0.437
3,2.5,left-hand,0.17,0.83
3,2.5,right-hand,0.7033,0.2967
3,2.5,left-hand,0.1201,0.8799
3,2.5,right-hand,0.5247,0.4753
3,2.5,left-hand,0.1997,0.8003
3,2.5,left-hand,0.0654,0.9346
3,2.5,right-hand,0.5362,0.4638
3,2.5,left-hand,0.6478,0.3522
3,2.5,right-hand,0.3135,0.6865
4,2.5,right-hand,0.2337,0.7663
4,2.5,left-hand,0.4757,0.5243
4,2.5,left-hand,0.856,0.144
4,2.5,right-hand,0.6562,0.3438
4,2.5,right-hand,0.4072,0.5928
4,2.5,left-hand,0.1902,0.8098
4,2.5,left-hand,0.3501,0.6499
4,2.5,right-hand,0.5984,0.4016
4,2.5,right-hand,0.9475,0.0525
4,2.5,left-hand,0.9282,0.0718
4,2.5,right-hand,0.1829,0.8171
4,2.5,left-hand,0.6476,0.3524
4,2.5,right-hand,0.6655,0.3345
4,2.5,right-hand,0.6655,0.3345
4,2.5,right-hand,0.6153,0.3847
4,2.5,left-hand,0.5098,0.4902
4,2.5,left-hand,0.3962,0.6038
4,2.5,right-hand,0.2391,0.7609
4,2.5,right-hand,0.6121,0.3879
4,2.5,left-hand,0.7858,0.2142
4,2.5,right-hand,0.6254,0.3746
4,2.5,left-hand,0.6237,0.3763
4,2.5,left-hand,0.6866,0.3134
4,2.5,left-hand,0.6548,0.3452
4,2.5,right-hand,0.7405,0.2595
4,2.5,left-hand,0.5198,0.4802
4,2.5,left-hand,0.2659,0.7341
4,2.5,left-hand,0.6632,0.3368
4,2.5,right-hand,0.2305,0.7695
4,2.5,left-hand,0.3702,0.6298
4,2.5,right-hand,0.84,0.16
4,2.5,left-hand,0.7836,0.2164
4,2.5,right-hand,0.7913,0.2087
4,2.5,left-hand,0.3975,0.6025
4,2.5,left-hand,0.4997,0.5003
4,2.5,right-hand,0.6112,0.3888
4,2.5,left-hand,0.678,0.322
4,2.5,left-hand,0.8257,0.1743
4,2.5,left-hand,0.8166,0.1834
4,2.5,right-hand,0.0178,0.9822
4,2.5,left-hand,0.1436,0.8564
4,2.5,right-hand,0.3551,0.6449
4,2.5,right-hand,0.2307,0.7693
4,2.5,left-hand,0.6289,0.3711
4,2.5,right-hand,0.5493,0.4507
4,2.5,right-hand,0.7828,0.2172
4,2.5,left-hand,0.728,0.272
4,2.5,right-hand,0.6378,0.3622
4,2.5,right-hand,0.2375,0.7625
4,2.5,right-hand,0.7674,0.2326
4,2.5,left-hand,0.9284,0.0716
4,2.5,right-hand,0.4993,0.5007
4,2.5,right-hand,0.1809,0.8191
4,2.5,right-hand,0.1258,0.8742
4,2.5,left-hand,0.6576,0.3424
4,2.5,left-hand,0.6169,0.3831
4,2.5,right-hand,0.425,0.575
5,2.5,right-hand,0.7194,0.2806
5,2.5,left-hand,0.8421,0.1579
5,2.5,left-hand,0.8734,0.1266
5,2.5,left-hand,0.3504,0.6496
5,2.5,right-hand,0.8782,0.1218
5,2.5,right-hand,0.3197,0.6803
5,2.5,right-hand,0.8542,0.1458
5,2.5,right-hand,0.2453,0.7547
5,2.5,left-hand,0.3836,0.6164
5,2.5,right-hand,0.351,0.649
5,2.5,left-hand,0.5966,0.4034
5,2.5,left-hand,0.1204,0.8796
5,2.5,left-hand,0.5575,0.4425
5,2.5,left-hand,0.567,0.433
5,2.5,right-hand,0.0738,0.9262
5,2.5,right-hand,0.9318,0.0682
5,2.5,left-hand,0.6973,0.3027
5,2.5,left-hand,0.8062,0.1938
5,2.5,left-hand,0.7415,0.2585
5,2.5,left-hand,0.6771,0.3229
5,2.5,right-hand,0.3426,0.6574
5,2.5,right-hand,0.8704,0.1296
5,2.5,right-hand,0.5696,0.4304
5,2.5,left-hand,0.8104,0.1896
5,2.5,left-hand,0.4929,0.5071
5,2.5,right-hand,0.6647,0.3353
5,2.5,right-hand,0.7378,0.2622
5,2.5,right-hand,0.1207,0.8793
5,2.5,left-hand,0.4956,0.5044
5,2.5,left-hand,0.8825,0.1175
5,2.5,right-hand,0.3415,0.6585
5,2.5,right-hand,0.7693,0.2307
5,2.5,left-hand,0.8779,0.1221
5,2.5,right-hand,0.8823,0.1177
5,2.5,left-hand,0.6959,0.3041
5,2.5,right-hand,0.8203,0.1797
5,2.5,left-hand,0.6239,0.3761
5,2.5,right-hand,0.2923,0.7077
5,2.5,right-hand,0.3446,0.6554
5,2.5,left-hand,0.2295,0.7705
5,2.5,left-hand,0.9368,0.0632
5,2.5,right-hand,0.0923,0.9077
5,2.5,left-hand,0.4963,0.5037
5,2.5,left-hand,0.8566,0.1434
5,2.5,right-hand,0.1087,0.8913
5,2.5,left-hand,0.097,0.903
5,2.5,right-hand,0.3326,0.6674
5,2.5,right-hand,0.8269,0.1731
5,2.5,left-hand,0.2352,0.7648
5,2.5,right-hand,0.7098,0.2902
5,2.5,left-hand,0.3122,0.6878
5,2.5,right-hand,0.7603,0.2397
5,2.5,right-hand,0.2604,0.7396
5,2.5,right-hand,0.4808,0.5192
5,2.5,left-hand,0.3226,0.6774
5,2.5,left-hand,0.7409,0.2591
5,2.5,left-hand,0.6377,0.3623
