fold,tmin,true_label,left-hand,right-hand
1,2.5,right-hand,0.0848,0.9152
1,2.5,left-hand,0.0114,0.9886
1,2.5,left-hand,0.5242,0.4758
1,2.5,right-hand,0.1,0.9
1,2.5,right-hand,0.1267,0.8733
1,2.5,left-hand,0.1655,0.8345
1,2.5,left-hand,0.1715,0.8285
1,2.5,right-hand,0.0166,0.9834
1,2.5,right-hand,0.6985,0.3015
1,2.5,left-hand,0.1325,0.8675
1,2.5,left-hand,0.8048,0.1952
1,2.5,right-hand,0.1622,0.8378
1,2.5,right-hand,0.2416,0.7584
1,2.5,right-hand,0.0009,0.9991
1,2.5,left-hand,0.1061,0.8939
1,2.5,right-hand,0.0722,0.9278
1,2.5,right-hand,0.5063,0.4937
1,2.5,left-hand,0.2084,0.7916
1,2.5,left-hand,0.3571,0.6429
1,2.5,left-hand,0.0984,0.9016
1,2.5,right-hand,0.4253,0.5747
1,2.5,right-hand,0.1354,0.8646
1,2.5,left-hand,0.0822,0.9178
1,2.5,right-hand,0.759,0.241
1,2.5,right-hand,0.6841,0.3159
1,2.5,left-hand,0.2526,0.7474
1,2.5,right-hand,0.1897,0.8103
1,2.5,right-hand,0.0735,0.9265
1,2.5,right-hand,0.132,0.868
1,2.5,left-hand,0.1851,0.8149
1,2.5,left-hand,0.1958,0.8042
1,2.5,left-hand,0.3408,0.6592
1,2.5,left-hand,0.1128,0.8872
1,2.5,left-hand,0.1416,0.8584
1,2.5,right-hand,0.0977,0.9023
1,2.5,left-hand,0.5028,0.4972
1,2.5,left-hand,0.3169,0.6831
1,2.5,right-hand,0.727,0.273
1,2.5,left-hand,0.1232,0.8768
1,2.5,right-hand,0.1724,0.8276
1,2.5,right-hand,0.1313,0.8687
1,2.5,right-hand,0.3086,0.6914
1,2.5,left-hand,0.552,0.448
1,2.5,right-hand,0.0622,0.9378
1,2.5,left-hand,0.5361,0.4639
1,2.5,right-hand,0.1474,0.8526
1,2.5,left-hand,0.2002,0.7998
1,2.5,right-hand,0.5402,0.4598
1,2.5,left-hand,0.0798,0.9202
1,2.5,right-hand,0.1096,0.8904
1,2.5,left-hand,0.2983,0.7017
1,2.5,right-hand,0.0967,0.9033
1,2.5,left-hand,0.092,0.908
1,2.5,left-hand,0.1976,0.8024
1,2.5,right-hand,0.1374,0.8626
1,2.5,right-hand,0.2988,0.7012
1,2.5,left-hand,0.8138,0.1862
1,2.5,left-hand,0.1638,0.8362
2,2.5,left-hand,0.8661,0.1339
2,2.5,right-hand,0.0059,0.9941
2,2.5,left-hand,0.0062,0.9938
2,2.5,left-hand,0.0123,0.9877
2,2.5,left-hand,0.2568,0.7432
2,2.5,right-hand,0.3108,0.6892
2,2.5,left-hand,0.548,0.452
2,2.5,left-hand,0.0513,0.9487
2,2.5,left-hand,0.02,0.98
2,2.5,right-hand,0.7075,0.2925
2,2.5,left-hand,0.985,0.015
2,2.5,right-hand,0.5601,0.4399
2,2.5,right-hand,0.1007,0.8993
2,2.5,right-hand,0.0,1.0
2,2.5,left-hand,0.2029,0.7971
2,2.5,right-hand,0.1165,0.8835
2,2.5,right-hand,0.0074,0.9926
2,2.5,left-hand,0.0173,0.9827
2,2.5,left-hand,0.0364,0.9636
2,2.5,right-hand,0.0793,0.9207
2,2.5,right-hand,0.0658,0.9342
2,2.5,left-hand,0.0237,0.9763
2,2.5,left-hand,0.05,0.95
2,2.5,right-hand,0.2953,0.7047
2,2.5,right-hand,0.0112,0.9888
2,2.5,right-hand,0.0549,0.9451
2,2.5,left-hand,0.0196,0.9804
2,2.5,left-hand,0.0567,0.9433
2,2.5,right-hand,0.0089,0.9911
2,2.5,left-hand,0.6374,0.3626
2,2.5,right-hand,0.1975,0.8025
2,2.5,right-hand,0.0016,0.9984
2,2.5,left-hand,0.2114,0.7886
2,2.5,right-hand,0.0119,0.9881
2,2.5,left-hand,0.0113,0.9887
2,2.5,left-hand,0.298,0.702
2,2.5,right-hand,0.0845,0.9155
2,2.5,left-hand,0.0154,0.9846
2,2.5,left-hand,0.0702,0.9298
2,2.5,right-hand,0.0999,0.9001
2,2.5,right-hand,0.0335,0.9665
2,2.5,right-hand,0.669,0.331
2,2.5,right-hand,0.1059,0.8941
2,2.5,left-hand,0.5496,0.4504
2,2.5,right-hand,0.0128,0.9872
2,2.5,left-hand,0.0133,0.9867
2,2.5,right-hand,0.0115,0.9885
2,2.5,right-hand,0.0467,0.9533
2,2.5,left-hand,0.5291,0.4709
2,2.5,right-hand,0.0067,0.9933
2,2.5,left-hand,0.069,0.931
2,2.5,right-hand,0.1559,0.8441
2,2.5,right-hand,0.0105,0.9895
2,2.5,left-hand,0.0315,0.9685
2,2.5,left-hand,0.0699,0.9301
2,2.5,right-hand,0.9172,0.0828
2,2.5,left-hand,0.0102,0.9898
2,2.5,left-hand,0.0249,0.9751
3,2.5,right-hand,0.03,0.97
3,2.5,left-hand,1.0,0.0
3,2.5,right-hand,0.1265,0.8735
3,2.5,right-hand,0.0589,0.9411
3,2.5,right-hand,0.0459,0.9541
3,2.5,left-hand,0.5705,0.4295
3,2.5,left-hand,0.1755,0.8245
3,2.5,left-hand,0.6043,0.3957
3,2.5,right-hand,0.1203,0.8797
3,2.5,left-hand,0.4212,0.5788
3,2.5,right-hand,0.7066,0.2934
3,2.5,left-hand,0.0336,0.9664
3,2.5,right-hand,0.0727,0.9273
3,2.5,left-hand,0.3801,0.6199
3,2.5,left-hand,0.1786,0.8214
3,2.5,right-hand,0.4546,0.5454
3,2.5,right-hand,0.2211,0.7789
3,2.5,left-hand,0.053,0.947
3,2.5,left-hand,0.0717,0.9283
3,2.5,right-hand,0.0465,0.9535
3,2.5,right-hand,0.5413,0.4587
3,2.5,left-hand,0.4008,0.5992
3,2.5,right-hand,0.0737,0.9263
3,2.5,right-hand,0.0496,0.9504
3,2.5,left-hand,0.0661,0.9339
3,2.5,left-hand,0.1611,0.8389
3,2.5,right-hand,0.0981,0.9019
3,2.5,right-hand,0.048,0.952
3,2.5,left-hand,0.1332,0.8668
3,2.5,right-hand,0.2426,0.7574
3,2.5,left-hand,0.0899,0.9101
3,2.5,right-hand,0.9996,0.0004
3,2.5,left-hand,0.08,0.92
3,2.5,right-hand,0.0308,0.9692
3,2.5,left-hand,0.1347,0.8653
3,2.5,right-hand,0.1516,0.8484
3,2.5,right-hand,0.2523,0.7477
3,2.5,left-hand,0.0835,0.9165
3,2.5,right-hand,0.0757,0.9243
3,2.5,left-hand,0.2493,0.7507
3,2.5,left-hand,0.7339,0.2661
3,2.5,left-hand,0.0441,0.9559
3,2.5,right-hand,0.4079,0.5921
3,2.5,right-hand,0.25,0.75
3,2.5,left-hand,0.1554,0.8446
3,2.5,left-hand,0.074,0.926
3,2.5,right-hand,0.6582,0.3418
3,2.5,right-hand,0.1343,0.8657
3,2.5,left-hand,0.1434,0.8566
3,2.5,left-hand,0.0326,0.9674
3,2.5,right-hand,0.0562,0.9438
3,2.5,left-hand,0.0754,0.9246
3,2.5,right-hand,0.0789,0.9211
3,2.5,left-hand,0.2154,0.7846
3,2.5,left-hand,0.0914,0.9086
3,2.5,right-hand,0.0826,0.9174
3,2.5,left-hand,0.0745,0.9255
3,2.5,right-hand,0.0862,0.9138
4,2.5,right-hand,0.6148,0.3852
4,2.5,left-hand,0.8063,0.1937
4,2.5,left-hand,0.7237,0.2763
4,2.5,right-hand,0.7446,0.2554
4,2.5,right-hand,0.5975,0.4025
4,2.5,left-hand,0.7293,0.2707
4,2.5,left-hand,0.9926,0.0074
4,2.5,right-hand,0.9999,0.0001
4,2.5,right-hand,1.0,0.0
4,2.5,left-hand,0.8943,0.1057
4,2.5,right-hand,0.5942,0.4058
4,2.5,left-hand,0.7352,0.2648
4,2.5,right-hand,0.7794,0.2206
4,2.5,right-hand,0.7244,0.2756
4,2.5,right-hand,0.8423,0.1577
4,2.5,left-hand,0.5454,0.4546
4,2.5,left-hand,0.9993,0.0007
4,2.5,right-hand,0.7491,0.2509
4,2.5,right-hand,0.8511,0.1489
4,2.5,left-hand,0.8813,0.1187
4,2.5,right-hand,0.751,0.249
4,2.5,left-hand,0.6474,0.3526
4,2.5,left-hand,0.9694,0.0306
4,2.5,left-hand,0.6223,0.3777
4,2.5,right-hand,0.8796,0.1204
4,2.5,left-hand,0.6018,0.3982
4,2.5,left-hand,0.7839,0.2161
4,2.5,left-hand,0.8605,0.1395
4,2.5,right-hand,0.7797,0.2203
4,2.5,left-hand,0.6366,0.3634
4,2.5,right-hand,1.0,0.0
4,2.5,left-hand,0.7806,0.2194
4,2.5,right-hand,0.9964,0.0036
4,2.5,left-hand,0.7165,0.2835
4,2.5,left-hand,0.3504,0.6496
4,2.5,right-hand,0.8644,0.1356
4,2.5,left-hand,0.7224,0.2776
4,2.5,left-hand,0.8672,0.1328
4,2.5,left-hand,0.9984,0.0016
4,2.5,right-hand,0.7094,0.2906
4,2.5,left-hand,0.6102,0.3898
4,2.5,right-hand,0.7083,0.2917
4,2.5,right-hand,0.9024,0.0976
4,2.5,left-hand,0.8912,0.1088
4,2.5,right-hand,0.8084,0.1916
4,2.5,right-hand,0.9998,0.0002
4,2.5,left-hand,0.9493,0.0507
4,2.5,right-hand,0.8434,0.1566
4,2.5,right-hand,1.0,0.0
4,2.5,right-hand,0.887,0.113
4,2.5,left-hand,0.8461,0.1539
4,2.5,right-hand,0.9963,0.0037
4,2.5,right-hand,0.47,0.53
4,2.5,right-hand,0.6519,0.3481
4,2.5,left-hand,0.8509,0.1491
4,2.5,left-hand,0.7075,0.2925
4,2.5,right-hand,0.9057,0.0943
5,2.5,right-hand,0.1275,0.8725
5,2.5,left-hand,0.3728,0.6272
5,2.5,left-hand,0.9461,0.0539
5,2.5,left-hand,0.6588,0.3412
5,2.5,right-hand,0.2115,0.7885
5,2.5,right-hand,0.0003,0.9997
5,2.5,right-hand,0.537,0.463
5,2.5,right-hand,0.1535,0.8465
5,2.5,left-hand,0.2424,0.7576
5,2.5,right-hand,0.5924,0.4076
5,2.5,left-hand,0.6827,0.3173
5,2.5,left-hand,0.0971,0.9029
5,2.5,left-hand,0.2185,0.7815
5,2.5,left-hand,0.6115,0.3885
5,2.5,right-hand,0.1329,0.8671
5,2.5,right-hand,0.9994,0.0006
5,2.5,left-hand,0.4129,0.5871
5,2.5,left-hand,0.9997,0.0003
5,2.5,left-hand,0.1518,0.8482
5,2.5,left-hand,0.7468,0.2532
5,2.5,right-hand,0.0722,0.9278
5,2.5,right-hand,0.6254,0.3746
5,2.5,right-hand,0.7992,0.2008
5,2.5,left-hand,0.1264,0.8736
5,2.5,left-hand,0.4767,0.5233
5,2.5,right-hand,0.5387,0.4613
5,2.5,right-hand,0.7348,0.2652
5,2.5,right-hand,0.3279,0.6721
5,2.5,left-hand,0.1832,0.8168
5,2.5,left-hand,0.9999,0.0001
5,2.5,right-hand,0.0962,0.9038
5,2.5,right-hand,0.7788,0.2212
5,2.5,left-hand,0.4742,0.5258
5,2.5,right-hand,0.8102,0.1898
5,2.5,left-hand,0.2388,0.7612
5,2.5,right-hand,0.7272,0.2728
5,2.5,left-hand,0.1306,0.8694
5,2.5,right-hand,0.1247,0.8753
5,2.5,right-hand,0.7568,0.2432
5,2.5,left-hand,0.1839,0.8161
5,2.5,left-hand,0.2805,0.7195
5,2.5,right-hand,0.3018,0.6982
5,2.5,left-hand,0.869,0.131
5,2.5,left-hand,0.6245,0.3755
5,2.5,right-hand,0.2907,0.7093
5,2.5,left-hand,0.19,0.81
5,2.5,right-hand,0.917,0.083
5,2.5,right-hand,1.0,0.0
5,2.5,left-hand,0.5313,0.4687
5,2.5,right-hand,0.995,0.005
5,2.5,left-hand,0.9965,0.0035
5,2.5,right-hand,0.1747,0.8253
5,2.5,right-hand,0.435,0.565
5,2.5,right-hand,0.1586,0.8414
5,2.5,left-hand,0.2267,0.7733
5,2.5,left-hand,0.4903,0.5097
5,2.5,left-hand,0.6207,0.3793
