fold,tmin,true_label,left-hand,right-hand
1,2.5,right-hand,0.0127,0.9873
1,2.5,left-hand,0.0,1.0
1,2.5,left-hand,0.0006,0.9994
1,2.5,right-hand,0.0723,0.9277
1,2.5,right-hand,0.0001,0.9999
1,2.5,left-hand,0.0423,0.9577
1,2.5,left-hand,0.0031,0.9969
1,2.5,right-hand,0.0275,0.9725
1,2.5,right-hand,0.0908,0.9092
1,2.5,left-hand,0.2611,0.7389
1,2.5,right-hand,0.0081,0.9919
1,2.5,right-hand,0.0216,0.9784
1,2.5,right-hand,0.01,0.99
1,2.5,left-hand,0.0026,0.9974
1,2.5,left-hand,0.1756,0.8244
1,2.5,left-hand,0.013,0.987
1,2.5,right-hand,0.014,0.986
1,2.5,left-hand,0.0003,0.9997
1,2.5,right-hand,0.0,1.0
1,2.5,left-hand,0.0574,0.9426
1,2.5,left-hand,0.0,1.0
1,2.5,right-hand,0.014,0.986
1,2.5,right-hand,0.0253,0.9747
1,2.5,right-hand,0.0023,0.9977
1,2.5,right-hand,0.0,1.0
1,2.5,right-hand,0.0045,0.9955
1,2.5,left-hand,0.0,1.0
1,2.5,left-hand,0.061,0.939
1,2.5,right-hand,0.003,0.997
1,2.5,right-hand,0.0392,0.9608
1,2.5,left-hand,0.0963,0.9037
1,2.5,left-hand,0.0023,0.9977
1,2.5,left-hand,0.0,1.0
1,2.5,left-hand,0.0,1.0
1,2.5,right-hand,0.0069,0.9931
1,2.5,left-hand,0.0032,0.9968
1,2.5,left-hand,0.0474,0.9526
1,2.5,right-hand,0.0622,0.9378
1,2.5,left-hand,0.0296,0.9704
1,2.5,right-hand,0.0447,0.9553
1,2.5,right-hand,0.0609,0.9391
1,2.5,right-hand,0.0084,0.9916
1,2.5,left-hand,0.1894,0.8106
1,2.5,right-hand,0.0112,0.9888
1,2.5,left-hand,0.1788,0.8212
1,2.5,right-hand,0.0169,0.9831
1,2.5,left-hand,0.2021,0.7979
1,2.5,right-hand,0.0001,0.9999
1,2.5,left-hand,0.0001,0.9999
1,2.5,right-hand,0.0268,0.9732
1,2.5,left-hand,0.0246,0.9754
1,2.5,right-hand,0.0253,0.9747
1,2.5,left-hand,0.0669,0.9331
1,2.5,left-hand,0.0008,0.9992
1,2.5,right-hand,0.0794,0.9206
1,2.5,right-hand,0.0027,0.9973
1,2.5,left-hand,0.1011,0.8989
1,2.5,left-hand,0.1103,0.8897
2,2.5,left-hand,0.0491,0.9509
2,2.5,right-hand,0.0091,0.9909
2,2.5,left-hand,0.0002,0.9998
2,2.5,left-hand,0.0117,0.9883
2,2.5,left-hand,0.0191,0.9809
2,2.5,right-hand,0.0069,0.9931
2,2.5,left-hand,0.0024,0.9976
2,2.5,left-hand,0.021,0.979
2,2.5,left-hand,0.3705,0.6295
2,2.5,right-hand,0.0019,0.9981
2,2.5,left-hand,0.0008,0.9992
2,2.5,right-hand,0.0002,0.9998
2,2.5,right-hand,0.0917,0.9083
2,2.5,left-hand,0.0014,0.9986
2,2.5,right-hand,0.0012,0.9988
2,2.5,right-hand,0.1909,0.8091
2,2.5,right-hand,0.0733,0.9267
2,2.5,left-hand,0.3315,0.6685
2,2.5,left-hand,0.0004,0.9996
2,2.5,right-hand,0.0006,0.9994
2,2.5,right-hand,0.0665,0.9335
2,2.5,left-hand,0.0009,0.9991
2,2.5,left-hand,0.1336,0.8664
2,2.5,right-hand,0.1456,0.8544
2,2.5,right-hand,0.1056,0.8944
2,2.5,left-hand,0.0108,0.9892
2,2.5,right-hand,0.0074,0.9926
2,2.5,left-hand,0.0027,0.9973
2,2.5,right-hand,0.0003,0.9997
2,2.5,left-hand,0.0306,0.9694
2,2.5,right-hand,0.012,0.988
2,2.5,right-hand,0.0511,0.9489
2,2.5,left-hand,0.2059,0.7941
2,2.5,right-hand,0.5374,0.4626
2,2.5,left-hand,0.4767,0.5233
2,2.5,left-hand,0.0262,0.9738
2,2.5,right-hand,0.0117,0.9883
2,2.5,left-hand,0.4839,0.5161
2,2.5,left-hand,0.0927,0.9073
2,2.5,right-hand,0.0503,0.9497
2,2.5,right-hand,0.0449,0.9551
2,2.5,right-hand,0.0144,0.9856
2,2.5,right-hand,0.0018,0.9982
2,2.5,left-hand,0.17,0.83
2,2.5,right-hand,0.0859,0.9141
2,2.5,left-hand,0.0369,0.9631
2,2.5,right-hand,0.0007,0.9993
2,2.5,right-hand,0.0007,0.9993
2,2.5,left-hand,0.0194,0.9806
2,2.5,right-hand,0.3246,0.6754
2,2.5,left-hand,0.4341,0.5659
2,2.5,right-hand,0.3126,0.6874
2,2.5,right-hand,0.0495,0.9505
2,2.5,left-hand,0.0323,0.9677
2,2.5,left-hand,0.2584,0.7416
2,2.5,right-hand,0.0004,0.9996
2,2.5,left-hand,0.0512,0.9488
2,2.5,left-hand,0.0027,0.9973
3,2.5,right-hand,0.0041,0.9959
3,2.5,left-hand,0.019,0.981
3,2.5,right-hand,0.0014,0.9986
3,2.5,right-hand,0.2063,0.7937
3,2.5,right-hand,0.0258,0.9742
3,2.5,left-hand,0.0996,0.9004
3,2.5,left-hand,0.0,1.0
3,2.5,left-hand,0.2874,0.7126
3,2.5,right-hand,0.0016,0.9984
3,2.5,left-hand,0.0008,0.9992
3,2.5,right-hand,0.0435,0.9565
3,2.5,right-hand,0.2335,0.7665
3,2.5,left-hand,0.0061,0.9939
3,2.5,left-hand,0.0013,0.9987
3,2.5,left-hand,0.0052,0.9948
3,2.5,right-hand,0.0006,0.9994
3,2.5,left-hand,0.002,0.998
3,2.5,right-hand,0.1764,0.8236
3,2.5,right-hand,0.0003,0.9997
3,2.5,left-hand,0.0228,0.9772
3,2.5,right-hand,0.1918,0.8082
3,2.5,left-hand,0.001,0.999
3,2.5,right-hand,0.0639,0.9361
3,2.5,left-hand,0.0091,0.9909
3,2.5,right-hand,0.0108,0.9892
3,2.5,left-hand,0.0017,0.9983
3,2.5,right-hand,0.0595,0.9405
3,2.5,left-hand,0.5062,0.4938
3,2.5,right-hand,0.1138,0.8862
3,2.5,right-hand,0.0292,0.9708
3,2.5,left-hand,0.1135,0.8865
3,2.5,right-hand,0.0133,0.9867
3,2.5,left-hand,0.4304,0.5696
3,2.5,right-hand,0.1263,0.8737
3,2.5,left-hand,0.0068,0.9932
3,2.5,right-hand,0.0013,0.9987
3,2.5,right-hand,0.0066,0.9934
3,2.5,left-hand,0.003,0.997
3,2.5,right-hand,0.0005,0.9995
3,2.5,left-hand,0.0028,0.9972
3,2.5,left-hand,0.0185,0.9815
3,2.5,left-hand,0.0397,0.9603
3,2.5,right-hand,0.0003,0.9997
3,2.5,right-hand,0.0003,0.9997
3,2.5,left-hand,0.2304,0.7696
3,2.5,left-hand,0.5265,0.4735
3,2.5,right-hand,0.0194,0.9806
3,2.5,right-hand,0.0318,0.9682
3,2.5,left-hand,0.1353,0.8647
3,2.5,left-hand,0.0141,0.9859
3,2.5,right-hand,0.1054,0.8946
3,2.5,left-hand,0.0291,0.9709
3,2.5,right-hand,0.0226,0.9774
3,2.5,left-hand,0.0043,0.9957
3,2.5,left-hand,0.045,0.955
3,2.5,right-hand,0.0145,0.9855
3,2.5,left-hand,0.1275,0.8725
3,2.5,right-hand,0.0005,0.9995
4,2.5,right-hand,0.2061,0.7939
4,2.5,left-hand,0.0412,0.9588
4,2.5,left-hand,0.008,0.992
4,2.5,right-hand,0.06,0.94
4,2.5,right-hand,0.0003,0.9997
4,2.5,left-hand,0.292,0.708
4,2.5,left-hand,0.1123,0.8877
4,2.5,right-hand,0.0153,0.9847
4,2.5,right-hand,0.574,0.426
4,2.5,left-hand,0.0006,0.9994
4,2.5,left-hand,0.0015,0.9985
4,2.5,right-hand,0.0024,0.9976
4,2.5,right-hand,0.0,1.0
4,2.5,right-hand,0.0835,0.9165
4,2.5,right-hand,0.0018,0.9982
4,2.5,left-hand,0.0978,0.9022
4,2.5,left-hand,0.061,0.939
4,2.5,right-hand,0.0008,0.9992
4,2.5,right-hand,0.0024,0.9976
4,2.5,left-hand,0.0106,0.9894
4,2.5,left-hand,0.179,0.821
4,2.5,right-hand,0.1924,0.8076
4,2.5,left-hand,0.2285,0.7715
4,2.5,left-hand,0.1589,0.8411
4,2.5,right-hand,0.0233,0.9767
4,2.5,left-hand,0.0018,0.9982
4,2.5,left-hand,0.0028,0.9972
4,2.5,left-hand,0.2543,0.7457
4,2.5,right-hand,0.0033,0.9967
4,2.5,left-hand,0.0013,0.9987
4,2.5,right-hand,0.0022,0.9978
4,2.5,left-hand,0.0002,0.9998
4,2.5,right-hand,0.0002,0.9998
4,2.5,left-hand,0.0029,0.9971
4,2.5,left-hand,0.0002,0.9998
4,2.5,right-hand,0.031,0.969
4,2.5,left-hand,0.3211,0.6789
4,2.5,left-hand,0.0011,0.9989
4,2.5,left-hand,0.0105,0.9895
4,2.5,right-hand,0.0009,0.9991
4,2.5,left-hand,1.0,0.0
4,2.5,right-hand,0.002,0.998
4,2.5,right-hand,0.1876,0.8124
4,2.5,left-hand,0.6826,0.3174
4,2.5,right-hand,0.0873,0.9127
4,2.5,right-hand,0.2358,0.7642
4,2.5,left-hand,0.3061,0.6939
4,2.5,right-hand,0.003,0.997
4,2.5,right-hand,1.0,0.0
4,2.5,right-hand,0.3924,0.6076
4,2.5,left-hand,0.0136,0.9864
4,2.5,right-hand,0.0084,0.9916
4,2.5,right-hand,0.0774,0.9226
4,2.5,right-hand,0.1829,0.8171
4,2.5,left-hand,0.0432,0.9568
4,2.5,left-hand,0.0231,0.9769
4,2.5,right-hand,0.0027,0.9973
5,2.5,right-hand,0.7504,0.2496
5,2.5,left-hand,0.8414,0.1586
5,2.5,left-hand,0.8677,0.1323
5,2.5,left-hand,0.7374,0.2626
5,2.5,right-hand,0.2905,0.7095
5,2.5,right-hand,0.6594,0.3406
5,2.5,right-hand,0.6635,0.3365
5,2.5,right-hand,0.0058,0.9942
5,2.5,left-hand,0.0061,0.9939
5,2.5,right-hand,0.0278,0.9722
5,2.5,left-hand,0.0039,0.9961
5,2.5,left-hand,0.7963,0.2037
5,2.5,left-hand,0.2594,0.7406
5,2.5,left-hand,0.9442,0.0558
5,2.5,right-hand,0.5314,0.4686
5,2.5,right-hand,0.0824,0.9176
5,2.5,left-hand,0.9142,0.0858
5,2.5,left-hand,0.0,1.0
5,2.5,left-hand,0.6973,0.3027
5,2.5,left-hand,0.7315,0.2685
5,2.5,right-hand,0.0303,0.9697
5,2.5,right-hand,0.5402,0.4598
5,2.5,left-hand,0.0,1.0
5,2.5,left-hand,0.865,0.135
5,2.5,right-hand,0.003,0.997
5,2.5,right-hand,0.8371,0.1629
5,2.5,right-hand,0.7104,0.2896
5,2.5,right-hand,0.2689,0.7311
5,2.5,left-hand,0.5493,0.4507
5,2.5,left-hand,0.9105,0.0895
5,2.5,right-hand,0.7266,0.2734
5,2.5,right-hand,0.2349,0.7651
5,2.5,left-hand,0.7984,0.2016
5,2.5,right-hand,0.3862,0.6138
5,2.5,left-hand,0.7189,0.2811
5,2.5,right-hand,0.4644,0.5356
5,2.5,left-hand,0.0003,0.9997
5,2.5,right-hand,0.6279,0.3721
5,2.5,right-hand,0.0,1.0
5,2.5,left-hand,0.3728,0.6272
5,2.5,left-hand,0.9612,0.0388
5,2.5,right-hand,0.7001,0.2999
5,2.5,left-hand,0.8593,0.1407
5,2.5,left-hand,0.0007,0.9993
5,2.5,right-hand,0.1062,0.8938
5,2.5,left-hand,0.8174,0.1826
5,2.5,right-hand,0.2992,0.7008
5,2.5,right-hand,0.8296,0.1704
5,2.5,left-hand,0.7484,0.2516
5,2.5,right-hand,0.6355,0.3645
5,2.5,left-hand,0.9812,0.0188
5,2.5,right-hand,0.6568,0.3432
5,2.5,right-hand,0.4414,0.5586
5,2.5,right-hand,0.1956,0.8044
5,2.5,left-hand,0.0018,0.9982
5,2.5,left-hand,0.5846,0.4154
5,2.5,left-hand,0.3562,0.6438
