fold,tmin,true_label,left-hand,right-hand
1,2.5,left-hand,0.9835,0.0165
1,2.5,right-hand,0.8564,0.1436
1,2.5,left-hand,0.9959,0.0041
1,2.5,right-hand,0.7541,0.2459
1,2.5,left-hand,0.9921,0.0079
1,2.5,right-hand,1.0,0.0
1,2.5,left-hand,0.9995,0.0005
1,2.5,right-hand,0.9931,0.0069
1,2.5,left-hand,0.928,0.072
1,2.5,left-hand,0.8146,0.1854
1,2.5,left-hand,0.1955,0.8045
1,2.5,right-hand,0.7532,0.2468
1,2.5,left-hand,0.9797,0.0203
1,2.5,right-hand,0.9361,0.0639
1,2.5,right-hand,0.8487,0.1513
1,2.5,left-hand,0.2435,0.7565
1,2.5,left-hand,0.1775,0.8225
1,2.5,right-hand,0.8705,0.1295
1,2.5,right-hand,0.9278,0.0722
1,2.5,right-hand,0.9589,0.0411
1,2.5,right-hand,0.6771,0.3229
1,2.5,left-hand,0.9432,0.0568
1,2.5,left-hand,0.6051,0.3949
1,2.5,left-hand,0.8339,0.1661
1,2.5,left-hand,0.9706,0.0294
1,2.5,left-hand,0.9228,0.0772
1,2.5,right-hand,0.8354,0.1646
1,2.5,right-hand,0.3084,0.6916
1,2.5,left-hand,0.9834,0.0166
1,2.5,left-hand,0.3528,0.6472
1,2.5,right-hand,0.9992,0.0008
1,2.5,right-hand,0.975,0.025
1,2.5,right-hand,0.9773,0.0227
1,2.5,right-hand,0.6292,0.3708
1,2.5,left-hand,0.9929,0.0071
1,2.5,right-hand,0.5776,0.4224
1,2.5,left-hand,0.8646,0.1354
1,2.5,right-hand,0.4273,0.5727
1,2.5,left-hand,0.5827,0.4173
1,2.5,left-hand,0.0766,0.9234
1,2.5,right-hand,0.8374,0.1626
1,2.5,left-hand,0.046,0.954
1,2.5,left-hand,0.3304,0.6696
1,2.5,right-hand,0.7396,0.2604
1,2.5,left-hand,0.9879,0.0121
1,2.5,left-hand,0.9119,0.0881
1,2.5,right-hand,0.9841,0.0159
1,2.5,right-hand,0.9823,0.0177
1,2.5,right-hand,0.7178,0.2822
1,2.5,left-hand,0.8544,0.1456
1,2.5,right-hand,0.7752,0.2248
1,2.5,right-hand,0.9405,0.0595
1,2.5,left-hand,0.1511,0.8489
1,2.5,right-hand,0.7141,0.2859
1,2.5,right-hand,0.8128,0.1872
1,2.5,right-hand,0.8631,0.1369
1,2.5,left-hand,0.9836,0.0164
1,2.5,left-hand,0.3053,0.6947
2,2.5,right-hand,0.9529,0.0471
2,2.5,left-hand,0.9976,0.0024
2,2.5,right-hand,0.3247,0.6753
2,2.5,left-hand,0.977,0.023
2,2.5,right-hand,0.7344,0.2656
2,2.5,right-hand,0.6523,0.3477
2,2.5,right-hand,0.9342,0.0658
2,2.5,right-hand,0.6456,0.3544
2,2.5,right-hand,0.7736,0.2264
2,2.5,left-hand,0.3916,0.6084
2,2.5,left-hand,0.7826,0.2174
2,2.5,right-hand,0.5215,0.4785
2,2.5,left-hand,0.7155,0.2845
2,2.5,left-hand,0.9922,0.0078
2,2.5,right-hand,0.8388,0.1612
2,2.5,left-hand,0.7901,0.2099
2,2.5,left-hand,0.8562,0.1438
2,2.5,right-hand,0.764,0.236
2,2.5,left-hand,0.9998,0.0002
2,2.5,right-hand,0.804,0.196
2,2.5,right-hand,1.0,0.0
2,2.5,left-hand,0.8648,0.1352
2,2.5,right-hand,0.5049,0.4951
2,2.5,left-hand,0.7455,0.2545
2,2.5,left-hand,0.2497,0.7503
2,2.5,right-hand,0.2364,0.7636
2,2.5,right-hand,1.0,0.0
2,2.5,left-hand,0.5349,0.4651
2,2.5,left-hand,0.9999,0.0001
2,2.5,right-hand,0.7728,0.2272
2,2.5,right-hand,0.4706,0.5294
2,2.5,left-hand,0.7798,0.2202
2,2.5,left-hand,0.5353,0.4647
2,2.5,left-hand,0.8682,0.1318
2,2.5,left-hand,0.4273,0.5727
2,2.5,right-hand,0.4831,0.5169
2,2.5,right-hand,0.3935,0.6065
2,2.5,right-hand,0.9972,0.0028
2,2.5,right-hand,0.8271,0.1729
2,2.5,left-hand,0.266,0.734
2,2.5,left-hand,0.9248,0.0752
2,2.5,left-hand,0.899,0.101
2,2.5,left-hand,0.9942,0.0058
2,2.5,left-hand,1.0,0.0
2,2.5,right-hand,0.6901,0.3099
2,2.5,right-hand,0.2392,0.7608
2,2.5,left-hand,0.4129,0.5871
2,2.5,right-hand,0.3177,0.6823
2,2.5,left-hand,0.9,0.1
2,2.5,right-hand,0.4809,0.5191
2,2.5,left-hand,0.8931,0.1069
2,2.5,left-hand,0.921,0.079
2,2.5,left-hand,0.3812,0.6188
2,2.5,right-hand,0.9958,0.0042
2,2.5,left-hand,0.7607,0.2393
2,2.5,right-hand,0.4607,0.5393
2,2.5,right-hand,0.4481,0.5519
2,2.5,right-hand,0.2473,0.7527
3,2.5,right-hand,0.0307,0.9693
3,2.5,left-hand,0.9924,0.0076
3,2.5,left-hand,0.9987,0.0013
3,2.5,left-hand,0.9998,0.0002
3,2.5,left-hand,0.1369,0.8631
3,2.5,right-hand,1.0,0.0
3,2.5,right-hand,0.9998,0.0002
3,2.5,left-hand,1.0,0.0
3,2.5,right-hand,0.6939,0.3061
3,2.5,left-hand,1.0,0.0
3,2.5,left-hand,0.9989,0.0011
3,2.5,right-hand,1.0,0.0
3,2.5,right-hand,0.7576,0.2424
3,2.5,right-hand,0.7168,0.2832
3,2.5,right-hand,0.4073,0.5927
3,2.5,left-hand,0.0706,0.9294
3,2.5,left-hand,0.7689,0.2311
3,2.5,right-hand,0.8339,0.1661
3,2.5,left-hand,0.8361,0.1639
3,2.5,right-hand,0.6952,0.3048
3,2.5,left-hand,0.9585,0.0415
3,2.5,right-hand,0.6349,0.3651
3,2.5,right-hand,0.6119,0.3881
3,2.5,left-hand,0.5321,0.4679
3,2.5,left-hand,0.2318,0.7682
3,2.5,right-hand,0.9998,0.0002
3,2.5,left-hand,0.7771,0.2229
3,2.5,right-hand,0.9811,0.0189
3,2.5,right-hand,0.6706,0.3294
3,2.5,left-hand,0.7207,0.2793
3,2.5,left-hand,0.1461,0.8539
3,2.5,left-hand,0.8487,0.1513
3,2.5,right-hand,0.1194,0.8806
3,2.5,left-hand,0.0662,0.9338
3,2.5,left-hand,0.1817,0.8183
3,2.5,right-hand,0.7575,0.2425
3,2.5,left-hand,0.9779,0.0221
3,2.5,right-hand,1.0,0.0
3,2.5,left-hand,0.7563,0.2437
3,2.5,right-hand,0.9813,0.0187
3,2.5,right-hand,0.2452,0.7548
3,2.5,right-hand,0.9555,0.0445
3,2.5,left-hand,0.0734,0.9266
3,2.5,right-hand,0.5204,0.4796
3,2.5,left-hand,0.2606,0.7394
3,2.5,right-hand,0.4353,0.5647
3,2.5,left-hand,0.5987,0.4013
3,2.5,right-hand,0.6228,0.3772
3,2.5,left-hand,0.5059,0.4941
3,2.5,left-hand,0.3886,0.6114
3,2.5,right-hand,0.7349,0.2651
3,2.5,left-hand,0.8513,0.1487
3,2.5,right-hand,0.9487,0.0513
3,2.5,right-hand,0.8796,0.1204
3,2.5,right-hand,0.9023,0.0977
3,2.5,right-hand,0.9324,0.0676
3,2.5,left-hand,1.0,0.0
3,2.5,left-hand,0.6023,0.3977
4,2.5,left-hand,0.8636,0.1364
4,2.5,right-hand,0.53,0.47
4,2.5,right-hand,0.8746,0.1254
4,2.5,left-hand,0.9692,0.0308
4,2.5,left-hand,0.9832,0.0168
4,2.5,right-hand,0.3655,0.6345
4,2.5,left-hand,0.9475,0.0525
4,2.5,right-hand,0.5189,0.4811
4,2.5,left-hand,0.8419,0.1581
4,2.5,right-hand,0.9741,0.0259
4,2.5,left-hand,0.4913,0.5087
4,2.5,right-hand,0.642,0.358
4,2.5,left-hand,0.7234,0.2766
4,2.5,left-hand,0.5395,0.4605
4,2.5,left-hand,0.7563,0.2437
4,2.5,right-hand,0.9238,0.0762
4,2.5,right-hand,0.8232,0.1768
4,2.5,left-hand,0.9459,0.0541
4,2.5,left-hand,0.4979,0.5021
4,2.5,right-hand,0.6102,0.3898
4,2.5,left-hand,0.8688,0.1312
4,2.5,right-hand,0.8718,0.1282
4,2.5,right-hand,0.5978,0.4022
4,2.5,right-hand,0.5357,0.4643
4,2.5,right-hand,0.7878,0.2122
4,2.5,left-hand,0.7321,0.2679
4,2.5,right-hand,0.8624,0.1376
4,2.5,left-hand,0.7124,0.2876
4,2.5,right-hand,0.3436,0.6564
4,2.5,left-hand,0.5634,0.4366
4,2.5,left-hand,0.7961,0.2039
4,2.5,right-hand,0.2703,0.7297
4,2.5,right-hand,0.2781,0.7219
4,2.5,right-hand,0.1475,0.8525
4,2.5,left-hand,0.9446,0.0554
4,2.5,left-hand,0.9118,0.0882
4,2.5,right-hand,0.654,0.346
4,2.5,left-hand,0.7976,0.2024
4,2.5,right-hand,0.8454,0.1546
4,2.5,right-hand,0.5591,0.4409
4,2.5,right-hand,0.5884,0.4116
4,2.5,right-hand,0.7029,0.2971
4,2.5,left-hand,0.5564,0.4436
4,2.5,left-hand,0.8215,0.1785
4,2.5,right-hand,0.6007,0.3993
4,2.5,left-hand,0.8738,0.1262
4,2.5,right-hand,0.7646,0.2354
4,2.5,left-hand,0.9255,0.0745
4,2.5,left-hand,0.3674,0.6326
4,2.5,left-hand,0.6361,0.3639
4,2.5,left-hand,0.9016,0.0984
4,2.5,right-hand,0.4379,0.5621
4,2.5,right-hand,0.2233,0.7767
4,2.5,right-hand,0.6894,0.3106
4,2.5,left-hand,0.9972,0.0028
4,2.5,left-hand,0.7611,0.2389
4,2.5,left-hand,0.3332,0.6668
5,2.5,left-hand,0.6252,0.3748
5,2.5,right-hand,0.2617,0.7383
5,2.5,right-hand,0.4832,0.5168
5,2.5,right-hand,1.0,0.0
5,2.5,left-hand,0.7998,0.2002
5,2.5,left-hand,0.9921,0.0079
5,2.5,left-hand,0.4822,0.5178
5,2.5,left-hand,0.2463,0.7537
5,2.5,left-hand,0.9154,0.0846
5,2.5,right-hand,0.8698,0.1302
5,2.5,right-hand,0.6988,0.3012
5,2.5,right-hand,0.4035,0.5965
5,2.5,left-hand,0.979,0.021
5,2.5,right-hand,0.4887,0.5113
5,2.5,left-hand,0.9382,0.0618
5,2.5,right-hand,0.6392,0.3608
5,2.5,right-hand,0.5685,0.4315
5,2.5,right-hand,0.8545,0.1455
5,2.5,right-hand,0.8337,0.1663
5,2.5,right-hand,0.3696,0.6304
5,2.5,left-hand,0.5948,0.4052
5,2.5,right-hand,0.4701,0.5299
5,2.5,right-hand,0.9661,0.0339
5,2.5,left-hand,0.978,0.022
5,2.5,left-hand,0.9757,0.0243
5,2.5,left-hand,0.4402,0.5598
5,2.5,left-hand,0.6027,0.3973
5,2.5,left-hand,0.8929,0.1071
5,2.5,right-hand,0.3137,0.6863
5,2.5,left-hand,0.347,0.653
5,2.5,right-hand,0.5346,0.4654
5,2.5,right-hand,0.2527,0.7473
5,2.5,left-hand,0.401,0.599
5,2.5,left-hand,0.8003,0.1997
5,2.5,left-hand,0.8904,0.1096
5,2.5,right-hand,0.3974,0.6026
5,2.5,left-hand,0.8685,0.1315
5,2.5,right-hand,0.781,0.219
5,2.5,right-hand,0.5647,0.4353
5,2.5,left-hand,0.3359,0.6641
5,2.5,right-hand,0.7969,0.2031
5,2.5,right-hand,0.3694,0.6306
5,2.5,left-hand,0.5818,0.4182
5,2.5,right-hand,0.2244,0.7756
5,2.5,right-hand,0.7833,0.2167
5,2.5,left-hand,0.8036,0.1964
5,2.5,left-hand,0.5162,0.4838
5,2.5,left-hand,0.2157,0.7843
5,2.5,left-hand,0.7637,0.2363
5,2.5,right-hand,0.4378,0.5622
5,2.5,right-hand,0.3322,0.6678
5,2.5,left-hand,0.8062,0.1938
5,2.5,right-hand,0.9999,0.0001
5,2.5,right-hand,0.2748,0.7252
5,2.5,left-hand,0.2671,0.7329
5,2.5,left-hand,0.5495,0.4505
5,2.5,right-hand,0.3563,0.6437
