fold,tmin,true_label,left-hand,right-hand
1,2.5,right-hand,0.7919,0.2081
1,2.5,left-hand,0.3393,0.6607
1,2.5,left-hand,0.6184,0.3816
1,2.5,right-hand,0.8886,0.1114
1,2.5,right-hand,0.3932,0.6068
1,2.5,left-hand,0.7714,0.2286
1,2.5,left-hand,0.8502,0.1498
1,2.5,right-hand,0.8745,0.1255
1,2.5,right-hand,0.3367,0.6633
1,2.5,left-hand,0.992,0.008
1,2.5,right-hand,0.6323,0.3677
1,2.5,right-hand,0.5022,0.4978
1,2.5,right-hand,0.305,0.695
1,2.5,left-hand,0.3002,0.6998
1,2.5,left-hand,0.4862,0.5138
1,2.5,left-hand,0.8365,0.1635
1,2.5,right-hand,0.6085,0.3915
1,2.5,left-hand,0.5294,0.4706
1,2.5,right-hand,0.6982,0.3018
1,2.5,left-hand,0.6247,0.3753
1,2.5,left-hand,0.3287,0.6713
1,2.5,right-hand,0.7858,0.2142
1,2.5,right-hand,0.8545,0.1455
1,2.5,right-hand,0.5306,0.4694
1,2.5,right-hand,0.5654,0.4346
1,2.5,right-hand,0.6304,0.3696
1,2.5,left-hand,0.2078,0.7922
1,2.5,left-hand,0.8349,0.1651
1,2.5,right-hand,0.0646,0.9354
1,2.5,right-hand,0.2852,0.7148
1,2.5,left-hand,0.528,0.472
1,2.5,left-hand,0.5642,0.4358
1,2.5,left-hand,0.7292,0.2708
1,2.5,left-hand,0.3445,0.6555
1,2.5,right-hand,0.5752,0.4248
1,2.5,left-hand,0.6682,0.3318
1,2.5,left-hand,0.4896,0.5104
1,2.5,right-hand,0.9229,0.0771
1,2.5,left-hand,0.3139,0.6861
1,2.5,right-hand,0.7625,0.2375
1,2.5,right-hand,0.1529,0.8471
1,2.5,right-hand,0.3953,0.6047
1,2.5,left-hand,0.8179,0.1821
1,2.5,right-hand,0.5801,0.4199
1,2.5,left-hand,0.9704,0.0296
1,2.5,right-hand,0.5712,0.4288
1,2.5,left-hand,0.971,0.029
1,2.5,right-hand,0.622,0.378
1,2.5,left-hand,0.7794,0.2206
1,2.5,right-hand,0.8136,0.1864
1,2.5,left-hand,0.2399,0.7601
1,2.5,right-hand,0.1768,0.8232
1,2.5,left-hand,0.576,0.424
1,2.5,left-hand,0.404,0.596
1,2.5,right-hand,0.6187,0.3813
1,2.5,right-hand,0.3984,0.6016
1,2.5,left-hand,0.9417,0.0583
1,2.5,left-hand,0.6785,0.3215
2,2.5,left-hand,0.5588,0.4412
2,2.5,right-hand,0.0655,0.9345
2,2.5,left-hand,0.7507,0.2493
2,2.5,left-hand,0.0944,0.9056
2,2.5,left-hand,0.4782,0.5218
2,2.5,right-hand,0.0321,0.9679
2,2.5,left-hand,0.6947,0.3053
2,2.5,left-hand,0.0566,0.9434
2,2.5,left-hand,0.8026,0.1974
2,2.5,right-hand,0.1051,0.8949
2,2.5,left-hand,0.4552,0.5448
2,2.5,right-hand,0.2021,0.7979
2,2.5,right-hand,0.9252,0.0748
2,2.5,left-hand,0.5099,0.4901
2,2.5,right-hand,0.1974,0.8026
2,2.5,right-hand,0.5398,0.4602
2,2.5,right-hand,0.208,0.792
2,2.5,left-hand,0.9866,0.0134
2,2.5,left-hand,0.2667,0.7333
2,2.5,right-hand,0.3631,0.6369
2,2.5,right-hand,0.4906,0.5094
2,2.5,left-hand,0.2135,0.7865
2,2.5,left-hand,0.7152,0.2848
2,2.5,right-hand,0.7556,0.2444
2,2.5,right-hand,0.8854,0.1146
2,2.5,left-hand,0.4466,0.5534
2,2.5,right-hand,0.0557,0.9443
2,2.5,left-hand,0.5289,0.4711
2,2.5,right-hand,0.2547,0.7453
2,2.5,left-hand,0.0452,0.9548
2,2.5,right-hand,0.1227,0.8773
2,2.5,right-hand,0.4199,0.5801
2,2.5,left-hand,0.3196,0.6804
2,2.5,right-hand,0.6395,0.3605
2,2.5,left-hand,0.9121,0.0879
2,2.5,left-hand,0.7872,0.2128
2,2.5,right-hand,0.9389,0.0611
2,2.5,left-hand,0.8715,0.1285
2,2.5,left-hand,0.3163,0.6837
2,2.5,right-hand,0.2816,0.7184
2,2.5,right-hand,0.3636,0.6364
2,2.5,right-hand,0.2128,0.7872
2,2.5,right-hand,0.1992,0.8008
2,2.5,left-hand,0.9259,0.0741
2,2.5,right-hand,0.0247,0.9753
2,2.5,left-hand,0.7851,0.2149
2,2.5,right-hand,0.3136,0.6864
2,2.5,right-hand,0.3324,0.6676
2,2.5,left-hand,0.5096,0.4904
2,2.5,right-hand,0.6579,0.3421
2,2.5,left-hand,0.9068,0.0932
2,2.5,right-hand,0.6829,0.3171
2,2.5,right-hand,0.345,0.655
2,2.5,left-hand,0.0269,0.9731
2,2.5,left-hand,0.1414,0.8586
2,2.5,right-hand,0.5328,0.4672
2,2.5,left-hand,0.6956,0.3044
2,2.5,left-hand,0.5626,0.4374
3,2.5,right-hand,0.0098,0.9902
3,2.5,left-hand,0.829,0.171
3,2.5,right-hand,0.0217,0.9783
3,2.5,right-hand,0.347,0.653
3,2.5,right-hand,0.0181,0.9819
3,2.5,left-hand,0.3005,0.6995
3,2.5,left-hand,0.2463,0.7537
3,2.5,left-hand,0.9635,0.0365
3,2.5,right-hand,0.0416,0.9584
3,2.5,left-hand,0.1253,0.8747
3,2.5,right-hand,0.7092,0.2908
3,2.5,right-hand,0.2861,0.7139
3,2.5,left-hand,0.0149,0.9851
3,2.5,left-hand,0.3664,0.6336
3,2.5,left-hand,0.649,0.351
3,2.5,right-hand,0.7743,0.2257
3,2.5,left-hand,0.0875,0.9125
3,2.5,right-hand,0.7115,0.2885
3,2.5,right-hand,0.0752,0.9248
3,2.5,left-hand,0.162,0.838
3,2.5,right-hand,0.1277,0.8723
3,2.5,left-hand,0.7894,0.2106
3,2.5,right-hand,0.8885,0.1115
3,2.5,left-hand,0.0841,0.9159
3,2.5,right-hand,0.2636,0.7364
3,2.5,left-hand,0.025,0.975
3,2.5,right-hand,0.9559,0.0441
3,2.5,left-hand,0.9951,0.0049
3,2.5,right-hand,0.2863,0.7137
3,2.5,right-hand,0.4148,0.5852
3,2.5,left-hand,0.7963,0.2037
3,2.5,right-hand,0.5182,0.4818
3,2.5,left-hand,0.8736,0.1264
3,2.5,right-hand,0.6381,0.3619
3,2.5,left-hand,0.4365,0.5635
3,2.5,right-hand,0.767,0.233
3,2.5,right-hand,0.6238,0.3762
3,2.5,left-hand,0.0934,0.9066
3,2.5,right-hand,0.5971,0.4029
3,2.5,left-hand,0.7929,0.2071
3,2.5,left-hand,0.7196,0.2804
3,2.5,left-hand,0.4221,0.5779
3,2.5,right-hand,0.9147,0.0853
3,2.5,right-hand,0.5341,0.4659
3,2.5,left-hand,0.9279,0.0721
3,2.5,left-hand,0.9807,0.0193
3,2.5,right-hand,0.5326,0.4674
3,2.5,right-hand,0.319,0.681
3,2.5,left-hand,0.3787,0.6213
3,2.5,left-hand,0.6716,0.3284
3,2.5,right-hand,0.8078,0.1922
3,2.5,left-hand,0.3591,0.6409
3,2.5,right-hand,0.6231,0.3769
3,2.5,left-hand,0.5423,0.4577
3,2.5,left-hand,0.6966,0.3034
3,2.5,right-hand,0.1167,0.8833
3,2.5,left-hand,0.7858,0.2142
3,2.5,right-hand,0.625,0.375
4,2.5,right-hand,0.7391,0.2609
4,2.5,left-hand,0.398,0.602
4,2.5,left-hand,0.0607,0.9393
4,2.5,right-hand,0.4062,0.5938
4,2.5,right-hand,0.6227,0.3773
4,2.5,left-hand,0.545,0.455
4,2.5,left-hand,0.9172,0.0828
4,2.5,right-hand,0.0753,0.9247
4,2.5,right-hand,0.919,0.081
4,2.5,left-hand,0.111,0.889
4,2.5,left-hand,0.6667,0.3333
4,2.5,right-hand,0.3371,0.6629
4,2.5,right-hand,0.5198,0.4802
4,2.5,right-hand,0.1076,0.8924
4,2.5,right-hand,0.766,0.234
4,2.5,left-hand,0.0847,0.9153
4,2.5,left-hand,0.8999,0.1001
4,2.5,right-hand,0.157,0.843
4,2.5,right-hand,0.6206,0.3794
4,2.5,left-hand,0.0485,0.9515
4,2.5,left-hand,0.5573,0.4427
4,2.5,right-hand,0.7927,0.2073
4,2.5,left-hand,0.3789,0.6211
4,2.5,left-hand,0.1209,0.8791
4,2.5,right-hand,0.2835,0.7165
4,2.5,left-hand,0.6142,0.3858
4,2.5,left-hand,0.8381,0.1619
4,2.5,left-hand,0.3735,0.6265
4,2.5,right-hand,0.2673,0.7327
4,2.5,left-hand,0.0933,0.9067
4,2.5,right-hand,0.6504,0.3496
4,2.5,left-hand,0.8446,0.1554
4,2.5,right-hand,0.0074,0.9926
4,2.5,left-hand,0.0765,0.9235
4,2.5,left-hand,0.0672,0.9328
4,2.5,right-hand,0.0543,0.9457
4,2.5,left-hand,0.8688,0.1312
4,2.5,left-hand,0.403,0.597
4,2.5,left-hand,0.4512,0.5488
4,2.5,right-hand,0.4779,0.5221
4,2.5,left-hand,0.5198,0.4802
4,2.5,right-hand,0.8374,0.1626
4,2.5,right-hand,0.508,0.492
4,2.5,left-hand,0.9533,0.0467
4,2.5,right-hand,0.3285,0.6715
4,2.5,right-hand,0.4958,0.5042
4,2.5,left-hand,0.4322,0.5678
4,2.5,right-hand,0.1957,0.8043
4,2.5,right-hand,0.5198,0.4802
4,2.5,right-hand,0.9048,0.0952
4,2.5,left-hand,0.1682,0.8318
4,2.5,right-hand,0.8705,0.1295
4,2.5,right-hand,0.5109,0.4891
4,2.5,right-hand,0.2555,0.7445
4,2.5,left-hand,0.2211,0.7789
4,2.5,left-hand,0.3315,0.6685
4,2.5,right-hand,0.092,0.908
5,2.5,right-hand,0.5287,0.4713
5,2.5,left-hand,0.8707,0.1293
5,2.5,left-hand,0.9411,0.0589
5,2.5,left-hand,0.7255,0.2745
5,2.5,right-hand,0.0474,0.9526
5,2.5,right-hand,0.6709,0.3291
5,2.5,right-hand,0.6505,0.3495
5,2.5,right-hand,0.0312,0.9688
5,2.5,left-hand,0.4346,0.5654
5,2.5,right-hand,0.7455,0.2545
5,2.5,left-hand,0.4956,0.5044
5,2.5,left-hand,0.376,0.624
5,2.5,left-hand,0.5732,0.4268
5,2.5,left-hand,0.9575,0.0425
5,2.5,right-hand,0.2712,0.7288
5,2.5,right-hand,0.285,0.715
5,2.5,left-hand,0.8136,0.1864
5,2.5,left-hand,0.1128,0.8872
5,2.5,left-hand,0.8219,0.1781
5,2.5,left-hand,0.7032,0.2968
5,2.5,right-hand,0.5634,0.4366
5,2.5,right-hand,0.4971,0.5029
5,2.5,left-hand,0.4983,0.5017
5,2.5,left-hand,0.6969,0.3031
5,2.5,right-hand,0.3133,0.6867
5,2.5,right-hand,0.9114,0.0886
5,2.5,right-hand,0.5975,0.4025
5,2.5,right-hand,0.0642,0.9358
5,2.5,left-hand,0.2878,0.7122
5,2.5,left-hand,0.7268,0.2732
5,2.5,right-hand,0.3979,0.6021
5,2.5,right-hand,0.2363,0.7637
5,2.5,left-hand,0.8894,0.1106
5,2.5,right-hand,0.6541,0.3459
5,2.5,left-hand,0.4961,0.5039
5,2.5,right-hand,0.2113,0.7887
5,2.5,left-hand,0.0971,0.9029
5,2.5,right-hand,0.7673,0.2327
5,2.5,right-hand,0.4121,0.5879
5,2.5,left-hand,0.2738,0.7262
5,2.5,left-hand,0.9718,0.0282
5,2.5,right-hand,0.3028,0.6972
5,2.5,left-hand,0.5086,0.4914
5,2.5,left-hand,0.3317,0.6683
5,2.5,right-hand,0.3874,0.6126
5,2.5,left-hand,0.9009,0.0991
5,2.5,right-hand,0.1066,0.8934
5,2.5,right-hand,0.8348,0.1652
5,2.5,left-hand,0.5589,0.4411
5,2.5,right-hand,0.3154,0.6846
5,2.5,left-hand,0.5637,0.4363
5,2.5,right-hand,0.6617,0.3383
5,2.5,right-hand,0.765,0.235
5,2.5,right-hand,0.8986,0.1014
5,2.5,left-hand,0.091,0.909
5,2.5,left-hand,0.3673,0.6327
5,2.5,left-hand,0.1023,0.8977
