fold,tmin,true_label,left-hand,right-hand
1,2.5,left-hand,0.4462,0.5538
1,2.5,left-hand,0.6856,0.3144
1,2.5,right-hand,0.3143,0.6857
1,2.5,right-hand,0.5124,0.4876
1,2.5,left-hand,0.274,0.726
1,2.5,right-hand,0.6773,0.3227
1,2.5,right-hand,0.2452,0.7548
1,2.5,left-hand,0.7168,0.2832
1,2.5,left-hand,0.3847,0.6153
1,2.5,right-hand,0.3705,0.6295
1,2.5,right-hand,0.082,0.918
1,2.5,left-hand,0.2057,0.7943
1,2.5,left-hand,0.9167,0.0833
1,2.5,right-hand,0.2094,0.7906
1,2.5,left-hand,0.5714,0.4286
1,2.5,left-hand,0.5432,0.4568
1,2.5,left-hand,0.1839,0.8161
1,2.5,right-hand,0.2261,0.7739
1,2.5,right-hand,0.0654,0.9346
1,2.5,right-hand,0.2586,0.7414
1,2.5,left-hand,0.669,0.331
1,2.5,left-hand,0.5251,0.4749
1,2.5,right-hand,0.9522,0.0478
1,2.5,left-hand,0.5824,0.4176
1,2.5,left-hand,0.8391,0.1609
1,2.5,left-hand,0.8004,0.1996
1,2.5,left-hand,0.6592,0.3408
1,2.5,right-hand,0.6077,0.3923
1,2.5,right-hand,0.3874,0.6126
1,2.5,left-hand,0.6616,0.3384
1,2.5,right-hand,0.2662,0.7338
1,2.5,right-hand,0.5876,0.4124
1,2.5,right-hand,0.3795,0.6205
1,2.5,right-hand,0.2284,0.7716
1,2.5,left-hand,0.4265,0.5735
1,2.5,left-hand,0.776,0.224
1,2.5,right-hand,0.7485,0.2515
1,2.5,right-hand,0.7054,0.2946
1,2.5,left-hand,0.5748,0.4252
1,2.5,left-hand,0.5603,0.4397
1,2.5,right-hand,0.2274,0.7726
1,2.5,left-hand,0.4832,0.5168
1,2.5,left-hand,0.3711,0.6289
1,2.5,right-hand,0.3788,0.6212
1,2.5,left-hand,0.6403,0.3597
1,2.5,left-hand,0.6257,0.3743
1,2.5,right-hand,0.0859,0.9141
1,2.5,right-hand,0.34,0.66
1,2.5,right-hand,0.5118,0.4882
1,2.5,left-hand,0.3531,0.6469
1,2.5,right-hand,0.2743,0.7257
1,2.5,right-hand,0.5414,0.4586
1,2.5,right-hand,0.5986,0.4014
1,2.5,left-hand,0.6431,0.3569
1,2.5,right-hand,0.7268,0.2732
1,2.5,left-hand,0.5849,0.4151
1,2.5,right-hand,0.6431,0.3569
1,2.5,left-hand,0.8259,0.1741
2,2.5,right-hand,0.0827,0.9173
2,2.5,left-hand,0.8243,0.1757
2,2.5,right-hand,0.4877,0.5123
2,2.5,right-hand,0.5724,0.4276
2,2.5,right-hand,0.0836,0.9164
2,2.5,left-hand,0.1606,0.8394
2,2.5,right-hand,0.466,0.534
2,2.5,right-hand,0.2339,0.7661
2,2.5,right-hand,0.5237,0.4763
2,2.5,left-hand,0.1527,0.8473
2,2.5,right-hand,0.5018,0.4982
2,2.5,left-hand,0.5082,0.4918
2,2.5,left-hand,0.3837,0.6163
2,2.5,left-hand,0.7626,0.2374
2,2.5,right-hand,0.2417,0.7583
2,2.5,left-hand,0.6016,0.3984
2,2.5,left-hand,0.3348,0.6652
2,2.5,right-hand,0.229,0.771
2,2.5,left-hand,0.4346,0.5654
2,2.5,right-hand,0.7454,0.2546
2,2.5,left-hand,0.8794,0.1206
2,2.5,right-hand,0.4046,0.5954
2,2.5,right-hand,0.8052,0.1948
2,2.5,left-hand,0.3955,0.6045
2,2.5,left-hand,0.7491,0.2509
2,2.5,right-hand,0.1808,0.8192
2,2.5,left-hand,0.811,0.189
2,2.5,right-hand,0.3731,0.6269
2,2.5,left-hand,0.1679,0.8321
2,2.5,right-hand,0.6416,0.3584
2,2.5,left-hand,0.4725,0.5275
2,2.5,left-hand,0.9075,0.0925
2,2.5,right-hand,0.5983,0.4017
2,2.5,left-hand,0.4952,0.5048
2,2.5,right-hand,0.7926,0.2074
2,2.5,left-hand,0.5241,0.4759
2,2.5,right-hand,0.3379,0.6621
2,2.5,left-hand,0.7473,0.2527
2,2.5,right-hand,0.3818,0.6182
2,2.5,right-hand,0.5215,0.4785
2,2.5,left-hand,0.3167,0.6833
2,2.5,left-hand,0.7191,0.2809
2,2.5,left-hand,0.4687,0.5313
2,2.5,right-hand,0.529,0.471
2,2.5,left-hand,0.184,0.816
2,2.5,right-hand,0.4478,0.5522
2,2.5,left-hand,0.5582,0.4418
2,2.5,left-hand,0.6876,0.3124
2,2.5,right-hand,0.4068,0.5932
2,2.5,left-hand,0.5063,0.4937
2,2.5,right-hand,0.19,0.81
2,2.5,right-hand,0.2058,0.7942
2,2.5,left-hand,0.6224,0.3776
2,2.5,right-hand,0.4435,0.5565
2,2.5,left-hand,0.3424,0.6576
2,2.5,left-hand,0.6953,0.3047
2,2.5,right-hand,0.5392,0.4608
2,2.5,right-hand,0.5332,0.4668
3,2.5,left-hand,0.4223,0.5777
3,2.5,right-hand,0.3097,0.6903
3,2.5,left-hand,0.3589,0.6411
3,2.5,left-hand,0.944,0.056
3,2.5,left-hand,0.5962,0.4038
3,2.5,right-hand,0.6347,0.3653
3,2.5,right-hand,0.6495,0.3505
3,2.5,left-hand,0.6899,0.3101
3,2.5,left-hand,0.7846,0.2154
3,2.5,right-hand,0.1571,0.8429
3,2.5,left-hand,0.5508,0.4492
3,2.5,right-hand,0.1404,0.8596
3,2.5,right-hand,0.6116,0.3884
3,2.5,right-hand,0.3521,0.6479
3,2.5,right-hand,0.4523,0.5477
3,2.5,left-hand,0.8635,0.1365
3,2.5,left-hand,0.8578,0.1422
3,2.5,right-hand,0.4798,0.5202
3,2.5,left-hand,0.7685,0.2315
3,2.5,right-hand,0.718,0.282
3,2.5,left-hand,0.904,0.096
3,2.5,right-hand,0.653,0.347
3,2.5,left-hand,0.5512,0.4488
3,2.5,left-hand,0.8348,0.1652
3,2.5,right-hand,0.3102,0.6898
3,2.5,right-hand,0.6307,0.3693
3,2.5,left-hand,0.8669,0.1331
3,2.5,right-hand,0.6934,0.3066
3,2.5,left-hand,0.1877,0.8123
3,2.5,left-hand,0.4877,0.5123
3,2.5,right-hand,0.131,0.869
3,2.5,left-hand,0.4801,0.5199
3,2.5,right-hand,0.1762,0.8238
3,2.5,left-hand,0.5236,0.4764
3,2.5,left-hand,0.7957,0.2043
3,2.5,right-hand,0.5487,0.4513
3,2.5,left-hand,0.5678,0.4322
3,2.5,right-hand,0.4211,0.5789
3,2.5,left-hand,0.7368,0.2632
3,2.5,right-hand,0.2192,0.7808
3,2.5,right-hand,0.5294,0.4706
3,2.5,right-hand,0.7349,0.2651
3,2.5,left-hand,0.4497,0.5503
3,2.5,right-hand,0.1073,0.8927
3,2.5,left-hand,0.1541,0.8459
3,2.5,left-hand,0.8949,0.1051
3,2.5,right-hand,0.7913,0.2087
3,2.5,left-hand,0.2092,0.7908
3,2.5,right-hand,0.3749,0.6251
3,2.5,left-hand,0.5153,0.4847
3,2.5,left-hand,0.5299,0.4701
3,2.5,right-hand,0.47,0.53
3,2.5,right-hand,0.5233,0.4767
3,2.5,right-hand,0.0962,0.9038
3,2.5,right-hand,0.3356,0.6644
3,2.5,right-hand,0.44,0.56
3,2.5,left-hand,0.5075,0.4925
3,2.5,left-hand,0.3054,0.6946
4,2.5,left-hand,0.9614,0.0386
4,2.5,right-hand,0.0602,0.9398
4,2.5,right-hand,0.257,0.743
4,2.5,left-hand,0.6722,0.3278
4,2.5,left-hand,0.7009,0.2991
4,2.5,right-hand,0.1268,0.8732
4,2.5,right-hand,0.3985,0.6015
4,2.5,left-hand,0.3728,0.6272
4,2.5,left-hand,0.5584,0.4416
4,2.5,right-hand,0.4554,0.5446
4,2.5,right-hand,0.1589,0.8411
4,2.5,left-hand,0.4079,0.5921
4,2.5,left-hand,0.1903,0.8097
4,2.5,left-hand,0.074,0.926
4,2.5,left-hand,0.1832,0.8168
4,2.5,right-hand,0.741,0.259
4,2.5,right-hand,0.4767,0.5233
4,2.5,left-hand,0.3177,0.6823
4,2.5,left-hand,0.223,0.777
4,2.5,right-hand,0.2941,0.7059
4,2.5,left-hand,0.8373,0.1627
4,2.5,right-hand,0.6648,0.3352
4,2.5,right-hand,0.3839,0.6161
4,2.5,right-hand,0.2915,0.7085
4,2.5,right-hand,0.0249,0.9751
4,2.5,left-hand,0.9437,0.0563
4,2.5,right-hand,0.624,0.376
4,2.5,right-hand,0.0796,0.9204
4,2.5,left-hand,0.6169,0.3831
4,2.5,left-hand,0.5653,0.4347
4,2.5,left-hand,0.4391,0.5609
4,2.5,right-hand,0.6878,0.3122
4,2.5,right-hand,0.8152,0.1848
4,2.5,right-hand,0.2858,0.7142
4,2.5,left-hand,0.576,0.424
4,2.5,right-hand,0.4287,0.5713
4,2.5,right-hand,0.4052,0.5948
4,2.5,right-hand,0.8351,0.1649
4,2.5,left-hand,0.7684,0.2316
4,2.5,left-hand,0.7541,0.2459
4,2.5,right-hand,0.3082,0.6918
4,2.5,right-hand,0.828,0.172
4,2.5,left-hand,0.3873,0.6127
4,2.5,left-hand,0.307,0.693
4,2.5,right-hand,0.091,0.909
4,2.5,left-hand,0.8036,0.1964
4,2.5,right-hand,0.2014,0.7986
4,2.5,left-hand,0.2612,0.7388
4,2.5,left-hand,0.3576,0.6424
4,2.5,left-hand,0.5868,0.4132
4,2.5,right-hand,0.6696,0.3304
4,2.5,right-hand,0.688,0.312
4,2.5,left-hand,0.4818,0.5182
4,2.5,left-hand,0.6673,0.3327
4,2.5,right-hand,0.4397,0.5603
4,2.5,left-hand,0.2018,0.7982
4,2.5,left-hand,0.8077,0.1923
5,2.5,left-hand,0.8654,0.1346
5,2.5,right-hand,0.6014,0.3986
5,2.5,right-hand,0.0991,0.9009
5,2.5,right-hand,0.2037,0.7963
5,2.5,left-hand,0.4826,0.5174
5,2.5,left-hand,0.8043,0.1957
5,2.5,left-hand,0.8205,0.1795
5,2.5,left-hand,0.596,0.404
5,2.5,right-hand,0.7501,0.2499
5,2.5,left-hand,0.2404,0.7596
5,2.5,right-hand,0.1115,0.8885
5,2.5,right-hand,0.304,0.696
5,2.5,right-hand,0.3145,0.6855
5,2.5,left-hand,0.196,0.804
5,2.5,left-hand,0.6559,0.3441
5,2.5,right-hand,0.5412,0.4588
5,2.5,right-hand,0.4987,0.5013
5,2.5,right-hand,0.4145,0.5855
5,2.5,right-hand,0.4359,0.5641
5,2.5,right-hand,0.2699,0.7301
5,2.5,left-hand,0.8482,0.1518
5,2.5,left-hand,0.8204,0.1796
5,2.5,right-hand,0.739,0.261
5,2.5,right-hand,0.6707,0.3293
5,2.5,left-hand,0.7785,0.2215
5,2.5,left-hand,0.5692,0.4308
5,2.5,left-hand,0.7948,0.2052
5,2.5,left-hand,0.9253,0.0747
5,2.5,left-hand,0.4862,0.5138
5,2.5,right-hand,0.3858,0.6142
5,2.5,left-hand,0.463,0.537
5,2.5,right-hand,0.4898,0.5102
5,2.5,right-hand,0.5662,0.4338
5,2.5,left-hand,0.6659,0.3341
5,2.5,left-hand,0.4686,0.5314
5,2.5,right-hand,0.5299,0.4701
5,2.5,right-hand,0.6097,0.3903
5,2.5,left-hand,0.8135,0.1865
5,2.5,right-hand,0.497,0.503
5,2.5,left-hand,0.5595,0.4405
5,2.5,right-hand,0.2152,0.7848
5,2.5,right-hand,0.6653,0.3347
5,2.5,right-hand,0.7637,0.2363
5,2.5,left-hand,0.633,0.367
5,2.5,left-hand,0.5973,0.4027
5,2.5,right-hand,0.3972,0.6028
5,2.5,left-hand,0.8254,0.1746
5,2.5,left-hand,0.8265,0.1735
5,2.5,left-hand,0.5491,0.4509
5,2.5,right-hand,0.3925,0.6075
5,2.5,right-hand,0.7773,0.2227
5,2.5,left-hand,0.1999,0.8001
5,2.5,right-hand,0.3682,0.6318
5,2.5,left-hand,0.7478,0.2522
5,2.5,left-hand,0.6434,0.3566
5,2.5,right-hand,0.256,0.744
5,2.5,right-hand,0.3341,0.6659
