fold,tmin,true_label,left-hand,right-hand
1,2.5,left-hand,0.925,0.075
1,2.5,right-hand,0.0341,0.9659
1,2.5,left-hand,0.0319,0.9681
1,2.5,right-hand,0.0265,0.9735
1,2.5,left-hand,0.2137,0.7863
1,2.5,right-hand,0.7979,0.2021
1,2.5,left-hand,0.5133,0.4867
1,2.5,right-hand,0.0174,0.9826
1,2.5,left-hand,0.9979,0.0021
1,2.5,left-hand,0.9971,0.0029
1,2.5,left-hand,0.9906,0.0094
1,2.5,right-hand,0.0816,0.9184
1,2.5,left-hand,0.9848,0.0152
1,2.5,right-hand,0.0109,0.9891
1,2.5,right-hand,0.2886,0.7114
1,2.5,left-hand,0.9977,0.0023
1,2.5,left-hand,0.9897,0.0103
1,2.5,right-hand,0.0026,0.9974
1,2.5,right-hand,0.2875,0.7125
1,2.5,right-hand,0.586,0.414
1,2.5,right-hand,0.2625,0.7375
1,2.5,left-hand,0.9982,0.0018
1,2.5,left-hand,0.999,0.001
1,2.5,left-hand,0.9912,0.0088
1,2.5,left-hand,0.2479,0.7521
1,2.5,left-hand,0.9439,0.0561
1,2.5,right-hand,0.0494,0.9506
1,2.5,right-hand,0.0017,0.9983
1,2.5,left-hand,0.9994,0.0006
1,2.5,left-hand,0.9382,0.0618
1,2.5,right-hand,0.1371,0.8629
1,2.5,right-hand,0.0012,0.9988
1,2.5,right-hand,0.0052,0.9948
1,2.5,right-hand,0.9809,0.0191
1,2.5,left-hand,0.0745,0.9255
1,2.5,right-hand,0.0013,0.9987
1,2.5,left-hand,0.7324,0.2676
1,2.5,right-hand,0.339,0.661
1,2.5,left-hand,0.9481,0.0519
1,2.5,left-hand,0.9728,0.0272
1,2.5,right-hand,0.0085,0.9915
1,2.5,left-hand,0.6945,0.3055
1,2.5,left-hand,0.9886,0.0114
1,2.5,right-hand,0.0131,0.9869
1,2.5,left-hand,0.9886,0.0114
1,2.5,left-hand,0.9991,0.0009
1,2.5,right-hand,0.0119,0.9881
1,2.5,right-hand,0.9421,0.0579
1,2.5,right-hand,0.0039,0.9961
1,2.5,left-hand,0.3733,0.6267
1,2.5,right-hand,0.0006,0.9994
1,2.5,right-hand,0.3546,0.6454
1,2.5,left-hand,0.9955,0.0045
1,2.5,right-hand,0.0006,0.9994
1,2.5,right-hand,0.008,0.992
1,2.5,right-hand,0.0035,0.9965
1,2.5,left-hand,0.9941,0.0059
1,2.5,left-hand,0.0807,0.9193
2,2.5,right-hand,0.017,0.983
2,2.5,left-hand,0.9971,0.0029
2,2.5,right-hand,0.0201,0.9799
2,2.5,left-hand,0.9992,0.0008
2,2.5,right-hand,0.0005,0.9995
2,2.5,right-hand,0.9918,0.0082
2,2.5,right-hand,0.2325,0.7675
2,2.5,right-hand,0.0042,0.9958
2,2.5,right-hand,0.0017,0.9983
2,2.5,left-hand,0.0824,0.9176
2,2.5,left-hand,0.8245,0.1755
2,2.5,right-hand,0.0005,0.9995
2,2.5,left-hand,0.0109,0.9891
2,2.5,left-hand,0.9668,0.0332
2,2.5,right-hand,0.0343,0.9657
2,2.5,left-hand,0.9979,0.0021
2,2.5,left-hand,0.8775,0.1225
2,2.5,right-hand,0.0291,0.9709
2,2.5,left-hand,0.9958,0.0042
2,2.5,right-hand,0.0181,0.9819
2,2.5,right-hand,0.101,0.899
2,2.5,left-hand,0.8485,0.1515
2,2.5,right-hand,0.9944,0.0056
2,2.5,left-hand,0.7292,0.2708
2,2.5,left-hand,0.991,0.009
2,2.5,right-hand,0.0167,0.9833
2,2.5,right-hand,0.9944,0.0056
2,2.5,left-hand,0.8504,0.1496
2,2.5,left-hand,0.6925,0.3075
2,2.5,right-hand,0.5073,0.4927
2,2.5,right-hand,0.2424,0.7576
2,2.5,left-hand,0.7612,0.2388
2,2.5,left-hand,0.9828,0.0172
2,2.5,left-hand,0.9951,0.0049
2,2.5,left-hand,0.9941,0.0059
2,2.5,right-hand,0.763,0.237
2,2.5,right-hand,0.0244,0.9756
2,2.5,right-hand,0.0135,0.9865
2,2.5,right-hand,0.8029,0.1971
2,2.5,left-hand,0.9951,0.0049
2,2.5,left-hand,0.8822,0.1178
2,2.5,left-hand,0.9716,0.0284
2,2.5,left-hand,0.9984,0.0016
2,2.5,left-hand,0.2746,0.7254
2,2.5,right-hand,0.0014,0.9986
2,2.5,right-hand,0.0226,0.9774
2,2.5,left-hand,0.9942,0.0058
2,2.5,right-hand,0.0807,0.9193
2,2.5,left-hand,0.9962,0.0038
2,2.5,right-hand,0.2739,0.7261
2,2.5,left-hand,0.9987,0.0013
2,2.5,left-hand,0.9985,0.0015
2,2.5,left-hand,0.9947,0.0053
2,2.5,right-hand,0.0109,0.9891
2,2.5,left-hand,0.5421,0.4579
2,2.5,right-hand,0.0014,0.9986
2,2.5,right-hand,0.0059,0.9941
2,2.5,right-hand,0.0792,0.9208
3,2.5,right-hand,0.047,0.953
3,2.5,left-hand,0.994,0.006
3,2.5,left-hand,0.9689,0.0311
3,2.5,left-hand,0.6003,0.3997
3,2.5,left-hand,0.9943,0.0057
3,2.5,right-hand,0.0006,0.9994
3,2.5,right-hand,0.4996,0.5004
3,2.5,left-hand,0.9993,0.0007
3,2.5,right-hand,0.7804,0.2196
3,2.5,left-hand,0.9995,0.0005
3,2.5,left-hand,0.9996,0.0004
3,2.5,right-hand,0.0013,0.9987
3,2.5,right-hand,0.0013,0.9987
3,2.5,right-hand,0.2736,0.7264
3,2.5,right-hand,0.0348,0.9652
3,2.5,left-hand,0.9996,0.0004
3,2.5,left-hand,0.9881,0.0119
3,2.5,right-hand,0.1914,0.8086
3,2.5,left-hand,0.9945,0.0055
3,2.5,right-hand,0.0093,0.9907
3,2.5,left-hand,0.9857,0.0143
3,2.5,right-hand,0.0057,0.9943
3,2.5,right-hand,0.0164,0.9836
3,2.5,left-hand,0.9982,0.0018
3,2.5,left-hand,0.9985,0.0015
3,2.5,right-hand,0.7865,0.2135
3,2.5,left-hand,0.9581,0.0419
3,2.5,right-hand,0.1625,0.8375
3,2.5,right-hand,0.0141,0.9859
3,2.5,left-hand,0.9829,0.0171
3,2.5,left-hand,0.0062,0.9938
3,2.5,left-hand,0.9671,0.0329
3,2.5,right-hand,0.0025,0.9975
3,2.5,left-hand,0.9085,0.0915
3,2.5,left-hand,0.9842,0.0158
3,2.5,right-hand,0.254,0.746
3,2.5,left-hand,0.9647,0.0353
3,2.5,right-hand,0.0867,0.9133
3,2.5,left-hand,0.9711,0.0289
3,2.5,right-hand,0.0146,0.9854
3,2.5,right-hand,0.0031,0.9969
3,2.5,right-hand,0.0008,0.9992
3,2.5,left-hand,0.9079,0.0921
3,2.5,right-hand,0.0107,0.9893
3,2.5,left-hand,0.9976,0.0024
3,2.5,right-hand,0.011,0.989
3,2.5,left-hand,0.0433,0.9567
3,2.5,right-hand,0.2923,0.7077
3,2.5,left-hand,0.9831,0.0169
3,2.5,left-hand,0.9249,0.0751
3,2.5,right-hand,0.0005,0.9995
3,2.5,left-hand,0.9805,0.0195
3,2.5,right-hand,0.0087,0.9913
3,2.5,right-hand,0.0357,0.9643
3,2.5,right-hand,0.006,0.994
3,2.5,right-hand,0.0242,0.9758
3,2.5,left-hand,0.9928,0.0072
3,2.5,left-hand,0.0057,0.9943
4,2.5,left-hand,0.9356,0.0644
4,2.5,right-hand,0.0036,0.9964
4,2.5,right-hand,0.0004,0.9996
4,2.5,left-hand,0.9475,0.0525
4,2.5,left-hand,0.9718,0.0282
4,2.5,right-hand,0.3693,0.6307
4,2.5,left-hand,0.9651,0.0349
4,2.5,right-hand,0.002,0.998
4,2.5,left-hand,0.9842,0.0158
4,2.5,right-hand,0.0432,0.9568
4,2.5,left-hand,0.9992,0.0008
4,2.5,right-hand,0.9494,0.0506
4,2.5,left-hand,0.9953,0.0047
4,2.5,left-hand,0.9986,0.0014
4,2.5,left-hand,0.9733,0.0267
4,2.5,right-hand,0.0008,0.9992
4,2.5,right-hand,0.9728,0.0272
4,2.5,left-hand,0.1448,0.8552
4,2.5,left-hand,0.9901,0.0099
4,2.5,right-hand,0.0035,0.9965
4,2.5,left-hand,0.9986,0.0014
4,2.5,right-hand,0.3103,0.6897
4,2.5,right-hand,0.0103,0.9897
4,2.5,right-hand,0.0017,0.9983
4,2.5,right-hand,0.5016,0.4984
4,2.5,left-hand,0.9866,0.0134
4,2.5,right-hand,0.0009,0.9991
4,2.5,left-hand,0.9939,0.0061
4,2.5,right-hand,0.1097,0.8903
4,2.5,left-hand,0.8293,0.1707
4,2.5,left-hand,0.487,0.513
4,2.5,right-hand,0.0085,0.9915
4,2.5,right-hand,0.0106,0.9894
4,2.5,right-hand,0.0395,0.9605
4,2.5,left-hand,0.9918,0.0082
4,2.5,left-hand,0.9909,0.0091
4,2.5,right-hand,0.0057,0.9943
4,2.5,left-hand,0.8089,0.1911
4,2.5,right-hand,0.431,0.569
4,2.5,right-hand,0.001,0.999
4,2.5,right-hand,0.0127,0.9873
4,2.5,right-hand,0.0056,0.9944
4,2.5,left-hand,0.1044,0.8956
4,2.5,left-hand,0.9703,0.0297
4,2.5,right-hand,0.0142,0.9858
4,2.5,left-hand,0.187,0.813
4,2.5,right-hand,0.0019,0.9981
4,2.5,left-hand,0.9926,0.0074
4,2.5,left-hand,0.9984,0.0016
4,2.5,left-hand,0.0359,0.9641
4,2.5,left-hand,0.601,0.399
4,2.5,right-hand,0.0717,0.9283
4,2.5,right-hand,0.001,0.999
4,2.5,right-hand,0.0093,0.9907
4,2.5,left-hand,0.2947,0.7053
4,2.5,left-hand,0.9966,0.0034
4,2.5,left-hand,0.9987,0.0013
5,2.5,left-hand,0.9565,0.0435
5,2.5,right-hand,0.0129,0.9871
5,2.5,right-hand,0.0895,0.9105
5,2.5,right-hand,0.6047,0.3953
5,2.5,left-hand,0.9996,0.0004
5,2.5,left-hand,0.9799,0.0201
5,2.5,left-hand,0.9262,0.0738
5,2.5,left-hand,0.7837,0.2163
5,2.5,left-hand,0.0197,0.9803
5,2.5,right-hand,0.0015,0.9985
5,2.5,right-hand,0.0011,0.9989
5,2.5,right-hand,0.6471,0.3529
5,2.5,left-hand,0.7721,0.2279
5,2.5,right-hand,0.2413,0.7587
5,2.5,left-hand,0.9989,0.0011
5,2.5,right-hand,0.0125,0.9875
5,2.5,right-hand,0.0232,0.9768
5,2.5,right-hand,0.3848,0.6152
5,2.5,right-hand,0.2182,0.7818
5,2.5,right-hand,0.0203,0.9797
5,2.5,left-hand,0.5525,0.4475
5,2.5,right-hand,0.002,0.998
5,2.5,right-hand,0.5101,0.4899
5,2.5,left-hand,0.5113,0.4887
5,2.5,left-hand,0.9752,0.0248
5,2.5,left-hand,0.9845,0.0155
5,2.5,left-hand,0.18,0.82
5,2.5,left-hand,0.6525,0.3475
5,2.5,right-hand,0.7767,0.2233
5,2.5,left-hand,0.9771,0.0229
5,2.5,right-hand,0.0024,0.9976
5,2.5,right-hand,0.0015,0.9985
5,2.5,left-hand,0.8332,0.1668
5,2.5,left-hand,0.9924,0.0076
5,2.5,left-hand,0.9354,0.0646
5,2.5,right-hand,0.0027,0.9973
5,2.5,left-hand,0.8795,0.1205
5,2.5,right-hand,0.0521,0.9479
5,2.5,right-hand,0.349,0.651
5,2.5,left-hand,0.9662,0.0338
5,2.5,right-hand,0.3602,0.6398
5,2.5,right-hand,0.0004,0.9996
5,2.5,left-hand,0.7501,0.2499
5,2.5,right-hand,0.0011,0.9989
5,2.5,right-hand,0.0085,0.9915
5,2.5,left-hand,0.9912,0.0088
5,2.5,left-hand,0.9967,0.0033
5,2.5,left-hand,0.9927,0.0073
5,2.5,left-hand,0.9149,0.0851
5,2.5,right-hand,0.1802,0.8198
5,2.5,right-hand,0.1915,0.8085
5,2.5,left-hand,0.9489,0.0511
5,2.5,right-hand,0.009,0.991
5,2.5,right-hand,0.0026,0.9974
5,2.5,left-hand,0.9409,0.0591
5,2.5,left-hand,0.9943,0.0057
5,2.5,right-hand,0.0067,0.9933
