fold,tmin,true_label,left-hand,right-hand
1,2.5,left-hand,0.8776,0.1224
1,2.5,right-hand,0.0234,0.9766
1,2.5,left-hand,0.907,0.093
1,2.5,right-hand,0.2244,0.7756
1,2.5,left-hand,0.212,0.788
1,2.5,right-hand,0.0283,0.9717
1,2.5,left-hand,0.7937,0.2063
1,2.5,right-hand,0.2352,0.7648
1,2.5,left-hand,0.0275,0.9725
1,2.5,left-hand,0.9498,0.0502
1,2.5,left-hand,0.0106,0.9894
1,2.5,right-hand,0.1249,0.8751
1,2.5,left-hand,0.8703,0.1297
1,2.5,right-hand,0.9574,0.0426
1,2.5,right-hand,0.243,0.757
1,2.5,left-hand,0.9585,0.0415
1,2.5,left-hand,0.8227,0.1773
1,2.5,right-hand,0.9029,0.0971
1,2.5,right-hand,0.0125,0.9875
1,2.5,right-hand,0.6031,0.3969
1,2.5,right-hand,0.9954,0.0046
1,2.5,left-hand,0.2312,0.7688
1,2.5,left-hand,0.1181,0.8819
1,2.5,left-hand,0.0605,0.9395
1,2.5,left-hand,0.0436,0.9564
1,2.5,left-hand,0.1414,0.8586
1,2.5,right-hand,0.1338,0.8662
1,2.5,right-hand,0.9448,0.0552
1,2.5,left-hand,0.3111,0.6889
1,2.5,left-hand,0.2141,0.7859
1,2.5,right-hand,0.021,0.979
1,2.5,right-hand,0.2175,0.7825
1,2.5,right-hand,0.1758,0.8242
1,2.5,right-hand,0.6224,0.3776
1,2.5,left-hand,0.9741,0.0259
1,2.5,right-hand,0.0885,0.9115
1,2.5,left-hand,0.0889,0.9111
1,2.5,right-hand,0.0075,0.9925
1,2.5,left-hand,0.9742,0.0258
1,2.5,left-hand,0.6111,0.3889
1,2.5,right-hand,0.9479,0.0521
1,2.5,left-hand,0.0635,0.9365
1,2.5,left-hand,0.008,0.992
1,2.5,right-hand,0.1374,0.8626
1,2.5,left-hand,0.247,0.753
1,2.5,left-hand,0.0628,0.9372
1,2.5,right-hand,0.1759,0.8241
1,2.5,right-hand,0.5797,0.4203
1,2.5,right-hand,0.1149,0.8851
1,2.5,left-hand,0.0285,0.9715
1,2.5,right-hand,0.8211,0.1789
1,2.5,right-hand,0.0117,0.9883
1,2.5,left-hand,0.1724,0.8276
1,2.5,right-hand,0.0232,0.9768
1,2.5,right-hand,0.097,0.903
1,2.5,right-hand,0.2166,0.7834
1,2.5,left-hand,0.0547,0.9453
1,2.5,left-hand,0.4911,0.5089
2,2.5,right-hand,0.0193,0.9807
2,2.5,left-hand,0.9873,0.0127
2,2.5,right-hand,0.0057,0.9943
2,2.5,left-hand,0.5274,0.4726
2,2.5,right-hand,0.8352,0.1648
2,2.5,right-hand,0.8671,0.1329
2,2.5,right-hand,0.0465,0.9535
2,2.5,right-hand,0.9775,0.0225
2,2.5,right-hand,0.9785,0.0215
2,2.5,left-hand,0.8504,0.1496
2,2.5,left-hand,0.882,0.118
2,2.5,right-hand,0.7804,0.2196
2,2.5,left-hand,0.9137,0.0863
2,2.5,left-hand,0.8122,0.1878
2,2.5,right-hand,0.0709,0.9291
2,2.5,left-hand,0.9972,0.0028
2,2.5,left-hand,0.0132,0.9868
2,2.5,right-hand,0.903,0.097
2,2.5,left-hand,0.4807,0.5193
2,2.5,right-hand,0.9288,0.0712
2,2.5,right-hand,0.0109,0.9891
2,2.5,left-hand,0.8274,0.1726
2,2.5,right-hand,0.0658,0.9342
2,2.5,left-hand,0.6948,0.3052
2,2.5,left-hand,0.7073,0.2927
2,2.5,right-hand,0.0619,0.9381
2,2.5,right-hand,0.9244,0.0756
2,2.5,left-hand,0.1802,0.8198
2,2.5,left-hand,0.0248,0.9752
2,2.5,right-hand,0.3931,0.6069
2,2.5,right-hand,0.2846,0.7154
2,2.5,left-hand,0.1,0.9
2,2.5,left-hand,0.0298,0.9702
2,2.5,left-hand,0.2005,0.7995
2,2.5,left-hand,0.8947,0.1053
2,2.5,right-hand,0.1913,0.8087
2,2.5,right-hand,0.1738,0.8262
2,2.5,right-hand,0.8545,0.1455
2,2.5,right-hand,0.7472,0.2528
2,2.5,left-hand,0.1106,0.8894
2,2.5,left-hand,0.5811,0.4189
2,2.5,left-hand,0.4699,0.5301
2,2.5,left-hand,0.6134,0.3866
2,2.5,left-hand,0.9968,0.0032
2,2.5,right-hand,0.7649,0.2351
2,2.5,right-hand,0.8022,0.1978
2,2.5,left-hand,0.263,0.737
2,2.5,right-hand,0.9581,0.0419
2,2.5,left-hand,0.4048,0.5952
2,2.5,right-hand,0.1192,0.8808
2,2.5,left-hand,0.9213,0.0787
2,2.5,left-hand,0.9257,0.0743
2,2.5,left-hand,0.993,0.007
2,2.5,right-hand,0.4041,0.5959
2,2.5,left-hand,0.996,0.004
2,2.5,right-hand,0.3201,0.6799
2,2.5,right-hand,0.8569,0.1431
2,2.5,right-hand,0.6943,0.3057
3,2.5,right-hand,0.6172,0.3828
3,2.5,left-hand,0.0396,0.9604
3,2.5,left-hand,0.7208,0.2792
3,2.5,left-hand,0.295,0.705
3,2.5,left-hand,0.7853,0.2147
3,2.5,right-hand,0.1608,0.8392
3,2.5,right-hand,0.4569,0.5431
3,2.5,left-hand,0.0999,0.9001
3,2.5,right-hand,0.832,0.168
3,2.5,left-hand,0.4308,0.5692
3,2.5,left-hand,0.2961,0.7039
3,2.5,right-hand,0.7758,0.2242
3,2.5,right-hand,0.0892,0.9108
3,2.5,right-hand,0.4316,0.5684
3,2.5,right-hand,0.0771,0.9229
3,2.5,left-hand,0.1168,0.8832
3,2.5,left-hand,0.742,0.258
3,2.5,right-hand,0.6984,0.3016
3,2.5,left-hand,0.896,0.104
3,2.5,right-hand,0.259,0.741
3,2.5,left-hand,0.3082,0.6918
3,2.5,right-hand,0.9252,0.0748
3,2.5,right-hand,0.0092,0.9908
3,2.5,left-hand,0.0053,0.9947
3,2.5,left-hand,0.749,0.251
3,2.5,right-hand,0.4716,0.5284
3,2.5,left-hand,0.0067,0.9933
3,2.5,right-hand,0.9523,0.0477
3,2.5,right-hand,0.1919,0.8081
3,2.5,left-hand,0.9662,0.0338
3,2.5,left-hand,0.0267,0.9733
3,2.5,left-hand,0.9978,0.0022
3,2.5,right-hand,0.371,0.629
3,2.5,left-hand,0.1523,0.8477
3,2.5,left-hand,0.009,0.991
3,2.5,right-hand,0.0222,0.9778
3,2.5,left-hand,0.9942,0.0058
3,2.5,right-hand,0.916,0.084
3,2.5,left-hand,0.9631,0.0369
3,2.5,right-hand,0.0715,0.9285
3,2.5,right-hand,0.9899,0.0101
3,2.5,right-hand,0.7548,0.2452
3,2.5,left-hand,0.9854,0.0146
3,2.5,right-hand,0.0468,0.9532
3,2.5,left-hand,0.3255,0.6745
3,2.5,right-hand,0.1827,0.8173
3,2.5,left-hand,0.357,0.643
3,2.5,right-hand,0.1981,0.8019
3,2.5,left-hand,0.4171,0.5829
3,2.5,left-hand,0.9159,0.0841
3,2.5,right-hand,0.9639,0.0361
3,2.5,left-hand,0.9899,0.0101
3,2.5,right-hand,0.1379,0.8621
3,2.5,right-hand,0.9887,0.0113
3,2.5,right-hand,0.0205,0.9795
3,2.5,right-hand,0.3664,0.6336
3,2.5,left-hand,0.766,0.234
3,2.5,left-hand,0.0075,0.9925
4,2.5,left-hand,0.4595,0.5405
4,2.5,right-hand,0.7749,0.2251
4,2.5,right-hand,0.2605,0.7395
4,2.5,left-hand,0.8828,0.1172
4,2.5,left-hand,0.8745,0.1255
4,2.5,right-hand,0.9499,0.0501
4,2.5,left-hand,0.7756,0.2244
4,2.5,right-hand,0.7704,0.2296
4,2.5,left-hand,0.501,0.499
4,2.5,right-hand,0.8843,0.1157
4,2.5,left-hand,0.2943,0.7057
4,2.5,right-hand,0.3129,0.6871
4,2.5,left-hand,0.8025,0.1975
4,2.5,left-hand,0.9917,0.0083
4,2.5,left-hand,0.9579,0.0421
4,2.5,right-hand,0.9857,0.0143
4,2.5,right-hand,0.924,0.076
4,2.5,left-hand,0.9934,0.0066
4,2.5,left-hand,0.0188,0.9812
4,2.5,right-hand,0.1213,0.8787
4,2.5,left-hand,0.5111,0.4889
4,2.5,right-hand,0.1036,0.8964
4,2.5,right-hand,0.9992,0.0008
4,2.5,right-hand,0.7488,0.2512
4,2.5,right-hand,0.8246,0.1754
4,2.5,left-hand,0.0049,0.9951
4,2.5,right-hand,0.9896,0.0104
4,2.5,left-hand,0.016,0.984
4,2.5,right-hand,0.9538,0.0462
4,2.5,left-hand,0.4996,0.5004
4,2.5,left-hand,0.2567,0.7433
4,2.5,right-hand,0.9081,0.0919
4,2.5,right-hand,0.0319,0.9681
4,2.5,right-hand,0.1112,0.8888
4,2.5,left-hand,0.484,0.516
4,2.5,left-hand,0.1959,0.8041
4,2.5,right-hand,0.046,0.954
4,2.5,left-hand,0.9725,0.0275
4,2.5,right-hand,0.0461,0.9539
4,2.5,right-hand,0.3807,0.6193
4,2.5,right-hand,0.9553,0.0447
4,2.5,right-hand,0.0255,0.9745
4,2.5,left-hand,0.0051,0.9949
4,2.5,left-hand,0.5738,0.4262
4,2.5,right-hand,0.9652,0.0348
4,2.5,left-hand,0.1298,0.8702
4,2.5,right-hand,0.0112,0.9888
4,2.5,left-hand,0.9061,0.0939
4,2.5,left-hand,0.0419,0.9581
4,2.5,left-hand,0.9968,0.0032
4,2.5,left-hand,0.2234,0.7766
4,2.5,right-hand,0.1623,0.8377
4,2.5,right-hand,0.3862,0.6138
4,2.5,right-hand,0.0317,0.9683
4,2.5,left-hand,0.306,0.694
4,2.5,left-hand,0.0288,0.9712
4,2.5,left-hand,0.0384,0.9616
5,2.5,left-hand,0.8895,0.1105
5,2.5,right-hand,0.9363,0.0637
5,2.5,right-hand,0.8183,0.1817
5,2.5,right-hand,0.9833,0.0167
5,2.5,left-hand,0.0936,0.9064
5,2.5,left-hand,0.0065,0.9935
5,2.5,left-hand,0.8836,0.1164
5,2.5,left-hand,0.7925,0.2075
5,2.5,left-hand,0.9294,0.0706
5,2.5,right-hand,0.0325,0.9675
5,2.5,right-hand,0.2098,0.7902
5,2.5,right-hand,0.9792,0.0208
5,2.5,left-hand,0.4061,0.5939
5,2.5,right-hand,0.2186,0.7814
5,2.5,left-hand,0.9458,0.0542
5,2.5,right-hand,0.0409,0.9591
5,2.5,right-hand,0.9698,0.0302
5,2.5,right-hand,0.1128,0.8872
5,2.5,right-hand,0.8564,0.1436
5,2.5,right-hand,0.966,0.034
5,2.5,left-hand,0.9549,0.0451
5,2.5,right-hand,0.0238,0.9762
5,2.5,right-hand,0.0972,0.9028
5,2.5,left-hand,0.4577,0.5423
5,2.5,left-hand,0.7808,0.2192
5,2.5,left-hand,0.9069,0.0931
5,2.5,left-hand,0.0675,0.9325
5,2.5,left-hand,0.5667,0.4333
5,2.5,right-hand,0.5014,0.4986
5,2.5,left-hand,0.982,0.018
5,2.5,right-hand,0.8575,0.1425
5,2.5,right-hand,0.9386,0.0614
5,2.5,left-hand,0.6082,0.3918
5,2.5,left-hand,0.985,0.015
5,2.5,left-hand,0.8174,0.1826
5,2.5,right-hand,0.8882,0.1118
5,2.5,left-hand,0.8462,0.1538
5,2.5,right-hand,0.8863,0.1137
5,2.5,right-hand,0.6342,0.3658
5,2.5,left-hand,0.8141,0.1859
5,2.5,right-hand,0.845,0.155
5,2.5,right-hand,0.2566,0.7434
5,2.5,left-hand,0.3854,0.6146
5,2.5,right-hand,0.9884,0.0116
5,2.5,right-hand,0.9199,0.0801
5,2.5,left-hand,0.5231,0.4769
5,2.5,left-hand,0.9881,0.0119
5,2.5,left-hand,0.0423,0.9577
5,2.5,left-hand,0.9233,0.0767
5,2.5,right-hand,0.6656,0.3344
5,2.5,right-hand,0.9752,0.0248
5,2.5,left-hand,0.3757,0.6243
5,2.5,right-hand,0.1784,0.8216
5,2.5,right-hand,0.9956,0.0044
5,2.5,left-hand,0.6682,0.3318
5,2.5,left-hand,0.9874,0.0126
5,2.5,right-hand,0.0474,0.9526
