fold,tmin,true_label,left-hand,right-hand
1,2.5,right-hand,0.159,0.841
1,2.5,left-hand,0.3119,0.6881
1,2.5,left-hand,1.0,0.0
1,2.5,right-hand,0.0018,0.9982
1,2.5,right-hand,0.1804,0.8196
1,2.5,left-hand,0.9901,0.0099
1,2.5,left-hand,0.9106,0.0894
1,2.5,right-hand,0.0085,0.9915
1,2.5,right-hand,0.0134,0.9866
1,2.5,left-hand,0.3357,0.6643
1,2.5,left-hand,0.1812,0.8188
1,2.5,right-hand,0.0,1.0
1,2.5,right-hand,0.5505,0.4495
1,2.5,right-hand,0.0134,0.9866
1,2.5,left-hand,0.9996,0.0004
1,2.5,right-hand,0.0069,0.9931
1,2.5,right-hand,0.0095,0.9905
1,2.5,left-hand,0.998,0.002
1,2.5,left-hand,0.9933,0.0067
1,2.5,left-hand,0.9936,0.0064
1,2.5,right-hand,0.026,0.974
1,2.5,right-hand,0.0063,0.9937
1,2.5,left-hand,0.0625,0.9375
1,2.5,right-hand,0.0104,0.9896
1,2.5,right-hand,0.0,1.0
1,2.5,left-hand,0.8671,0.1329
1,2.5,right-hand,0.0473,0.9527
1,2.5,right-hand,0.9561,0.0439
1,2.5,right-hand,0.0062,0.9938
1,2.5,left-hand,1.0,0.0
1,2.5,left-hand,0.9633,0.0367
1,2.5,left-hand,0.9251,0.0749
1,2.5,left-hand,0.9873,0.0127
1,2.5,left-hand,0.0998,0.9002
1,2.5,right-hand,0.0009,0.9991
1,2.5,left-hand,0.9999,0.0001
1,2.5,left-hand,0.997,0.003
1,2.5,right-hand,0.0002,0.9998
1,2.5,left-hand,0.0173,0.9827
1,2.5,right-hand,0.1476,0.8524
1,2.5,right-hand,0.0,1.0
1,2.5,right-hand,0.6051,0.3949
1,2.5,left-hand,0.9939,0.0061
1,2.5,right-hand,0.0001,0.9999
1,2.5,left-hand,0.312,0.688
1,2.5,right-hand,0.8829,0.1171
1,2.5,left-hand,0.9959,0.0041
1,2.5,right-hand,0.6496,0.3504
1,2.5,left-hand,1.0,0.0
1,2.5,right-hand,0.0041,0.9959
1,2.5,left-hand,0.1748,0.8252
1,2.5,right-hand,0.9022,0.0978
1,2.5,left-hand,0.6108,0.3892
1,2.5,left-hand,0.9559,0.0441
1,2.5,right-hand,0.6455,0.3545
1,2.5,right-hand,0.0232,0.9768
1,2.5,left-hand,0.0943,0.9057
1,2.5,left-hand,0.0093,0.9907
2,2.5,left-hand,0.9998,0.0002
2,2.5,right-hand,0.4945,0.5055
2,2.5,left-hand,0.9999,0.0001
2,2.5,left-hand,0.9994,0.0006
2,2.5,left-hand,0.9955,0.0045
2,2.5,right-hand,0.6386,0.3614
2,2.5,left-hand,0.0714,0.9286
2,2.5,left-hand,1.0,0.0
2,2.5,left-hand,0.9999,0.0001
2,2.5,right-hand,0.0,1.0
2,2.5,left-hand,0.9959,0.0041
2,2.5,right-hand,0.005,0.995
2,2.5,right-hand,0.0003,0.9997
2,2.5,right-hand,0.6395,0.3605
2,2.5,left-hand,0.1562,0.8438
2,2.5,right-hand,0.0132,0.9868
2,2.5,right-hand,0.0002,0.9998
2,2.5,left-hand,0.999,0.001
2,2.5,left-hand,0.6524,0.3476
2,2.5,right-hand,0.0268,0.9732
2,2.5,right-hand,0.0496,0.9504
2,2.5,left-hand,0.9156,0.0844
2,2.5,left-hand,0.0011,0.9989
2,2.5,right-hand,0.0,1.0
2,2.5,right-hand,0.3132,0.6868
2,2.5,right-hand,0.1297,0.8703
2,2.5,left-hand,0.9955,0.0045
2,2.5,left-hand,0.9217,0.0783
2,2.5,right-hand,0.0004,0.9996
2,2.5,left-hand,0.1299,0.8701
2,2.5,right-hand,0.0705,0.9295
2,2.5,right-hand,0.9762,0.0238
2,2.5,left-hand,1.0,0.0
2,2.5,right-hand,0.0055,0.9945
2,2.5,left-hand,0.9778,0.0222
2,2.5,left-hand,0.8667,0.1333
2,2.5,right-hand,0.003,0.997
2,2.5,left-hand,0.9919,0.0081
2,2.5,left-hand,1.0,0.0
2,2.5,right-hand,0.0561,0.9439
2,2.5,right-hand,0.0015,0.9985
2,2.5,right-hand,0.0838,0.9162
2,2.5,right-hand,0.4104,0.5896
2,2.5,left-hand,0.5513,0.4487
2,2.5,right-hand,0.5384,0.4616
2,2.5,left-hand,0.7224,0.2776
2,2.5,right-hand,0.0,1.0
2,2.5,right-hand,0.0051,0.9949
2,2.5,left-hand,0.8179,0.1821
2,2.5,right-hand,0.0938,0.9062
2,2.5,left-hand,0.9994,0.0006
2,2.5,right-hand,0.1059,0.8941
2,2.5,right-hand,0.0,1.0
2,2.5,left-hand,0.6221,0.3779
2,2.5,left-hand,0.8521,0.1479
2,2.5,right-hand,0.0,1.0
2,2.5,left-hand,0.8939,0.1061
2,2.5,left-hand,0.7579,0.2421
3,2.5,right-hand,0.5956,0.4044
3,2.5,left-hand,0.9967,0.0033
3,2.5,right-hand,0.0098,0.9902
3,2.5,right-hand,0.0191,0.9809
3,2.5,right-hand,0.0285,0.9715
3,2.5,left-hand,0.7977,0.2023
3,2.5,left-hand,0.9547,0.0453
3,2.5,left-hand,0.9947,0.0053
3,2.5,right-hand,0.0008,0.9992
3,2.5,left-hand,0.94,0.06
3,2.5,right-hand,0.021,0.979
3,2.5,left-hand,0.9876,0.0124
3,2.5,right-hand,0.0,1.0
3,2.5,left-hand,0.8573,0.1427
3,2.5,left-hand,0.9889,0.0111
3,2.5,right-hand,0.0,1.0
3,2.5,right-hand,0.0,1.0
3,2.5,left-hand,0.4139,0.5861
3,2.5,left-hand,1.0,0.0
3,2.5,right-hand,0.0,1.0
3,2.5,right-hand,0.0004,0.9996
3,2.5,left-hand,0.9993,0.0007
3,2.5,right-hand,0.0005,0.9995
3,2.5,right-hand,0.1088,0.8912
3,2.5,left-hand,0.0006,0.9994
3,2.5,left-hand,0.914,0.086
3,2.5,right-hand,0.0394,0.9606
3,2.5,right-hand,0.1089,0.8911
3,2.5,left-hand,0.9895,0.0105
3,2.5,right-hand,0.0209,0.9791
3,2.5,left-hand,0.7787,0.2213
3,2.5,right-hand,0.3256,0.6744
3,2.5,left-hand,0.0015,0.9985
3,2.5,right-hand,0.0003,0.9997
3,2.5,left-hand,0.4301,0.5699
3,2.5,right-hand,0.0,1.0
3,2.5,right-hand,0.0,1.0
3,2.5,left-hand,0.9885,0.0115
3,2.5,right-hand,0.0561,0.9439
3,2.5,left-hand,0.0007,0.9993
3,2.5,left-hand,0.986,0.014
3,2.5,left-hand,0.2336,0.7664
3,2.5,right-hand,0.8872,0.1128
3,2.5,right-hand,0.0269,0.9731
3,2.5,left-hand,0.0051,0.9949
3,2.5,left-hand,0.967,0.033
3,2.5,right-hand,0.0005,0.9995
3,2.5,right-hand,0.0234,0.9766
3,2.5,left-hand,0.9886,0.0114
3,2.5,left-hand,0.0031,0.9969
3,2.5,right-hand,0.1147,0.8853
3,2.5,left-hand,0.9989,0.0011
3,2.5,right-hand,0.0,1.0
3,2.5,left-hand,0.8744,0.1256
3,2.5,left-hand,0.9998,0.0002
3,2.5,right-hand,0.0249,0.9751
3,2.5,left-hand,0.7211,0.2789
3,2.5,right-hand,0.107,0.893
4,2.5,right-hand,0.1728,0.8272
4,2.5,left-hand,0.7209,0.2791
4,2.5,left-hand,0.9312,0.0688
4,2.5,right-hand,0.0002,0.9998
4,2.5,right-hand,0.0634,0.9366
4,2.5,left-hand,0.1006,0.8994
4,2.5,left-hand,0.9993,0.0007
4,2.5,right-hand,0.1402,0.8598
4,2.5,right-hand,0.0574,0.9426
4,2.5,left-hand,0.8939,0.1061
4,2.5,right-hand,0.0006,0.9994
4,2.5,left-hand,0.9335,0.0665
4,2.5,right-hand,0.0001,0.9999
4,2.5,right-hand,0.6876,0.3124
4,2.5,right-hand,0.001,0.999
4,2.5,left-hand,0.1003,0.8997
4,2.5,left-hand,0.5835,0.4165
4,2.5,right-hand,0.003,0.997
4,2.5,right-hand,0.0888,0.9112
4,2.5,left-hand,0.2365,0.7635
4,2.5,right-hand,0.0036,0.9964
4,2.5,left-hand,0.9799,0.0201
4,2.5,left-hand,0.1369,0.8631
4,2.5,left-hand,0.9997,0.0003
4,2.5,right-hand,0.88,0.12
4,2.5,left-hand,0.9994,0.0006
4,2.5,left-hand,0.0417,0.9583
4,2.5,left-hand,1.0,0.0
4,2.5,right-hand,0.0698,0.9302
4,2.5,left-hand,1.0,0.0
4,2.5,right-hand,0.0,1.0
4,2.5,left-hand,0.1659,0.8341
4,2.5,right-hand,0.9749,0.0251
4,2.5,left-hand,0.9793,0.0207
4,2.5,left-hand,0.9966,0.0034
4,2.5,right-hand,0.0042,0.9958
4,2.5,left-hand,0.984,0.016
4,2.5,left-hand,0.9192,0.0808
4,2.5,left-hand,0.9863,0.0137
4,2.5,right-hand,0.0,1.0
4,2.5,left-hand,0.0863,0.9137
4,2.5,right-hand,0.371,0.629
4,2.5,right-hand,0.7444,0.2556
4,2.5,left-hand,0.8367,0.1633
4,2.5,right-hand,0.0014,0.9986
4,2.5,right-hand,0.0479,0.9521
4,2.5,left-hand,0.9987,0.0013
4,2.5,right-hand,0.0018,0.9982
4,2.5,right-hand,0.4379,0.5621
4,2.5,right-hand,0.9032,0.0968
4,2.5,left-hand,0.9125,0.0875
4,2.5,right-hand,0.0035,0.9965
4,2.5,right-hand,0.0002,0.9998
4,2.5,right-hand,0.9978,0.0022
4,2.5,left-hand,0.931,0.069
4,2.5,left-hand,0.8875,0.1125
4,2.5,right-hand,0.1076,0.8924
5,2.5,right-hand,0.4349,0.5651
5,2.5,left-hand,0.999,0.001
5,2.5,left-hand,0.9952,0.0048
5,2.5,left-hand,0.9869,0.0131
5,2.5,right-hand,0.3688,0.6312
5,2.5,right-hand,0.3095,0.6905
5,2.5,right-hand,0.0016,0.9984
5,2.5,right-hand,0.3193,0.6807
5,2.5,left-hand,0.181,0.819
5,2.5,right-hand,0.1337,0.8663
5,2.5,left-hand,0.9687,0.0313
5,2.5,left-hand,0.9994,0.0006
5,2.5,left-hand,0.7865,0.2135
5,2.5,left-hand,0.9931,0.0069
5,2.5,right-hand,0.0,1.0
5,2.5,right-hand,0.0034,0.9966
5,2.5,left-hand,0.6967,0.3033
5,2.5,left-hand,1.0,0.0
5,2.5,left-hand,0.9989,0.0011
5,2.5,left-hand,0.7741,0.2259
5,2.5,right-hand,0.2754,0.7246
5,2.5,right-hand,0.9944,0.0056
5,2.5,right-hand,0.0074,0.9926
5,2.5,left-hand,0.9931,0.0069
5,2.5,left-hand,0.9885,0.0115
5,2.5,right-hand,0.1122,0.8878
5,2.5,right-hand,0.0,1.0
5,2.5,right-hand,0.0,1.0
5,2.5,left-hand,0.9987,0.0013
5,2.5,left-hand,0.9929,0.0071
5,2.5,right-hand,0.0022,0.9978
5,2.5,right-hand,0.0,1.0
5,2.5,left-hand,0.9931,0.0069
5,2.5,right-hand,0.0036,0.9964
5,2.5,left-hand,1.0,0.0
5,2.5,right-hand,0.025,0.975
5,2.5,left-hand,0.9898,0.0102
5,2.5,right-hand,0.0,1.0
5,2.5,right-hand,0.214,0.786
5,2.5,left-hand,0.9542,0.0458
5,2.5,left-hand,0.9587,0.0413
5,2.5,right-hand,0.0017,0.9983
5,2.5,left-hand,0.9961,0.0039
5,2.5,left-hand,0.9955,0.0045
5,2.5,right-hand,0.1116,0.8884
5,2.5,left-hand,0.9939,0.0061
5,2.5,right-hand,0.0026,0.9974
5,2.5,right-hand,0.7576,0.2424
5,2.5,left-hand,0.9992,0.0008
5,2.5,right-hand,0.0,1.0
5,2.5,left-hand,0.9161,0.0839
5,2.5,right-hand,0.8723,0.1277
5,2.5,right-hand,0.2827,0.7173
5,2.5,right-hand,0.0005,0.9995
5,2.5,left-hand,0.2276,0.7724
5,2.5,left-hand,0.9653,0.0347
5,2.5,left-hand,0.6452,0.3548
