fold,tmin,true_label,left-hand,right-hand
1,2.5,left-hand,0.8866,0.1134
1,2.5,right-hand,0.0013,0.9987
1,2.5,left-hand,0.9865,0.0135
1,2.5,right-hand,0.5539,0.4461
1,2.5,left-hand,0.581,0.419
1,2.5,right-hand,0.0595,0.9405
1,2.5,left-hand,0.7547,0.2453
1,2.5,right-hand,0.0396,0.9604
1,2.5,left-hand,0.2656,0.7344
1,2.5,left-hand,0.9113,0.0887
1,2.5,left-hand,0.1135,0.8865
1,2.5,right-hand,0.0284,0.9716
1,2.5,left-hand,0.4682,0.5318
1,2.5,right-hand,0.2878,0.7122
1,2.5,right-hand,0.5022,0.4978
1,2.5,left-hand,0.9301,0.0699
1,2.5,left-hand,0.97,0.03
1,2.5,right-hand,0.5334,0.4666
1,2.5,right-hand,0.051,0.949
1,2.5,right-hand,0.5526,0.4474
1,2.5,right-hand,0.9548,0.0452
1,2.5,left-hand,0.2854,0.7146
1,2.5,left-hand,0.0881,0.9119
1,2.5,left-hand,0.0647,0.9353
1,2.5,left-hand,0.6343,0.3657
1,2.5,left-hand,0.1393,0.8607
1,2.5,right-hand,0.1988,0.8012
1,2.5,right-hand,0.5135,0.4865
1,2.5,left-hand,0.3152,0.6848
1,2.5,left-hand,0.285,0.715
1,2.5,right-hand,0.0072,0.9928
1,2.5,right-hand,0.3286,0.6714
1,2.5,right-hand,0.3861,0.6139
1,2.5,right-hand,0.8229,0.1771
1,2.5,left-hand,0.9744,0.0256
1,2.5,right-hand,0.367,0.633
1,2.5,left-hand,0.1856,0.8144
1,2.5,right-hand,0.0102,0.9898
1,2.5,left-hand,0.7674,0.2326
1,2.5,left-hand,0.3677,0.6323
1,2.5,right-hand,0.8785,0.1215
1,2.5,left-hand,0.0,1.0
1,2.5,left-hand,0.2146,0.7854
1,2.5,right-hand,0.2432,0.7568
1,2.5,left-hand,0.0015,0.9985
1,2.5,left-hand,0.9008,0.0992
1,2.5,right-hand,0.6815,0.3185
1,2.5,right-hand,0.6109,0.3891
1,2.5,right-hand,0.5669,0.4331
1,2.5,left-hand,0.0152,0.9848
1,2.5,right-hand,0.756,0.244
1,2.5,right-hand,0.0964,0.9036
1,2.5,left-hand,0.9689,0.0311
1,2.5,right-hand,0.0007,0.9993
1,2.5,right-hand,0.2191,0.7809
1,2.5,right-hand,0.0022,0.9978
1,2.5,left-hand,0.0606,0.9394
1,2.5,left-hand,0.4663,0.5337
2,2.5,right-hand,0.0139,0.9861
2,2.5,left-hand,0.8428,0.1572
2,2.5,right-hand,0.0492,0.9508
2,2.5,left-hand,0.7082,0.2918
2,2.5,right-hand,0.9719,0.0281
2,2.5,right-hand,0.9001,0.0999
2,2.5,right-hand,0.0782,0.9218
2,2.5,right-hand,0.9172,0.0828
2,2.5,right-hand,0.9314,0.0686
2,2.5,left-hand,0.8514,0.1486
2,2.5,left-hand,0.4491,0.5509
2,2.5,right-hand,0.2465,0.7535
2,2.5,left-hand,0.6879,0.3121
2,2.5,left-hand,0.1279,0.8721
2,2.5,right-hand,0.1629,0.8371
2,2.5,left-hand,0.9729,0.0271
2,2.5,left-hand,0.0381,0.9619
2,2.5,right-hand,0.7551,0.2449
2,2.5,left-hand,0.2758,0.7242
2,2.5,right-hand,0.8874,0.1126
2,2.5,right-hand,0.0064,0.9936
2,2.5,left-hand,0.4655,0.5345
2,2.5,right-hand,0.0001,0.9999
2,2.5,left-hand,0.5645,0.4355
2,2.5,left-hand,0.4432,0.5568
2,2.5,right-hand,0.4396,0.5604
2,2.5,right-hand,0.9295,0.0705
2,2.5,left-hand,0.3782,0.6218
2,2.5,left-hand,0.0748,0.9252
2,2.5,right-hand,0.3884,0.6116
2,2.5,right-hand,0.2739,0.7261
2,2.5,left-hand,0.0726,0.9274
2,2.5,left-hand,0.055,0.945
2,2.5,left-hand,0.0122,0.9878
2,2.5,left-hand,0.6615,0.3385
2,2.5,right-hand,0.0003,0.9997
2,2.5,right-hand,0.2699,0.7301
2,2.5,right-hand,0.4801,0.5199
2,2.5,right-hand,0.7965,0.2035
2,2.5,left-hand,0.5919,0.4081
2,2.5,left-hand,0.0715,0.9285
2,2.5,left-hand,0.3316,0.6684
2,2.5,left-hand,0.7282,0.2718
2,2.5,left-hand,0.9955,0.0045
2,2.5,right-hand,0.8282,0.1718
2,2.5,right-hand,0.9816,0.0184
2,2.5,left-hand,0.7206,0.2794
2,2.5,right-hand,0.7679,0.2321
2,2.5,left-hand,0.707,0.293
2,2.5,right-hand,0.1241,0.8759
2,2.5,left-hand,0.9058,0.0942
2,2.5,left-hand,0.9417,0.0583
2,2.5,left-hand,0.9951,0.0049
2,2.5,right-hand,0.0971,0.9029
2,2.5,left-hand,0.9851,0.0149
2,2.5,right-hand,0.1203,0.8797
2,2.5,right-hand,0.9179,0.0821
2,2.5,right-hand,0.9737,0.0263
3,2.5,right-hand,0.5046,0.4954
3,2.5,left-hand,0.1102,0.8898
3,2.5,left-hand,0.5884,0.4116
3,2.5,left-hand,0.3191,0.6809
3,2.5,left-hand,1.0,0.0
3,2.5,right-hand,0.0451,0.9549
3,2.5,right-hand,0.6458,0.3542
3,2.5,left-hand,0.2009,0.7991
3,2.5,right-hand,0.7726,0.2274
3,2.5,left-hand,0.1128,0.8872
3,2.5,left-hand,0.5801,0.4199
3,2.5,right-hand,0.4069,0.5931
3,2.5,right-hand,0.046,0.954
3,2.5,right-hand,0.4103,0.5897
3,2.5,right-hand,0.2185,0.7815
3,2.5,left-hand,0.6861,0.3139
3,2.5,left-hand,0.6514,0.3486
3,2.5,right-hand,0.5963,0.4037
3,2.5,left-hand,0.8387,0.1613
3,2.5,right-hand,0.0982,0.9018
3,2.5,left-hand,0.5597,0.4403
3,2.5,right-hand,0.8786,0.1214
3,2.5,right-hand,0.0168,0.9832
3,2.5,left-hand,0.036,0.964
3,2.5,left-hand,0.4938,0.5062
3,2.5,right-hand,0.5003,0.4997
3,2.5,left-hand,0.0104,0.9896
3,2.5,right-hand,0.1863,0.8137
3,2.5,right-hand,0.1898,0.8102
3,2.5,left-hand,0.8637,0.1363
3,2.5,left-hand,0.6163,0.3837
3,2.5,left-hand,0.9546,0.0454
3,2.5,right-hand,0.4259,0.5741
3,2.5,left-hand,0.0846,0.9154
3,2.5,left-hand,0.0417,0.9583
3,2.5,right-hand,0.0,1.0
3,2.5,left-hand,0.9998,0.0002
3,2.5,right-hand,0.9618,0.0382
3,2.5,left-hand,0.9499,0.0501
3,2.5,right-hand,0.4353,0.5647
3,2.5,right-hand,1.0,0.0
3,2.5,right-hand,0.8591,0.1409
3,2.5,left-hand,0.9805,0.0195
3,2.5,right-hand,0.397,0.603
3,2.5,left-hand,0.6397,0.3603
3,2.5,right-hand,0.2541,0.7459
3,2.5,left-hand,0.819,0.181
3,2.5,right-hand,0.5615,0.4385
3,2.5,left-hand,0.5067,0.4933
3,2.5,left-hand,0.9994,0.0006
3,2.5,right-hand,0.9923,0.0077
3,2.5,left-hand,0.9722,0.0278
3,2.5,right-hand,0.3882,0.6118
3,2.5,right-hand,0.8986,0.1014
3,2.5,right-hand,0.0957,0.9043
3,2.5,right-hand,0.2103,0.7897
3,2.5,left-hand,0.894,0.106
3,2.5,left-hand,0.0271,0.9729
4,2.5,left-hand,0.1983,0.8017
4,2.5,right-hand,0.8558,0.1442
4,2.5,right-hand,0.7075,0.2925
4,2.5,left-hand,0.3726,0.6274
4,2.5,left-hand,0.806,0.194
4,2.5,right-hand,0.8951,0.1049
4,2.5,left-hand,0.5259,0.4741
4,2.5,right-hand,0.7111,0.2889
4,2.5,left-hand,0.3867,0.6133
4,2.5,right-hand,0.8351,0.1649
4,2.5,left-hand,0.586,0.414
4,2.5,right-hand,0.9961,0.0039
4,2.5,left-hand,0.8044,0.1956
4,2.5,left-hand,0.924,0.076
4,2.5,left-hand,0.66,0.34
4,2.5,right-hand,0.9794,0.0206
4,2.5,right-hand,0.0,1.0
4,2.5,left-hand,0.9921,0.0079
4,2.5,left-hand,0.0626,0.9374
4,2.5,right-hand,0.7311,0.2689
4,2.5,left-hand,0.2069,0.7931
4,2.5,right-hand,0.9095,0.0905
4,2.5,right-hand,0.9974,0.0026
4,2.5,right-hand,0.7274,0.2726
4,2.5,right-hand,0.7282,0.2718
4,2.5,left-hand,0.1069,0.8931
4,2.5,right-hand,0.9717,0.0283
4,2.5,left-hand,0.0944,0.9056
4,2.5,right-hand,0.9238,0.0762
4,2.5,left-hand,0.1605,0.8395
4,2.5,left-hand,0.5074,0.4926
4,2.5,right-hand,0.9489,0.0511
4,2.5,right-hand,0.1021,0.8979
4,2.5,right-hand,0.0015,0.9985
4,2.5,left-hand,0.9747,0.0253
4,2.5,left-hand,0.2037,0.7963
4,2.5,right-hand,0.2308,0.7692
4,2.5,left-hand,0.8899,0.1101
4,2.5,right-hand,0.0348,0.9652
4,2.5,right-hand,0.5081,0.4919
4,2.5,right-hand,0.7045,0.2955
4,2.5,right-hand,0.0522,0.9478
4,2.5,left-hand,0.0008,0.9992
4,2.5,left-hand,0.868,0.132
4,2.5,right-hand,0.7727,0.2273
4,2.5,left-hand,0.2247,0.7753
4,2.5,right-hand,0.0718,0.9282
4,2.5,left-hand,0.8634,0.1366
4,2.5,left-hand,0.0686,0.9314
4,2.5,left-hand,0.9784,0.0216
4,2.5,left-hand,0.5226,0.4774
4,2.5,right-hand,0.1181,0.8819
4,2.5,right-hand,0.4765,0.5235
4,2.5,right-hand,0.0323,0.9677
4,2.5,left-hand,0.1419,0.8581
4,2.5,left-hand,0.0227,0.9773
4,2.5,left-hand,0.137,0.863
5,2.5,left-hand,0.998,0.002
5,2.5,right-hand,0.8949,0.1051
5,2.5,right-hand,0.6883,0.3117
5,2.5,right-hand,0.877,0.123
5,2.5,left-hand,0.9939,0.0061
5,2.5,left-hand,0.0193,0.9807
5,2.5,left-hand,0.6167,0.3833
5,2.5,left-hand,0.7235,0.2765
5,2.5,left-hand,0.9374,0.0626
5,2.5,right-hand,0.1545,0.8455
5,2.5,right-hand,0.1269,0.8731
5,2.5,right-hand,0.9752,0.0248
5,2.5,left-hand,0.6843,0.3157
5,2.5,right-hand,0.1505,0.8495
5,2.5,left-hand,0.9985,0.0015
5,2.5,right-hand,0.0417,0.9583
5,2.5,right-hand,0.9799,0.0201
5,2.5,right-hand,0.3663,0.6337
5,2.5,right-hand,0.9289,0.0711
5,2.5,right-hand,0.8228,0.1772
5,2.5,left-hand,1.0,0.0
5,2.5,right-hand,0.2463,0.7537
5,2.5,right-hand,0.0004,0.9996
5,2.5,left-hand,0.992,0.008
5,2.5,left-hand,0.9535,0.0465
5,2.5,left-hand,0.9963,0.0037
5,2.5,left-hand,0.4012,0.5988
5,2.5,left-hand,0.9396,0.0604
5,2.5,right-hand,1.0,0.0
5,2.5,left-hand,1.0,0.0
5,2.5,right-hand,1.0,0.0
5,2.5,right-hand,0.9957,0.0043
5,2.5,left-hand,0.9789,0.0211
5,2.5,left-hand,0.9914,0.0086
5,2.5,left-hand,0.9995,0.0005
5,2.5,right-hand,0.9162,0.0838
5,2.5,left-hand,0.7746,0.2254
5,2.5,right-hand,0.5793,0.4207
5,2.5,right-hand,0.9774,0.0226
5,2.5,left-hand,0.9128,0.0872
5,2.5,right-hand,0.5759,0.4241
5,2.5,right-hand,0.4378,0.5622
5,2.5,left-hand,0.2177,0.7823
5,2.5,right-hand,0.6957,0.3043
5,2.5,right-hand,0.9963,0.0037
5,2.5,left-hand,0.8628,0.1372
5,2.5,left-hand,0.9982,0.0018
5,2.5,left-hand,0.0287,0.9713
5,2.5,left-hand,0.7189,0.2811
5,2.5,right-hand,0.7656,0.2344
5,2.5,right-hand,0.9864,0.0136
5,2.5,left-hand,0.2281,0.7719
5,2.5,right-hand,0.069,0.931
5,2.5,right-hand,0.9957,0.0043
5,2.5,left-hand,0.6922,0.3078
5,2.5,left-hand,0.9652,0.0348
5,2.5,right-hand,0.107,0.893
