fold,tmin,true_label,left-hand,right-hand
1,2.5,left-hand,0.9797,0.0203
1,2.5,right-hand,0.0149,0.9851
1,2.5,left-hand,0.4935,0.5065
1,2.5,right-hand,0.0072,0.9928
1,2.5,left-hand,0.9556,0.0444
1,2.5,right-hand,0.6701,0.3299
1,2.5,left-hand,0.6827,0.3173
1,2.5,right-hand,0.0068,0.9932
1,2.5,left-hand,0.3307,0.6693
1,2.5,left-hand,0.3592,0.6408
1,2.5,left-hand,0.7971,0.2029
1,2.5,right-hand,0.938,0.062
1,2.5,left-hand,0.9964,0.0036
1,2.5,right-hand,0.9387,0.0613
1,2.5,right-hand,0.0005,0.9995
1,2.5,left-hand,0.9975,0.0025
1,2.5,left-hand,0.1512,0.8488
1,2.5,right-hand,0.7677,0.2323
1,2.5,right-hand,0.0029,0.9971
1,2.5,right-hand,0.0201,0.9799
1,2.5,right-hand,0.0284,0.9716
1,2.5,left-hand,0.9951,0.0049
1,2.5,left-hand,0.983,0.017
1,2.5,left-hand,0.9984,0.0016
1,2.5,left-hand,0.9533,0.0467
1,2.5,left-hand,0.1555,0.8445
1,2.5,right-hand,0.0606,0.9394
1,2.5,right-hand,0.0594,0.9406
1,2.5,left-hand,0.9969,0.0031
1,2.5,left-hand,0.9892,0.0108
1,2.5,right-hand,0.2637,0.7363
1,2.5,right-hand,0.0495,0.9505
1,2.5,right-hand,0.0001,0.9999
1,2.5,right-hand,0.4201,0.5799
1,2.5,left-hand,0.8626,0.1374
1,2.5,right-hand,0.0658,0.9342
1,2.5,left-hand,0.9491,0.0509
1,2.5,right-hand,0.0116,0.9884
1,2.5,left-hand,0.981,0.019
1,2.5,left-hand,0.5577,0.4423
1,2.5,right-hand,0.0258,0.9742
1,2.5,left-hand,0.9997,0.0003
1,2.5,left-hand,0.9774,0.0226
1,2.5,right-hand,0.0014,0.9986
1,2.5,left-hand,0.6489,0.3511
1,2.5,left-hand,0.0115,0.9885
1,2.5,right-hand,0.0104,0.9896
1,2.5,right-hand,0.0,1.0
1,2.5,right-hand,0.0576,0.9424
1,2.5,left-hand,0.9971,0.0029
1,2.5,right-hand,0.003,0.997
1,2.5,right-hand,0.0126,0.9874
1,2.5,left-hand,0.8842,0.1158
1,2.5,right-hand,0.5679,0.4321
1,2.5,right-hand,0.0,1.0
1,2.5,right-hand,0.0217,0.9783
1,2.5,left-hand,0.9999,0.0001
1,2.5,left-hand,0.9669,0.0331
2,2.5,right-hand,0.4572,0.5428
2,2.5,left-hand,0.4236,0.5764
2,2.5,right-hand,0.4317,0.5683
2,2.5,left-hand,0.9706,0.0294
2,2.5,right-hand,0.2853,0.7147
2,2.5,right-hand,0.3683,0.6317
2,2.5,right-hand,0.008,0.992
2,2.5,right-hand,0.0358,0.9642
2,2.5,right-hand,0.0091,0.9909
2,2.5,left-hand,0.8746,0.1254
2,2.5,left-hand,0.001,0.999
2,2.5,right-hand,0.5343,0.4657
2,2.5,left-hand,1.0,0.0
2,2.5,left-hand,0.8996,0.1004
2,2.5,right-hand,0.0001,0.9999
2,2.5,left-hand,0.0034,0.9966
2,2.5,left-hand,0.982,0.018
2,2.5,right-hand,0.0076,0.9924
2,2.5,left-hand,0.9813,0.0187
2,2.5,right-hand,0.0033,0.9967
2,2.5,right-hand,0.058,0.942
2,2.5,left-hand,0.9948,0.0052
2,2.5,right-hand,0.0324,0.9676
2,2.5,left-hand,0.3305,0.6695
2,2.5,left-hand,0.5841,0.4159
2,2.5,right-hand,0.0,1.0
2,2.5,right-hand,0.0015,0.9985
2,2.5,left-hand,0.9801,0.0199
2,2.5,left-hand,0.9928,0.0072
2,2.5,right-hand,0.0007,0.9993
2,2.5,right-hand,0.034,0.966
2,2.5,left-hand,0.9871,0.0129
2,2.5,left-hand,0.9993,0.0007
2,2.5,left-hand,0.8614,0.1386
2,2.5,left-hand,0.9615,0.0385
2,2.5,right-hand,0.2333,0.7667
2,2.5,right-hand,0.0074,0.9926
2,2.5,right-hand,0.0063,0.9937
2,2.5,right-hand,0.0004,0.9996
2,2.5,left-hand,0.967,0.033
2,2.5,left-hand,0.9825,0.0175
2,2.5,left-hand,0.9961,0.0039
2,2.5,left-hand,0.7373,0.2627
2,2.5,left-hand,0.6046,0.3954
2,2.5,right-hand,0.7836,0.2164
2,2.5,right-hand,0.237,0.763
2,2.5,left-hand,0.9922,0.0078
2,2.5,right-hand,0.0224,0.9776
2,2.5,left-hand,1.0,0.0
2,2.5,right-hand,0.0004,0.9996
2,2.5,left-hand,0.9999,0.0001
2,2.5,left-hand,1.0,0.0
2,2.5,left-hand,1.0,0.0
2,2.5,right-hand,0.0018,0.9982
2,2.5,left-hand,0.9424,0.0576
2,2.5,right-hand,0.9309,0.0691
2,2.5,right-hand,0.0005,0.9995
2,2.5,right-hand,0.0002,0.9998
3,2.5,right-hand,0.0005,0.9995
3,2.5,left-hand,1.0,0.0
3,2.5,left-hand,0.9743,0.0257
3,2.5,left-hand,1.0,0.0
3,2.5,left-hand,0.9231,0.0769
3,2.5,right-hand,0.2535,0.7465
3,2.5,right-hand,0.0003,0.9997
3,2.5,left-hand,0.8695,0.1305
3,2.5,right-hand,0.9524,0.0476
3,2.5,left-hand,0.997,0.003
3,2.5,left-hand,0.9982,0.0018
3,2.5,right-hand,0.0648,0.9352
3,2.5,right-hand,0.0001,0.9999
3,2.5,right-hand,0.0012,0.9988
3,2.5,right-hand,0.9016,0.0984
3,2.5,left-hand,0.9069,0.0931
3,2.5,left-hand,0.9998,0.0002
3,2.5,right-hand,0.0257,0.9743
3,2.5,left-hand,0.5588,0.4412
3,2.5,right-hand,0.0665,0.9335
3,2.5,left-hand,0.9678,0.0322
3,2.5,right-hand,0.9633,0.0367
3,2.5,right-hand,0.7738,0.2262
3,2.5,left-hand,1.0,0.0
3,2.5,left-hand,0.9866,0.0134
3,2.5,right-hand,0.3891,0.6109
3,2.5,left-hand,0.9937,0.0063
3,2.5,right-hand,0.0022,0.9978
3,2.5,right-hand,0.0451,0.9549
3,2.5,left-hand,0.7764,0.2236
3,2.5,left-hand,0.9767,0.0233
3,2.5,left-hand,0.9795,0.0205
3,2.5,right-hand,0.0004,0.9996
3,2.5,left-hand,0.9481,0.0519
3,2.5,left-hand,1.0,0.0
3,2.5,right-hand,0.1528,0.8472
3,2.5,left-hand,1.0,0.0
3,2.5,right-hand,0.585,0.415
3,2.5,left-hand,0.9994,0.0006
3,2.5,right-hand,0.0121,0.9879
3,2.5,right-hand,0.0123,0.9877
3,2.5,right-hand,0.0391,0.9609
3,2.5,left-hand,0.9998,0.0002
3,2.5,right-hand,0.1083,0.8917
3,2.5,left-hand,0.9998,0.0002
3,2.5,right-hand,0.0365,0.9635
3,2.5,left-hand,1.0,0.0
3,2.5,right-hand,0.9657,0.0343
3,2.5,left-hand,0.9984,0.0016
3,2.5,left-hand,0.8789,0.1211
3,2.5,right-hand,0.0354,0.9646
3,2.5,left-hand,0.9311,0.0689
3,2.5,right-hand,0.0143,0.9857
3,2.5,right-hand,0.0113,0.9887
3,2.5,right-hand,0.442,0.558
3,2.5,right-hand,0.2693,0.7307
3,2.5,left-hand,0.9939,0.0061
3,2.5,left-hand,0.9651,0.0349
4,2.5,left-hand,0.9832,0.0168
4,2.5,right-hand,0.0,1.0
4,2.5,right-hand,0.0033,0.9967
4,2.5,left-hand,0.4725,0.5275
4,2.5,left-hand,0.0268,0.9732
4,2.5,right-hand,0.0198,0.9802
4,2.5,left-hand,0.9997,0.0003
4,2.5,right-hand,0.0004,0.9996
4,2.5,left-hand,0.9918,0.0082
4,2.5,right-hand,0.0237,0.9763
4,2.5,left-hand,0.1116,0.8884
4,2.5,right-hand,0.0001,0.9999
4,2.5,left-hand,0.854,0.146
4,2.5,left-hand,0.0597,0.9403
4,2.5,left-hand,0.0661,0.9339
4,2.5,right-hand,0.0008,0.9992
4,2.5,right-hand,0.014,0.986
4,2.5,left-hand,0.0348,0.9652
4,2.5,left-hand,0.0063,0.9937
4,2.5,right-hand,0.0017,0.9983
4,2.5,left-hand,0.0106,0.9894
4,2.5,right-hand,0.8769,0.1231
4,2.5,right-hand,0.1013,0.8987
4,2.5,right-hand,0.0007,0.9993
4,2.5,right-hand,0.0,1.0
4,2.5,left-hand,1.0,0.0
4,2.5,right-hand,0.9995,0.0005
4,2.5,left-hand,1.0,0.0
4,2.5,right-hand,0.0491,0.9509
4,2.5,left-hand,1.0,0.0
4,2.5,left-hand,0.9966,0.0034
4,2.5,right-hand,0.0055,0.9945
4,2.5,right-hand,0.0,1.0
4,2.5,right-hand,0.0001,0.9999
4,2.5,left-hand,0.7614,0.2386
4,2.5,left-hand,0.9987,0.0013
4,2.5,right-hand,0.0045,0.9955
4,2.5,left-hand,1.0,0.0
4,2.5,right-hand,0.1975,0.8025
4,2.5,right-hand,0.8404,0.1596
4,2.5,right-hand,0.0,1.0
4,2.5,right-hand,0.0,1.0
4,2.5,left-hand,1.0,0.0
4,2.5,left-hand,0.9983,0.0017
4,2.5,right-hand,0.0882,0.9118
4,2.5,left-hand,0.9773,0.0227
4,2.5,right-hand,0.0009,0.9991
4,2.5,left-hand,0.1148,0.8852
4,2.5,left-hand,0.9999,0.0001
4,2.5,left-hand,0.4976,0.5024
4,2.5,left-hand,0.9998,0.0002
4,2.5,right-hand,0.0072,0.9928
4,2.5,right-hand,0.0,1.0
4,2.5,right-hand,0.0062,0.9938
4,2.5,left-hand,0.9646,0.0354
4,2.5,left-hand,1.0,0.0
4,2.5,left-hand,0.0518,0.9482
5,2.5,left-hand,0.7981,0.2019
5,2.5,right-hand,0.0459,0.9541
5,2.5,right-hand,0.0002,0.9998
5,2.5,right-hand,0.0872,0.9128
5,2.5,left-hand,0.2299,0.7701
5,2.5,left-hand,0.9992,0.0008
5,2.5,left-hand,0.9488,0.0512
5,2.5,left-hand,0.9981,0.0019
5,2.5,left-hand,0.9726,0.0274
5,2.5,right-hand,0.0888,0.9112
5,2.5,right-hand,0.0062,0.9938
5,2.5,right-hand,0.015,0.985
5,2.5,left-hand,0.233,0.767
5,2.5,right-hand,0.275,0.725
5,2.5,left-hand,0.7951,0.2049
5,2.5,right-hand,0.1704,0.8296
5,2.5,right-hand,0.0002,0.9998
5,2.5,right-hand,0.0034,0.9966
5,2.5,right-hand,0.0026,0.9974
5,2.5,right-hand,0.383,0.617
5,2.5,left-hand,0.6383,0.3617
5,2.5,right-hand,0.2286,0.7714
5,2.5,right-hand,0.5901,0.4099
5,2.5,left-hand,0.0819,0.9181
5,2.5,left-hand,0.7985,0.2015
5,2.5,left-hand,0.8804,0.1196
5,2.5,left-hand,0.2216,0.7784
5,2.5,left-hand,0.9758,0.0242
5,2.5,right-hand,0.0011,0.9989
5,2.5,left-hand,0.9998,0.0002
5,2.5,right-hand,0.0,1.0
5,2.5,right-hand,0.1784,0.8216
5,2.5,left-hand,0.999,0.001
5,2.5,left-hand,0.9999,0.0001
5,2.5,left-hand,0.0407,0.9593
5,2.5,right-hand,0.0005,0.9995
5,2.5,left-hand,0.9796,0.0204
5,2.5,right-hand,0.0034,0.9966
5,2.5,right-hand,1.0,0.0
5,2.5,left-hand,1.0,0.0
5,2.5,right-hand,0.0,1.0
5,2.5,right-hand,0.0006,0.9994
5,2.5,left-hand,0.9409,0.0591
5,2.5,right-hand,0.0013,0.9987
5,2.5,right-hand,0.0,1.0
5,2.5,left-hand,0.9957,0.0043
5,2.5,left-hand,0.9938,0.0062
5,2.5,left-hand,0.9972,0.0028
5,2.5,left-hand,1.0,0.0
5,2.5,right-hand,0.0003,0.9997
5,2.5,right-hand,0.569,0.431
5,2.5,left-hand,0.1578,0.8422
5,2.5,right-hand,0.0146,0.9854
5,2.5,right-hand,0.0054,0.9946
5,2.5,left-hand,1.0,0.0
5,2.5,left-hand,0.9633,0.0367
5,2.5,right-hand,0.5512,0.4488
