fold,tmin,true_label,left-hand,right-hand
1,2.5,right-hand,0.1396,0.8604
1,2.5,left-hand,0.0161,0.9839
1,2.5,left-hand,0.4244,0.5756
1,2.5,right-hand,0.0063,0.9937
1,2.5,right-hand,0.0071,0.9929
1,2.5,left-hand,0.893,0.107
1,2.5,left-hand,0.2812,0.7188
1,2.5,right-hand,0.3302,0.6698
1,2.5,right-hand,0.7537,0.2463
1,2.5,left-hand,0.9969,0.0031
1,2.5,right-hand,0.1319,0.8681
1,2.5,right-hand,0.5798,0.4202
1,2.5,right-hand,0.7651,0.2349
1,2.5,left-hand,0.9998,0.0002
1,2.5,left-hand,0.7038,0.2962
1,2.5,left-hand,0.8279,0.1721
1,2.5,right-hand,0.1689,0.8311
1,2.5,left-hand,0.7225,0.2775
1,2.5,right-hand,0.0658,0.9342
1,2.5,left-hand,0.3908,0.6092
1,2.5,left-hand,0.9995,0.0005
1,2.5,right-hand,0.5349,0.4651
1,2.5,right-hand,0.3149,0.6851
1,2.5,right-hand,0.5494,0.4506
1,2.5,right-hand,0.1497,0.8503
1,2.5,right-hand,0.013,0.987
1,2.5,left-hand,0.9763,0.0237
1,2.5,left-hand,0.1986,0.8014
1,2.5,right-hand,0.2039,0.7961
1,2.5,right-hand,0.6106,0.3894
1,2.5,left-hand,0.9976,0.0024
1,2.5,left-hand,0.4878,0.5122
1,2.5,left-hand,0.9477,0.0523
1,2.5,left-hand,0.0872,0.9128
1,2.5,right-hand,0.1558,0.8442
1,2.5,left-hand,0.2372,0.7628
1,2.5,left-hand,0.4157,0.5843
1,2.5,right-hand,0.1691,0.8309
1,2.5,left-hand,0.9351,0.0649
1,2.5,right-hand,0.6316,0.3684
1,2.5,right-hand,0.7975,0.2025
1,2.5,right-hand,0.577,0.423
1,2.5,left-hand,0.8592,0.1408
1,2.5,right-hand,0.0337,0.9663
1,2.5,left-hand,0.7398,0.2602
1,2.5,right-hand,0.9093,0.0907
1,2.5,left-hand,0.9995,0.0005
1,2.5,right-hand,0.1578,0.8422
1,2.5,left-hand,0.1054,0.8946
1,2.5,right-hand,0.9989,0.0011
1,2.5,left-hand,0.0686,0.9314
1,2.5,right-hand,0.4285,0.5715
1,2.5,left-hand,0.9933,0.0067
1,2.5,left-hand,0.468,0.532
1,2.5,right-hand,0.9649,0.0351
1,2.5,right-hand,0.0751,0.9249
1,2.5,left-hand,0.1325,0.8675
1,2.5,left-hand,0.991,0.009
2,2.5,left-hand,0.9858,0.0142
2,2.5,right-hand,0.8743,0.1257
2,2.5,left-hand,0.029,0.971
2,2.5,left-hand,0.4053,0.5947
2,2.5,left-hand,0.4389,0.5611
2,2.5,right-hand,0.0394,0.9606
2,2.5,left-hand,0.0031,0.9969
2,2.5,left-hand,0.2678,0.7322
2,2.5,left-hand,0.9866,0.0134
2,2.5,right-hand,0.2085,0.7915
2,2.5,left-hand,0.009,0.991
2,2.5,right-hand,0.3489,0.6511
2,2.5,right-hand,0.8402,0.1598
2,2.5,left-hand,0.8497,0.1503
2,2.5,right-hand,0.2699,0.7301
2,2.5,right-hand,0.1391,0.8609
2,2.5,right-hand,0.3763,0.6237
2,2.5,left-hand,0.6159,0.3841
2,2.5,left-hand,0.7895,0.2105
2,2.5,right-hand,0.9357,0.0643
2,2.5,right-hand,0.9139,0.0861
2,2.5,left-hand,0.1039,0.8961
2,2.5,left-hand,0.6285,0.3715
2,2.5,right-hand,0.1306,0.8694
2,2.5,right-hand,0.5697,0.4303
2,2.5,left-hand,0.0244,0.9756
2,2.5,right-hand,0.0192,0.9808
2,2.5,left-hand,0.3342,0.6658
2,2.5,right-hand,0.0106,0.9894
2,2.5,left-hand,0.8763,0.1237
2,2.5,right-hand,0.7268,0.2732
2,2.5,right-hand,0.6247,0.3753
2,2.5,left-hand,0.0197,0.9803
2,2.5,right-hand,0.2413,0.7587
2,2.5,left-hand,0.9925,0.0075
2,2.5,left-hand,0.7473,0.2527
2,2.5,right-hand,0.054,0.946
2,2.5,left-hand,0.9804,0.0196
2,2.5,left-hand,0.3477,0.6523
2,2.5,right-hand,0.5101,0.4899
2,2.5,right-hand,0.8666,0.1334
2,2.5,right-hand,0.092,0.908
2,2.5,right-hand,0.1434,0.8566
2,2.5,left-hand,0.8222,0.1778
2,2.5,right-hand,0.3072,0.6928
2,2.5,left-hand,0.4911,0.5089
2,2.5,right-hand,0.8008,0.1992
2,2.5,right-hand,0.038,0.962
2,2.5,left-hand,0.9715,0.0285
2,2.5,right-hand,0.9727,0.0273
2,2.5,left-hand,0.9964,0.0036
2,2.5,right-hand,0.161,0.839
2,2.5,right-hand,0.5153,0.4847
2,2.5,left-hand,0.2326,0.7674
2,2.5,left-hand,0.475,0.525
2,2.5,right-hand,0.9232,0.0768
2,2.5,left-hand,0.916,0.084
2,2.5,left-hand,0.8876,0.1124
3,2.5,right-hand,0.6138,0.3862
3,2.5,left-hand,0.4865,0.5135
3,2.5,right-hand,0.6886,0.3114
3,2.5,right-hand,0.0181,0.9819
3,2.5,right-hand,0.065,0.935
3,2.5,left-hand,0.3118,0.6882
3,2.5,left-hand,0.0639,0.9361
3,2.5,left-hand,0.9744,0.0256
3,2.5,right-hand,0.5747,0.4253
3,2.5,left-hand,0.9538,0.0462
3,2.5,right-hand,0.0268,0.9732
3,2.5,right-hand,0.0048,0.9952
3,2.5,left-hand,0.7802,0.2198
3,2.5,left-hand,0.1631,0.8369
3,2.5,left-hand,0.2911,0.7089
3,2.5,right-hand,0.4136,0.5864
3,2.5,left-hand,0.0009,0.9991
3,2.5,right-hand,0.0081,0.9919
3,2.5,right-hand,0.423,0.577
3,2.5,left-hand,0.7117,0.2883
3,2.5,right-hand,0.478,0.522
3,2.5,left-hand,0.7108,0.2892
3,2.5,right-hand,0.7394,0.2606
3,2.5,left-hand,0.1776,0.8224
3,2.5,right-hand,0.4723,0.5277
3,2.5,left-hand,0.7456,0.2544
3,2.5,right-hand,0.0195,0.9805
3,2.5,left-hand,0.2846,0.7154
3,2.5,right-hand,0.0572,0.9428
3,2.5,right-hand,0.0107,0.9893
3,2.5,left-hand,0.018,0.982
3,2.5,right-hand,0.2195,0.7805
3,2.5,left-hand,0.7397,0.2603
3,2.5,right-hand,0.9736,0.0264
3,2.5,left-hand,0.5214,0.4786
3,2.5,right-hand,0.6123,0.3877
3,2.5,right-hand,0.0618,0.9382
3,2.5,left-hand,0.7927,0.2073
3,2.5,right-hand,0.6752,0.3248
3,2.5,left-hand,0.2684,0.7316
3,2.5,left-hand,0.3304,0.6696
3,2.5,left-hand,0.0127,0.9873
3,2.5,right-hand,0.108,0.892
3,2.5,right-hand,0.9918,0.0082
3,2.5,left-hand,0.0512,0.9488
3,2.5,left-hand,0.9885,0.0115
3,2.5,right-hand,0.0118,0.9882
3,2.5,right-hand,0.1962,0.8038
3,2.5,left-hand,0.7975,0.2025
3,2.5,left-hand,0.6993,0.3007
3,2.5,right-hand,0.9888,0.0112
3,2.5,left-hand,0.4586,0.5414
3,2.5,right-hand,0.841,0.159
3,2.5,left-hand,0.0957,0.9043
3,2.5,left-hand,0.3709,0.6291
3,2.5,right-hand,0.1565,0.8435
3,2.5,left-hand,0.0242,0.9758
3,2.5,right-hand,0.0732,0.9268
4,2.5,right-hand,0.6899,0.3101
4,2.5,left-hand,0.976,0.024
4,2.5,left-hand,0.5777,0.4223
4,2.5,right-hand,0.0004,0.9996
4,2.5,right-hand,0.0084,0.9916
4,2.5,left-hand,0.0291,0.9709
4,2.5,left-hand,0.9966,0.0034
4,2.5,right-hand,0.5096,0.4904
4,2.5,right-hand,0.8265,0.1735
4,2.5,left-hand,0.92,0.08
4,2.5,left-hand,0.0216,0.9784
4,2.5,right-hand,0.9165,0.0835
4,2.5,right-hand,0.8482,0.1518
4,2.5,right-hand,0.0031,0.9969
4,2.5,right-hand,0.0058,0.9942
4,2.5,left-hand,0.9468,0.0532
4,2.5,left-hand,0.9981,0.0019
4,2.5,right-hand,0.0123,0.9877
4,2.5,right-hand,0.4392,0.5608
4,2.5,left-hand,0.2233,0.7767
4,2.5,left-hand,0.2225,0.7775
4,2.5,right-hand,0.7926,0.2074
4,2.5,left-hand,0.9983,0.0017
4,2.5,left-hand,0.8309,0.1691
4,2.5,right-hand,0.027,0.973
4,2.5,left-hand,0.4579,0.5421
4,2.5,left-hand,0.9744,0.0256
4,2.5,left-hand,0.9605,0.0395
4,2.5,right-hand,0.0204,0.9796
4,2.5,left-hand,0.5594,0.4406
4,2.5,right-hand,0.6577,0.3423
4,2.5,left-hand,0.567,0.433
4,2.5,right-hand,0.2413,0.7587
4,2.5,left-hand,0.0999,0.9001
4,2.5,left-hand,0.9989,0.0011
4,2.5,right-hand,0.0071,0.9929
4,2.5,left-hand,0.1824,0.8176
4,2.5,left-hand,0.5593,0.4407
4,2.5,left-hand,0.7841,0.2159
4,2.5,right-hand,0.544,0.456
4,2.5,left-hand,0.1469,0.8531
4,2.5,right-hand,0.2501,0.7499
4,2.5,right-hand,0.7818,0.2182
4,2.5,left-hand,0.3885,0.6115
4,2.5,right-hand,0.4733,0.5267
4,2.5,right-hand,0.4821,0.5179
4,2.5,left-hand,0.0843,0.9157
4,2.5,right-hand,0.8083,0.1917
4,2.5,right-hand,0.0048,0.9952
4,2.5,right-hand,0.8129,0.1871
4,2.5,left-hand,0.12,0.88
4,2.5,right-hand,0.0769,0.9231
4,2.5,right-hand,0.0072,0.9928
4,2.5,right-hand,0.0118,0.9882
4,2.5,left-hand,0.197,0.803
4,2.5,left-hand,0.0549,0.9451
4,2.5,right-hand,0.5301,0.4699
5,2.5,right-hand,0.0388,0.9612
5,2.5,left-hand,0.9906,0.0094
5,2.5,left-hand,0.0417,0.9583
5,2.5,left-hand,0.1903,0.8097
5,2.5,right-hand,0.0176,0.9824
5,2.5,right-hand,0.9781,0.0219
5,2.5,right-hand,0.0132,0.9868
5,2.5,right-hand,0.0415,0.9585
5,2.5,left-hand,0.5619,0.4381
5,2.5,right-hand,0.8329,0.1671
5,2.5,left-hand,0.0158,0.9842
5,2.5,left-hand,0.9385,0.0615
5,2.5,left-hand,0.0426,0.9574
5,2.5,left-hand,0.484,0.516
5,2.5,right-hand,0.983,0.017
5,2.5,right-hand,0.4759,0.5241
5,2.5,left-hand,0.8008,0.1992
5,2.5,left-hand,0.0171,0.9829
5,2.5,left-hand,0.0097,0.9903
5,2.5,left-hand,0.5307,0.4693
5,2.5,right-hand,0.2505,0.7495
5,2.5,right-hand,0.0039,0.9961
5,2.5,left-hand,0.032,0.968
5,2.5,left-hand,0.7903,0.2097
5,2.5,right-hand,0.9924,0.0076
5,2.5,right-hand,0.8488,0.1512
5,2.5,right-hand,0.9464,0.0536
5,2.5,right-hand,0.0708,0.9292
5,2.5,left-hand,0.5845,0.4155
5,2.5,left-hand,0.182,0.818
5,2.5,right-hand,0.7189,0.2811
5,2.5,right-hand,0.9318,0.0682
5,2.5,left-hand,0.0055,0.9945
5,2.5,right-hand,0.0108,0.9892
5,2.5,left-hand,0.5855,0.4145
5,2.5,right-hand,0.9717,0.0283
5,2.5,left-hand,0.9494,0.0506
5,2.5,right-hand,0.467,0.533
5,2.5,right-hand,0.3219,0.6781
5,2.5,left-hand,0.9485,0.0515
5,2.5,left-hand,0.6123,0.3877
5,2.5,right-hand,0.02,0.98
5,2.5,left-hand,0.2161,0.7839
5,2.5,left-hand,0.9907,0.0093
5,2.5,right-hand,0.9821,0.0179
5,2.5,left-hand,0.9509,0.0491
5,2.5,right-hand,0.9893,0.0107
5,2.5,right-hand,0.9967,0.0033
5,2.5,left-hand,0.9284,0.0716
5,2.5,right-hand,0.855,0.145
5,2.5,left-hand,0.1483,0.8517
5,2.5,right-hand,0.0142,0.9858
5,2.5,right-hand,0.9865,0.0135
5,2.5,right-hand,0.9924,0.0076
5,2.5,left-hand,0.6219,0.3781
5,2.5,left-hand,0.4642,0.5358
5,2.5,left-hand,0.1945,0.8055
