fold,tmin,true_label,left-hand,right-hand
1,2.5,right-hand,0.0979,0.9021
1,2.5,left-hand,0.0028,0.9972
1,2.5,left-hand,0.1626,0.8374
1,2.5,right-hand,0.0475,0.9525
1,2.5,right-hand,0.0452,0.9548
1,2.5,left-hand,0.9384,0.0616
1,2.5,left-hand,0.167,0.833
1,2.5,right-hand,0.355,0.645
1,2.5,right-hand,0.5237,0.4763
1,2.5,left-hand,0.9923,0.0077
1,2.5,right-hand,0.0013,0.9987
1,2.5,right-hand,0.5492,0.4508
1,2.5,right-hand,0.9298,0.0702
1,2.5,left-hand,0.9975,0.0025
1,2.5,left-hand,0.7164,0.2836
1,2.5,left-hand,0.4679,0.5321
1,2.5,right-hand,0.0953,0.9047
1,2.5,left-hand,0.4777,0.5223
1,2.5,right-hand,0.1908,0.8092
1,2.5,left-hand,0.7489,0.2511
1,2.5,left-hand,0.9985,0.0015
1,2.5,right-hand,0.6025,0.3975
1,2.5,right-hand,0.0863,0.9137
1,2.5,right-hand,0.2209,0.7791
1,2.5,right-hand,0.0315,0.9685
1,2.5,right-hand,0.0157,0.9843
1,2.5,left-hand,0.8638,0.1362
1,2.5,left-hand,0.5305,0.4695
1,2.5,right-hand,0.2127,0.7873
1,2.5,right-hand,0.9215,0.0785
1,2.5,left-hand,0.9915,0.0085
1,2.5,left-hand,0.8593,0.1407
1,2.5,left-hand,0.839,0.161
1,2.5,left-hand,0.0001,0.9999
1,2.5,right-hand,0.9969,0.0031
1,2.5,left-hand,0.548,0.452
1,2.5,left-hand,0.3881,0.6119
1,2.5,right-hand,0.0347,0.9653
1,2.5,left-hand,0.8743,0.1257
1,2.5,right-hand,0.4936,0.5064
1,2.5,right-hand,0.4709,0.5291
1,2.5,right-hand,0.4746,0.5254
1,2.5,left-hand,0.5999,0.4001
1,2.5,right-hand,0.0001,0.9999
1,2.5,left-hand,0.8672,0.1328
1,2.5,right-hand,0.9425,0.0575
1,2.5,left-hand,0.9997,0.0003
1,2.5,right-hand,0.941,0.059
1,2.5,left-hand,0.0016,0.9984
1,2.5,right-hand,0.9969,0.0031
1,2.5,left-hand,0.0806,0.9194
1,2.5,right-hand,0.2216,0.7784
1,2.5,left-hand,0.9249,0.0751
1,2.5,left-hand,0.0,1.0
1,2.5,right-hand,0.9778,0.0222
1,2.5,right-hand,0.048,0.952
1,2.5,left-hand,0.5391,0.4609
1,2.5,left-hand,0.9682,0.0318
2,2.5,left-hand,0.9843,0.0157
2,2.5,right-hand,0.6342,0.3658
2,2.5,left-hand,0.5155,0.4845
2,2.5,left-hand,0.3157,0.6843
2,2.5,left-hand,0.9956,0.0044
2,2.5,right-hand,0.0306,0.9694
2,2.5,left-hand,0.0,1.0
2,2.5,left-hand,0.628,0.372
2,2.5,left-hand,0.9975,0.0025
2,2.5,right-hand,0.1444,0.8556
2,2.5,left-hand,0.0064,0.9936
2,2.5,right-hand,0.6175,0.3825
2,2.5,right-hand,0.6003,0.3997
2,2.5,left-hand,0.9273,0.0727
2,2.5,right-hand,0.5859,0.4141
2,2.5,right-hand,0.2493,0.7507
2,2.5,right-hand,0.5363,0.4637
2,2.5,left-hand,0.968,0.032
2,2.5,left-hand,0.9794,0.0206
2,2.5,right-hand,0.8082,0.1918
2,2.5,right-hand,0.8897,0.1103
2,2.5,left-hand,0.4931,0.5069
2,2.5,left-hand,0.1865,0.8135
2,2.5,right-hand,0.7018,0.2982
2,2.5,right-hand,0.9237,0.0763
2,2.5,left-hand,0.1184,0.8816
2,2.5,right-hand,0.008,0.992
2,2.5,left-hand,0.857,0.143
2,2.5,right-hand,0.0606,0.9394
2,2.5,left-hand,0.34,0.66
2,2.5,right-hand,0.7977,0.2023
2,2.5,right-hand,0.6197,0.3803
2,2.5,left-hand,0.0649,0.9351
2,2.5,right-hand,0.1865,0.8135
2,2.5,left-hand,0.9973,0.0027
2,2.5,left-hand,1.0,0.0
2,2.5,right-hand,0.6433,0.3567
2,2.5,left-hand,0.9328,0.0672
2,2.5,left-hand,0.3343,0.6657
2,2.5,right-hand,0.7082,0.2918
2,2.5,right-hand,1.0,0.0
2,2.5,right-hand,0.0179,0.9821
2,2.5,right-hand,0.0318,0.9682
2,2.5,left-hand,0.7674,0.2326
2,2.5,right-hand,0.8646,0.1354
2,2.5,left-hand,0.6575,0.3425
2,2.5,right-hand,0.7917,0.2083
2,2.5,right-hand,0.5117,0.4883
2,2.5,left-hand,0.9881,0.0119
2,2.5,right-hand,0.9294,0.0706
2,2.5,left-hand,0.9991,0.0009
2,2.5,right-hand,0.5777,0.4223
2,2.5,right-hand,0.5195,0.4805
2,2.5,left-hand,0.0066,0.9934
2,2.5,left-hand,0.8713,0.1287
2,2.5,right-hand,0.8558,0.1442
2,2.5,left-hand,0.6744,0.3256
2,2.5,left-hand,0.9579,0.0421
3,2.5,right-hand,0.3929,0.6071
3,2.5,left-hand,0.3463,0.6537
3,2.5,right-hand,0.4861,0.5139
3,2.5,right-hand,0.0382,0.9618
3,2.5,right-hand,0.2302,0.7698
3,2.5,left-hand,0.1706,0.8294
3,2.5,left-hand,0.0012,0.9988
3,2.5,left-hand,0.9216,0.0784
3,2.5,right-hand,0.1862,0.8138
3,2.5,left-hand,0.9904,0.0096
3,2.5,right-hand,0.0236,0.9764
3,2.5,right-hand,0.038,0.962
3,2.5,left-hand,0.872,0.128
3,2.5,left-hand,0.0036,0.9964
3,2.5,left-hand,0.0183,0.9817
3,2.5,right-hand,0.3147,0.6853
3,2.5,left-hand,0.0066,0.9934
3,2.5,right-hand,0.0024,0.9976
3,2.5,right-hand,0.8762,0.1238
3,2.5,left-hand,0.958,0.042
3,2.5,right-hand,0.8035,0.1965
3,2.5,left-hand,0.1667,0.8333
3,2.5,right-hand,0.7652,0.2348
3,2.5,left-hand,0.2678,0.7322
3,2.5,right-hand,0.0383,0.9617
3,2.5,left-hand,0.8795,0.1205
3,2.5,right-hand,0.0413,0.9587
3,2.5,left-hand,0.5315,0.4685
3,2.5,right-hand,0.0819,0.9181
3,2.5,right-hand,0.0182,0.9818
3,2.5,left-hand,0.0326,0.9674
3,2.5,right-hand,0.2249,0.7751
3,2.5,left-hand,0.4013,0.5987
3,2.5,right-hand,0.8775,0.1225
3,2.5,left-hand,0.5288,0.4712
3,2.5,right-hand,0.2227,0.7773
3,2.5,right-hand,0.0071,0.9929
3,2.5,left-hand,0.4094,0.5906
3,2.5,right-hand,0.237,0.763
3,2.5,left-hand,0.0018,0.9982
3,2.5,left-hand,0.3794,0.6206
3,2.5,left-hand,0.3995,0.6005
3,2.5,right-hand,0.2042,0.7958
3,2.5,right-hand,0.9238,0.0762
3,2.5,left-hand,0.3179,0.6821
3,2.5,left-hand,0.9579,0.0421
3,2.5,right-hand,0.0001,0.9999
3,2.5,right-hand,0.4938,0.5062
3,2.5,left-hand,0.9975,0.0025
3,2.5,left-hand,0.5895,0.4105
3,2.5,right-hand,0.988,0.012
3,2.5,left-hand,0.0392,0.9608
3,2.5,right-hand,0.1308,0.8692
3,2.5,left-hand,0.1561,0.8439
3,2.5,left-hand,0.8396,0.1604
3,2.5,right-hand,0.0188,0.9812
3,2.5,left-hand,0.0477,0.9523
3,2.5,right-hand,0.1228,0.8772
4,2.5,right-hand,0.5901,0.4099
4,2.5,left-hand,0.9981,0.0019
4,2.5,left-hand,0.874,0.126
4,2.5,right-hand,0.001,0.999
4,2.5,right-hand,0.0441,0.9559
4,2.5,left-hand,0.2186,0.7814
4,2.5,left-hand,0.982,0.018
4,2.5,right-hand,0.4573,0.5427
4,2.5,right-hand,0.9288,0.0712
4,2.5,left-hand,0.9233,0.0767
4,2.5,left-hand,0.1053,0.8947
4,2.5,right-hand,0.9108,0.0892
4,2.5,right-hand,0.9673,0.0327
4,2.5,right-hand,0.0033,0.9967
4,2.5,right-hand,0.0026,0.9974
4,2.5,left-hand,0.9769,0.0231
4,2.5,left-hand,0.9896,0.0104
4,2.5,right-hand,0.0009,0.9991
4,2.5,right-hand,0.3855,0.6145
4,2.5,left-hand,0.188,0.812
4,2.5,left-hand,0.5727,0.4273
4,2.5,right-hand,0.9189,0.0811
4,2.5,left-hand,0.9995,0.0005
4,2.5,left-hand,0.9874,0.0126
4,2.5,right-hand,0.247,0.753
4,2.5,left-hand,0.5718,0.4282
4,2.5,left-hand,0.9986,0.0014
4,2.5,left-hand,0.0814,0.9186
4,2.5,right-hand,0.3561,0.6439
4,2.5,left-hand,0.8352,0.1648
4,2.5,right-hand,0.7168,0.2832
4,2.5,left-hand,0.2869,0.7131
4,2.5,right-hand,0.2864,0.7136
4,2.5,left-hand,1.0,0.0
4,2.5,left-hand,0.9999,0.0001
4,2.5,right-hand,0.0161,0.9839
4,2.5,left-hand,0.1004,0.8996
4,2.5,left-hand,0.6716,0.3284
4,2.5,left-hand,0.9435,0.0565
4,2.5,right-hand,0.3057,0.6943
4,2.5,left-hand,0.0471,0.9529
4,2.5,right-hand,0.4664,0.5336
4,2.5,right-hand,0.5991,0.4009
4,2.5,left-hand,0.3589,0.6411
4,2.5,right-hand,0.8946,0.1054
4,2.5,right-hand,0.6641,0.3359
4,2.5,left-hand,0.0438,0.9562
4,2.5,right-hand,0.696,0.304
4,2.5,right-hand,0.0046,0.9954
4,2.5,right-hand,0.6501,0.3499
4,2.5,left-hand,0.0903,0.9097
4,2.5,right-hand,0.2235,0.7765
4,2.5,right-hand,0.0181,0.9819
4,2.5,right-hand,0.0606,0.9394
4,2.5,left-hand,0.192,0.808
4,2.5,left-hand,0.1215,0.8785
4,2.5,right-hand,0.7418,0.2582
5,2.5,right-hand,0.6384,0.3616
5,2.5,left-hand,0.99,0.01
5,2.5,left-hand,0.0109,0.9891
5,2.5,left-hand,0.4804,0.5196
5,2.5,right-hand,0.0404,0.9596
5,2.5,right-hand,0.9668,0.0332
5,2.5,right-hand,0.0099,0.9901
5,2.5,right-hand,0.3771,0.6229
5,2.5,left-hand,0.8415,0.1585
5,2.5,right-hand,0.9189,0.0811
5,2.5,left-hand,0.0755,0.9245
5,2.5,left-hand,0.8043,0.1957
5,2.5,left-hand,0.2042,0.7958
5,2.5,left-hand,0.8999,0.1001
5,2.5,right-hand,0.8081,0.1919
5,2.5,right-hand,0.096,0.904
5,2.5,left-hand,0.9585,0.0415
5,2.5,left-hand,0.0019,0.9981
5,2.5,left-hand,0.3265,0.6735
5,2.5,left-hand,0.97,0.03
5,2.5,right-hand,0.7167,0.2833
5,2.5,right-hand,0.003,0.997
5,2.5,left-hand,0.3199,0.6801
5,2.5,left-hand,0.4939,0.5061
5,2.5,right-hand,0.9686,0.0314
5,2.5,right-hand,0.8752,0.1248
5,2.5,right-hand,0.6871,0.3129
5,2.5,right-hand,0.0434,0.9566
5,2.5,left-hand,0.541,0.459
5,2.5,left-hand,0.4521,0.5479
5,2.5,right-hand,0.916,0.084
5,2.5,right-hand,0.9744,0.0256
5,2.5,left-hand,0.0737,0.9263
5,2.5,right-hand,0.0031,0.9969
5,2.5,left-hand,1.0,0.0
5,2.5,right-hand,0.9851,0.0149
5,2.5,left-hand,0.7641,0.2359
5,2.5,right-hand,0.8099,0.1901
5,2.5,right-hand,0.0,1.0
5,2.5,left-hand,0.7943,0.2057
5,2.5,left-hand,0.0,1.0
5,2.5,right-hand,0.3092,0.6908
5,2.5,left-hand,0.9303,0.0697
5,2.5,left-hand,0.9389,0.0611
5,2.5,right-hand,0.9514,0.0486
5,2.5,left-hand,0.9967,0.0033
5,2.5,right-hand,0.941,0.059
5,2.5,right-hand,0.9534,0.0466
5,2.5,left-hand,0.5333,0.4667
5,2.5,right-hand,0.8874,0.1126
5,2.5,left-hand,0.0823,0.9177
5,2.5,right-hand,0.0001,0.9999
5,2.5,right-hand,0.9903,0.0097
5,2.5,right-hand,0.9998,0.0002
5,2.5,left-hand,0.9229,0.0771
5,2.5,left-hand,0.8564,0.1436
5,2.5,left-hand,0.5553,0.4447
