fold,tmin,true_label,left-hand,right-hand
1,2.5,right-hand,0.7537,0.2463
1,2.5,left-hand,0.998,0.002
1,2.5,left-hand,0.9966,0.0034
1,2.5,right-hand,0.0743,0.9257
1,2.5,right-hand,0.0527,0.9473
1,2.5,left-hand,0.999,0.001
1,2.5,left-hand,0.9917,0.0083
1,2.5,right-hand,0.0214,0.9786
1,2.5,right-hand,0.0577,0.9423
1,2.5,left-hand,0.9946,0.0054
1,2.5,right-hand,0.1,0.9
1,2.5,right-hand,0.0235,0.9765
1,2.5,right-hand,0.0017,0.9983
1,2.5,left-hand,0.9896,0.0104
1,2.5,left-hand,0.858,0.142
1,2.5,left-hand,0.995,0.005
1,2.5,right-hand,0.0085,0.9915
1,2.5,left-hand,0.9973,0.0027
1,2.5,right-hand,0.2415,0.7585
1,2.5,left-hand,0.9953,0.0047
1,2.5,left-hand,0.9942,0.0058
1,2.5,right-hand,0.0061,0.9939
1,2.5,right-hand,0.013,0.987
1,2.5,right-hand,0.0042,0.9958
1,2.5,right-hand,0.0024,0.9976
1,2.5,right-hand,0.281,0.719
1,2.5,left-hand,0.9838,0.0162
1,2.5,left-hand,0.9995,0.0005
1,2.5,right-hand,0.0134,0.9866
1,2.5,right-hand,0.0077,0.9923
1,2.5,left-hand,0.9992,0.0008
1,2.5,left-hand,0.9991,0.0009
1,2.5,left-hand,0.9972,0.0028
1,2.5,left-hand,0.9994,0.0006
1,2.5,right-hand,0.0049,0.9951
1,2.5,left-hand,0.998,0.002
1,2.5,left-hand,0.9882,0.0118
1,2.5,right-hand,0.0008,0.9992
1,2.5,left-hand,0.9979,0.0021
1,2.5,right-hand,0.004,0.996
1,2.5,right-hand,0.0077,0.9923
1,2.5,right-hand,0.1269,0.8731
1,2.5,left-hand,0.9779,0.0221
1,2.5,right-hand,0.002,0.998
1,2.5,left-hand,0.9951,0.0049
1,2.5,right-hand,0.0034,0.9966
1,2.5,left-hand,0.9936,0.0064
1,2.5,right-hand,0.0045,0.9955
1,2.5,left-hand,0.9696,0.0304
1,2.5,right-hand,0.0051,0.9949
1,2.5,left-hand,0.9976,0.0024
1,2.5,right-hand,0.0011,0.9989
1,2.5,left-hand,0.8498,0.1502
1,2.5,left-hand,0.0158,0.9842
1,2.5,right-hand,0.0192,0.9808
1,2.5,right-hand,0.0227,0.9773
1,2.5,left-hand,0.9988,0.0012
1,2.5,left-hand,0.0776,0.9224
2,2.5,left-hand,0.939,0.061
2,2.5,right-hand,0.0192,0.9808
2,2.5,left-hand,0.9929,0.0071
2,2.5,left-hand,0.9976,0.0024
2,2.5,left-hand,0.7615,0.2385
2,2.5,right-hand,0.0347,0.9653
2,2.5,left-hand,0.949,0.051
2,2.5,left-hand,0.9803,0.0197
2,2.5,left-hand,0.2206,0.7794
2,2.5,right-hand,0.964,0.036
2,2.5,left-hand,0.9985,0.0015
2,2.5,right-hand,0.0032,0.9968
2,2.5,right-hand,0.0021,0.9979
2,2.5,left-hand,0.9972,0.0028
2,2.5,right-hand,0.0078,0.9922
2,2.5,right-hand,0.0058,0.9942
2,2.5,right-hand,0.0129,0.9871
2,2.5,left-hand,0.1159,0.8841
2,2.5,left-hand,0.1521,0.8479
2,2.5,right-hand,0.9731,0.0269
2,2.5,right-hand,0.0031,0.9969
2,2.5,left-hand,0.9931,0.0069
2,2.5,left-hand,0.9097,0.0903
2,2.5,right-hand,0.022,0.978
2,2.5,right-hand,0.005,0.995
2,2.5,left-hand,0.9995,0.0005
2,2.5,right-hand,0.0095,0.9905
2,2.5,left-hand,0.9626,0.0374
2,2.5,right-hand,0.0015,0.9985
2,2.5,left-hand,0.9983,0.0017
2,2.5,right-hand,0.0024,0.9976
2,2.5,right-hand,0.4786,0.5214
2,2.5,left-hand,0.9962,0.0038
2,2.5,right-hand,0.0197,0.9803
2,2.5,left-hand,0.9993,0.0007
2,2.5,left-hand,0.9778,0.0222
2,2.5,right-hand,0.0031,0.9969
2,2.5,left-hand,0.6559,0.3441
2,2.5,left-hand,0.9902,0.0098
2,2.5,right-hand,0.001,0.999
2,2.5,right-hand,0.0742,0.9258
2,2.5,right-hand,0.0016,0.9984
2,2.5,right-hand,0.203,0.797
2,2.5,left-hand,0.9305,0.0695
2,2.5,right-hand,0.0085,0.9915
2,2.5,left-hand,0.9981,0.0019
2,2.5,right-hand,0.0147,0.9853
2,2.5,right-hand,0.0019,0.9981
2,2.5,left-hand,0.9993,0.0007
2,2.5,right-hand,0.0077,0.9923
2,2.5,left-hand,0.9953,0.0047
2,2.5,right-hand,0.0154,0.9846
2,2.5,right-hand,0.044,0.956
2,2.5,left-hand,0.9928,0.0072
2,2.5,left-hand,0.9968,0.0032
2,2.5,right-hand,0.0165,0.9835
2,2.5,left-hand,0.9719,0.0281
2,2.5,left-hand,0.9981,0.0019
3,2.5,right-hand,0.9364,0.0636
3,2.5,left-hand,0.999,0.001
3,2.5,right-hand,0.0023,0.9977
3,2.5,right-hand,0.0223,0.9777
3,2.5,right-hand,0.0368,0.9632
3,2.5,left-hand,0.9818,0.0182
3,2.5,left-hand,0.8322,0.1678
3,2.5,left-hand,0.9974,0.0026
3,2.5,right-hand,0.1044,0.8956
3,2.5,left-hand,0.9665,0.0335
3,2.5,right-hand,0.4174,0.5826
3,2.5,right-hand,0.0028,0.9972
3,2.5,left-hand,0.9972,0.0028
3,2.5,left-hand,0.9993,0.0007
3,2.5,left-hand,0.9942,0.0058
3,2.5,right-hand,0.0907,0.9093
3,2.5,left-hand,0.9814,0.0186
3,2.5,right-hand,0.0017,0.9983
3,2.5,right-hand,0.0018,0.9982
3,2.5,left-hand,0.9674,0.0326
3,2.5,right-hand,0.0271,0.9729
3,2.5,left-hand,0.9992,0.0008
3,2.5,right-hand,0.0013,0.9987
3,2.5,left-hand,0.9991,0.0009
3,2.5,right-hand,0.0169,0.9831
3,2.5,left-hand,0.9989,0.0011
3,2.5,right-hand,0.083,0.917
3,2.5,left-hand,0.9973,0.0027
3,2.5,right-hand,0.2038,0.7962
3,2.5,right-hand,0.0042,0.9958
3,2.5,left-hand,0.997,0.003
3,2.5,right-hand,0.004,0.996
3,2.5,left-hand,0.9976,0.0024
3,2.5,right-hand,0.0814,0.9186
3,2.5,left-hand,0.9626,0.0374
3,2.5,right-hand,0.0092,0.9908
3,2.5,right-hand,0.0212,0.9788
3,2.5,left-hand,0.9933,0.0067
3,2.5,right-hand,0.0072,0.9928
3,2.5,left-hand,0.9979,0.0021
3,2.5,left-hand,0.9851,0.0149
3,2.5,left-hand,0.9992,0.0008
3,2.5,right-hand,0.0013,0.9987
3,2.5,right-hand,0.0046,0.9954
3,2.5,left-hand,0.994,0.006
3,2.5,left-hand,0.9889,0.0111
3,2.5,right-hand,0.6132,0.3868
3,2.5,right-hand,0.0675,0.9325
3,2.5,left-hand,0.9437,0.0563
3,2.5,left-hand,0.9848,0.0152
3,2.5,right-hand,0.0709,0.9291
3,2.5,left-hand,0.9907,0.0093
3,2.5,right-hand,0.0848,0.9152
3,2.5,left-hand,0.9941,0.0059
3,2.5,left-hand,0.9696,0.0304
3,2.5,right-hand,0.0028,0.9972
3,2.5,left-hand,0.9762,0.0238
3,2.5,right-hand,0.0599,0.9401
4,2.5,right-hand,0.0118,0.9882
4,2.5,left-hand,0.9988,0.0012
4,2.5,left-hand,0.999,0.001
4,2.5,right-hand,0.0037,0.9963
4,2.5,right-hand,0.0011,0.9989
4,2.5,left-hand,0.9986,0.0014
4,2.5,left-hand,0.9989,0.0011
4,2.5,right-hand,0.0074,0.9926
4,2.5,right-hand,0.1315,0.8685
4,2.5,left-hand,0.9929,0.0071
4,2.5,left-hand,0.998,0.002
4,2.5,right-hand,0.0131,0.9869
4,2.5,right-hand,0.0028,0.9972
4,2.5,right-hand,0.3627,0.6373
4,2.5,right-hand,0.0215,0.9785
4,2.5,left-hand,0.9983,0.0017
4,2.5,left-hand,0.9987,0.0013
4,2.5,right-hand,0.0452,0.9548
4,2.5,right-hand,0.007,0.993
4,2.5,left-hand,0.9972,0.0028
4,2.5,left-hand,0.9975,0.0025
4,2.5,right-hand,0.0008,0.9992
4,2.5,left-hand,0.9981,0.0019
4,2.5,left-hand,0.9988,0.0012
4,2.5,right-hand,0.0023,0.9977
4,2.5,left-hand,0.9863,0.0137
4,2.5,left-hand,0.9987,0.0013
4,2.5,left-hand,0.9983,0.0017
4,2.5,right-hand,0.0152,0.9848
4,2.5,left-hand,0.9979,0.0021
4,2.5,right-hand,0.0354,0.9646
4,2.5,left-hand,0.9932,0.0068
4,2.5,right-hand,0.0191,0.9809
4,2.5,left-hand,0.9457,0.0543
4,2.5,left-hand,0.8734,0.1266
4,2.5,right-hand,0.0112,0.9888
4,2.5,left-hand,0.9239,0.0761
4,2.5,left-hand,0.9974,0.0026
4,2.5,left-hand,0.7555,0.2445
4,2.5,right-hand,0.009,0.991
4,2.5,left-hand,0.5041,0.4959
4,2.5,right-hand,0.0034,0.9966
4,2.5,right-hand,0.0203,0.9797
4,2.5,left-hand,0.0612,0.9388
4,2.5,right-hand,0.0435,0.9565
4,2.5,right-hand,0.0102,0.9898
4,2.5,left-hand,0.9968,0.0032
4,2.5,right-hand,0.0026,0.9974
4,2.5,right-hand,0.003,0.997
4,2.5,right-hand,0.0593,0.9407
4,2.5,left-hand,0.9917,0.0083
4,2.5,right-hand,0.0014,0.9986
4,2.5,right-hand,0.9351,0.0649
4,2.5,right-hand,0.0083,0.9917
4,2.5,left-hand,0.9945,0.0055
4,2.5,left-hand,0.0191,0.9809
4,2.5,right-hand,0.0072,0.9928
5,2.5,right-hand,0.967,0.033
5,2.5,left-hand,0.9992,0.0008
5,2.5,left-hand,0.999,0.001
5,2.5,left-hand,0.998,0.002
5,2.5,right-hand,0.0039,0.9961
5,2.5,right-hand,0.0313,0.9687
5,2.5,right-hand,0.0012,0.9988
5,2.5,right-hand,0.0011,0.9989
5,2.5,left-hand,0.9924,0.0076
5,2.5,right-hand,0.0092,0.9908
5,2.5,left-hand,0.997,0.003
5,2.5,left-hand,0.9988,0.0012
5,2.5,left-hand,0.9982,0.0018
5,2.5,left-hand,0.3979,0.6021
5,2.5,right-hand,0.0024,0.9976
5,2.5,right-hand,0.0043,0.9957
5,2.5,left-hand,0.9549,0.0451
5,2.5,left-hand,0.1847,0.8153
5,2.5,left-hand,0.9938,0.0062
5,2.5,left-hand,0.9949,0.0051
5,2.5,right-hand,0.008,0.992
5,2.5,right-hand,0.4829,0.5171
5,2.5,left-hand,0.9987,0.0013
5,2.5,left-hand,0.9355,0.0645
5,2.5,right-hand,0.0065,0.9935
5,2.5,right-hand,0.0017,0.9983
5,2.5,right-hand,0.0025,0.9975
5,2.5,right-hand,0.0217,0.9783
5,2.5,left-hand,0.9944,0.0056
5,2.5,left-hand,0.9974,0.0026
5,2.5,right-hand,0.0009,0.9991
5,2.5,right-hand,0.0011,0.9989
5,2.5,left-hand,0.9954,0.0046
5,2.5,right-hand,0.0301,0.9699
5,2.5,left-hand,0.9989,0.0011
5,2.5,right-hand,0.0028,0.9972
5,2.5,left-hand,0.9982,0.0018
5,2.5,right-hand,0.0053,0.9947
5,2.5,right-hand,0.9982,0.0018
5,2.5,left-hand,0.984,0.016
5,2.5,left-hand,0.9982,0.0018
5,2.5,right-hand,0.0666,0.9334
5,2.5,left-hand,0.9981,0.0019
5,2.5,left-hand,0.9911,0.0089
5,2.5,right-hand,0.1162,0.8838
5,2.5,left-hand,0.998,0.002
5,2.5,right-hand,0.0952,0.9048
5,2.5,right-hand,0.0235,0.9765
5,2.5,left-hand,0.0111,0.9889
5,2.5,right-hand,0.0014,0.9986
5,2.5,left-hand,0.9767,0.0233
5,2.5,right-hand,0.0016,0.9984
5,2.5,right-hand,0.0034,0.9966
5,2.5,right-hand,0.0018,0.9982
5,2.5,left-hand,0.9765,0.0235
5,2.5,left-hand,0.9902,0.0098
5,2.5,left-hand,0.1875,0.8125
