fold,tmin,true_label,left-hand,right-hand
1,2.5,left-hand,0.9996161775203712,0.00038382247962877753
1,2.5,left-hand,0.9581320852048112,0.0418679147951888
1,2.5,right-hand,0.0026804533900838257,0.9973195466099162
1,2.5,right-hand,0.07021341136552883,0.9297865886344712
1,2.5,right-hand,0.05381606020551577,0.9461839397944842
1,2.5,right-hand,0.0015303822618718543,0.9984696177381281
1,2.5,right-hand,0.00012606129264036703,0.9998739387073596
1,2.5,left-hand,0.18406993398523186,0.8159300660147681
1,2.5,right-hand,0.28515890418210943,0.7148410958178906
1,2.5,left-hand,0.9999602968857029,3.97031142971438e-05
1,2.5,left-hand,0.9914092436203441,0.008590756379655888
1,2.5,right-hand,0.012172505483309726,0.9878274945166903
1,2.5,left-hand,0.4378127853028,0.5621872146972
1,2.5,left-hand,0.9954069019189741,0.004593098081025977
1,2.5,left-hand,0.9512970215736101,0.04870297842638988
1,2.5,right-hand,0.0006764797567726522,0.9993235202432273
1,2.5,left-hand,0.018316648983384254,0.9816833510166157
1,2.5,right-hand,0.6653166631933038,0.33468333680669615
1,2.5,left-hand,0.9992201056965531,0.0007798943034469917
1,2.5,right-hand,0.4267795928302014,0.5732204071697986
1,2.5,right-hand,0.2929040846719533,0.7070959153280467
1,2.5,left-hand,0.014628127687205228,0.9853718723127948
1,2.5,left-hand,0.996790284919559,0.003209715080441002
1,2.5,left-hand,0.9999880878191286,1.1912180871345164e-05
1,2.5,right-hand,0.5628839004843766,0.4371160995156233
1,2.5,right-hand,0.09500408681156414,0.9049959131884359
1,2.5,left-hand,0.8279608066279893,0.17203919337201062
1,2.5,right-hand,0.9283120040563982,0.0716879959436018
1,2.5,right-hand,0.11359295726645946,0.8864070427335405
1,2.5,right-hand,0.9892209622786199,0.010779037721380088
1,2.5,left-hand,0.9930521437189547,0.006947856281045346
1,2.5,left-hand,0.9808820607311002,0.019117939268899875
1,2.5,left-hand,0.9963575751760427,0.0036424248239572887
1,2.5,right-hand,0.20549259149488752,0.7945074085051125
1,2.5,left-hand,0.9992063555593268,0.0007936444406732034
1,2.5,left-hand,0.991971440896708,0.00802855910329202
1,2.5,left-hand,0.9988458772099915,0.001154122790008492
1,2.5,right-hand,0.48786787798845654,0.5121321220115435
1,2.5,right-hand,0.15161498057729816,0.8483850194227018
1,2.5,right-hand,0.029279027807930236,0.9707209721920698
1,2.5,right-hand,0.08995418900031704,0.910045810999683
1,2.5,left-hand,0.5063186777199395,0.49368132228006045
1,2.5,left-hand,0.012923105920776057,0.9870768940792239
1,2.5,left-hand,0.4824780120674965,0.5175219879325035
1,2.5,left-hand,0.9998623381818934,0.0001376618181066183
1,2.5,left-hand,0.9966875945902303,0.0033124054097696857
1,2.5,right-hand,0.6823830883106512,0.31761691168934886
1,2.5,left-hand,0.006422311745250209,0.9935776882547498
1,2.5,left-hand,0.9472970805954466,0.052702919404553406
1,2.5,right-hand,0.4855759738024932,0.5144240261975068
1,2.5,right-hand,0.10089636666068635,0.8991036333393136
1,2.5,left-hand,0.3949304602110343,0.6050695397889657
1,2.5,right-hand,0.9193467787997518,0.08065322120024815
1,2.5,right-hand,0.12785976544177247,0.8721402345582275
1,2.5,left-hand,0.9263944048485675,0.07360559515143245
1,2.5,right-hand,0.05310852044845482,0.9468914795515452
1,2.5,right-hand,0.46913888195409525,0.5308611180459047
1,2.5,right-hand,0.004651272090444691,0.9953487279095553
