fold,tmin,true_label,left-hand,right-hand
1,2.5,left-hand,0.9997170866965767,0.0002829133034233691
1,2.5,left-hand,0.9513984234483758,0.04860157655162422
1,2.5,right-hand,0.0004260083977418713,0.999573991602258
1,2.5,right-hand,0.009118209967706003,0.990881790032294
1,2.5,right-hand,0.010051390880592662,0.9899486091194073
1,2.5,right-hand,4.307208361123287e-07,0.9999995692791639
1,2.5,right-hand,7.336079701868967e-06,0.9999926639202982
1,2.5,left-hand,0.6846323459034969,0.31536765409650314
1,2.5,right-hand,0.029208409962755224,0.9707915900372448
1,2.5,left-hand,0.9999391156200974,6.088437990270791e-05
1,2.5,left-hand,0.9521045984440996,0.04789540155590043
1,2.5,right-hand,0.0014425267892600661,0.99855747321074
1,2.5,left-hand,0.14604459193837496,0.8539554080616251
1,2.5,left-hand,0.9835363758382065,0.016463624161793502
1,2.5,left-hand,0.8049156876343755,0.1950843123656245
1,2.5,right-hand,7.150385857799472e-05,0.9999284961414219
1,2.5,left-hand,0.006288941233997835,0.9937110587660022
1,2.5,right-hand,0.37149917342838795,0.628500826571612
1,2.5,left-hand,0.9995780019978561,0.0004219980021438835
1,2.5,right-hand,0.23978227535268418,0.7602177246473159
1,2.5,right-hand,0.06613109077774779,0.9338689092222522
1,2.5,left-hand,0.0051980205357248085,0.9948019794642752
1,2.5,left-hand,0.9979725088619618,0.0020274911380382785
1,2.5,left-hand,0.9999995195087953,4.804912047022021e-07
1,2.5,right-hand,0.011215368494597066,0.988784631505403
1,2.5,right-hand,0.006058232386175221,0.9939417676138247
1,2.5,left-hand,0.814909016474203,0.18509098352579698
1,2.5,right-hand,0.481717638264084,0.518282361735916
1,2.5,right-hand,0.15239327208027278,0.8476067279197271
1,2.5,right-hand,0.985120622804912,0.014879377195088065
1,2.5,left-hand,0.983207247254978,0.016792752745022003
1,2.5,left-hand,0.9900079437123074,0.009992056287692608
1,2.5,left-hand,0.9999935535090158,6.446490984227066e-06
1,2.5,right-hand,0.04142089977532671,0.9585791002246733
1,2.5,left-hand,0.9993960281042169,0.000603971895783127
1,2.5,left-hand,0.9992909825700793,0.0007090174299206689
1,2.5,left-hand,0.9988724866195309,0.0011275133804691487
1,2.5,right-hand,0.6536944251023821,0.346305574897618
1,2.5,right-hand,0.03587066811738255,0.9641293318826175
1,2.5,right-hand,0.04155604273115628,0.9584439572688438
1,2.5,right-hand,0.09051017220728598,0.909489827792714
1,2.5,left-hand,0.4957049466203425,0.5042950533796575
1,2.5,left-hand,3.520260143678973e-05,0.9999647973985633
1,2.5,left-hand,0.12623387822012347,0.8737661217798764
1,2.5,left-hand,0.9999008129113759,9.91870886240149e-05
1,2.5,left-hand,0.9982816200720038,0.0017183799279961868
1,2.5,right-hand,0.6932992324692736,0.30670076753072645
1,2.5,left-hand,0.002110504049892364,0.9978894959501077
1,2.5,left-hand,0.9785154133757321,0.021484586624267846
1,2.5,right-hand,0.2199774009519463,0.7800225990480537
1,2.5,right-hand,0.10375805101640433,0.8962419489835957
1,2.5,left-hand,0.4090705572181684,0.5909294427818316
1,2.5,right-hand,0.2412706824459216,0.7587293175540784
1,2.5,right-hand,0.055842546040258845,0.944157453959741
1,2.5,left-hand,0.9788126533646874,0.02118734663531269
1,2.5,right-hand,0.008085195667588576,0.9919148043324114
1,2.5,right-hand,0.4275860854487928,0.5724139145512072
1,2.5,right-hand,0.002075792211223574,0.9979242077887763
