fold,tmin,true_label,left-hand,right-hand
1,2.5,left-hand,0.9993411,0.0006589034
1,2.5,left-hand,0.96995395,0.030046029
1,2.5,right-hand,0.0015009642,0.99849904
1,2.5,right-hand,0.033846676,0.9661533
1,2.5,right-hand,0.22019291,0.7798071
1,2.5,right-hand,0.009711504,0.9902885
1,2.5,right-hand,0.0023608208,0.9976392
1,2.5,left-hand,0.36625713,0.63374287
1,2.5,right-hand,0.10701865,0.89298135
1,2.5,left-hand,0.9997037,0.00029628913
1,2.5,left-hand,0.9775451,0.022454923
1,2.5,right-hand,0.16815168,0.8318483
1,2.5,left-hand,0.36879444,0.63120556
1,2.5,left-hand,0.9947479,0.005252143
1,2.5,left-hand,0.54303056,0.45696944
1,2.5,right-hand,0.0005456805,0.9994543
1,2.5,left-hand,0.026063204,0.9739368
1,2.5,right-hand,0.80604994,0.19395007
1,2.5,left-hand,0.99815255,0.001847469
1,2.5,right-hand,0.9135442,0.08645584
1,2.5,right-hand,0.0633769,0.9366231
1,2.5,left-hand,0.020166218,0.9798338
1,2.5,left-hand,0.99613523,0.0038647803
1,2.5,left-hand,0.99976087,0.00023911029
1,2.5,right-hand,0.25177193,0.7482281
1,2.5,right-hand,0.656316,0.34368402
1,2.5,left-hand,0.2728083,0.7271917
1,2.5,right-hand,0.9879138,0.012086207
1,2.5,right-hand,0.16123933,0.8387607
1,2.5,right-hand,0.9314795,0.068520494
1,2.5,left-hand,0.9977732,0.002226854
1,2.5,left-hand,0.9915019,0.008498062
1,2.5,left-hand,0.9624821,0.037517935
1,2.5,right-hand,0.4645216,0.5354784
1,2.5,left-hand,0.98862517,0.011374844
1,2.5,left-hand,0.9851487,0.014851281
1,2.5,left-hand,0.99888694,0.0011130727
1,2.5,right-hand,0.8458046,0.15419544
1,2.5,right-hand,0.019651353,0.98034865
1,2.5,right-hand,0.43762314,0.56237686
1,2.5,right-hand,0.023479521,0.9765205
1,2.5,left-hand,0.22527552,0.7747245
1,2.5,left-hand,0.04360515,0.95639485
1,2.5,left-hand,0.13355702,0.866443
1,2.5,left-hand,0.9980159,0.0019841185
1,2.5,left-hand,0.9986251,0.0013749099
1,2.5,right-hand,0.97596705,0.024032976
1,2.5,left-hand,0.01790613,0.9820939
1,2.5,left-hand,0.6225544,0.37744558
1,2.5,right-hand,0.77921,0.22079003
1,2.5,right-hand,0.17596036,0.82403964
1,2.5,left-hand,0.4965728,0.5034272
1,2.5,right-hand,0.795679,0.20432104
1,2.5,right-hand,0.07999289,0.9200071
1,2.5,left-hand,0.9849021,0.015097928
1,2.5,right-hand,0.090850174,0.9091498
1,2.5,right-hand,0.8963214,0.10367859
1,2.5,right-hand,0.02183956,0.97816044
