fold,tmin,true_label,left-hand,right-hand
1,3.5,left-hand,0.6420623158742094,0.3579376841257907
1,3.5,right-hand,0.6966661199745829,0.30333388002541695
1,3.5,left-hand,0.9810866564797565,0.018913343520243524
1,3.5,left-hand,0.1976209589381114,0.8023790410618886
1,3.5,right-hand,0.20014346015114615,0.7998565398488539
1,3.5,right-hand,0.9618583978070961,0.03814160219290378
1,3.5,left-hand,0.9908783287097828,0.009121671290217234
1,3.5,right-hand,0.9631165004133018,0.036883499586698267
1,3.5,left-hand,0.9119610798544496,0.08803892014555041
1,3.5,right-hand,0.3161146860805623,0.6838853139194377
1,3.5,right-hand,0.00311438355737151,0.9968856164426284
1,3.5,left-hand,0.3493556304985599,0.6506443695014401
1,3.5,left-hand,0.9965895056531053,0.003410494346894683
1,3.5,right-hand,0.0005057233210826308,0.9994942766789174
1,3.5,right-hand,3.658801002172579e-09,0.999999996341199
1,3.5,left-hand,0.7540641527559527,0.24593584724404724
1,3.5,right-hand,0.4780244325521882,0.5219755674478118
1,3.5,left-hand,0.041867502659995004,0.958132497340005
1,3.5,left-hand,0.9984323502833974,0.001567649716602537
1,3.5,left-hand,0.9802781445327149,0.019721855467285165
1,3.5,right-hand,0.99558473428164,0.004415265718360131
1,3.5,right-hand,0.9584027065324585,0.04159729346754148
1,3.5,right-hand,0.0021864101366366713,0.9978135898633633
1,3.5,left-hand,0.4320158759399977,0.5679841240600024
