fold,tmin,true_label,left-hand,right-hand
1,3.5,left-hand,0.8648547,0.13514528
1,3.5,right-hand,0.7632832,0.23671682
1,3.5,left-hand,0.98783493,0.012165076
1,3.5,left-hand,0.13050163,0.8694984
1,3.5,right-hand,0.041339874,0.9586601
1,3.5,right-hand,0.9257106,0.0742894
1,3.5,left-hand,0.98846215,0.011537842
1,3.5,right-hand,0.7708136,0.22918642
1,3.5,left-hand,0.6058097,0.39419034
1,3.5,right-hand,0.37400407,0.62599593
1,3.5,right-hand,0.0062226057,0.9937774
1,3.5,left-hand,0.1870678,0.8129322
1,3.5,left-hand,0.99828464,0.0017153625
1,3.5,right-hand,0.0073181987,0.9926818
1,3.5,right-hand,0.007040739,0.99295926
1,3.5,left-hand,0.26613545,0.73386455
1,3.5,right-hand,0.10545486,0.89454514
1,3.5,left-hand,0.15079677,0.8492032
1,3.5,left-hand,0.9840056,0.015994446
1,3.5,left-hand,0.8223181,0.17768194
1,3.5,right-hand,0.81392306,0.18607695
1,3.5,right-hand,0.89119244,0.10880756
1,3.5,right-hand,0.012822509,0.9871775
1,3.5,left-hand,0.23280764,0.76719236
