fold,tmin,true_label,left-hand,right-hand
1,3.5,left-hand,0.321815217574565,0.678184782425435
1,3.5,right-hand,0.8942787907264409,0.10572120927355905
1,3.5,left-hand,0.9710045006567102,0.02899549934328983
1,3.5,left-hand,0.008049854981473703,0.9919501450185263
1,3.5,right-hand,0.040764591020071905,0.9592354089799281
1,3.5,right-hand,0.952565305496505,0.047434694503495044
1,3.5,left-hand,0.9905778522011581,0.009422147798841825
1,3.5,right-hand,0.9743174914755564,0.02568250852444364
1,3.5,left-hand,0.31553064422001487,0.6844693557799851
1,3.5,right-hand,0.14775611412323741,0.8522438858767626
1,3.5,right-hand,0.00306335439261185,0.9969366456073881
1,3.5,left-hand,0.47309667027796776,0.5269033297220322
1,3.5,left-hand,0.9993494375345712,0.0006505624654287949
1,3.5,right-hand,0.03130129423861616,0.9686987057613838
1,3.5,right-hand,0.003141438566697352,0.9968585614333026
1,3.5,left-hand,0.5620628526312141,0.4379371473687859
1,3.5,right-hand,0.29079619550630165,0.7092038044936984
1,3.5,left-hand,0.08327637213776551,0.9167236278622345
1,3.5,left-hand,0.9846845268084002,0.015315473191599711
1,3.5,left-hand,0.905969279086082,0.09403072091391791
1,3.5,right-hand,0.986362539810822,0.013637460189177993
1,3.5,right-hand,0.7663939016291317,0.2336060983708683
1,3.5,right-hand,0.08843587221924853,0.9115641277807515
1,3.5,left-hand,0.36897947529122543,0.6310205247087746
