fold,tmin,true_label,left-hand,right-hand
1,3.5,left-hand,1.0,0.0
1,3.5,left-hand,0.9062,0.0938
1,3.5,right-hand,0.0606,0.9394
1,3.5,right-hand,0.1305,0.8695
1,3.5,right-hand,0.1299,0.8701
1,3.5,right-hand,0.3182,0.6818
1,3.5,right-hand,0.023,0.977
1,3.5,left-hand,0.9185,0.0815
1,3.5,left-hand,0.9763,0.0237
1,3.5,left-hand,0.9696,0.0304
1,3.5,left-hand,0.0,1.0
1,3.5,right-hand,0.1009,0.8991
1,3.5,left-hand,0.4624,0.5376
1,3.5,left-hand,0.9721,0.0279
1,3.5,right-hand,0.3693,0.6307
1,3.5,right-hand,0.1267,0.8733
1,3.5,right-hand,0.9832,0.0168
1,3.5,right-hand,0.9428,0.0572
1,3.5,right-hand,0.6272,0.3728
1,3.5,right-hand,0.5949,0.4051
1,3.5,left-hand,0.7662,0.2338
1,3.5,left-hand,0.6,0.4
1,3.5,left-hand,0.7366,0.2634
1,3.5,left-hand,0.8185,0.1815
2,3.5,left-hand,0.9711,0.0289
2,3.5,left-hand,0.8687,0.1313
2,3.5,right-hand,0.6616,0.3384
2,3.5,right-hand,0.2892,0.7108
2,3.5,right-hand,0.0829,0.9171
2,3.5,left-hand,0.7825,0.2175
2,3.5,right-hand,0.1004,0.8996
2,3.5,right-hand,0.1898,0.8102
2,3.5,right-hand,0.3027,0.6973
2,3.5,right-hand,0.2452,0.7548
2,3.5,right-hand,0.2739,0.7261
2,3.5,right-hand,0.2076,0.7924
2,3.5,left-hand,0.2785,0.7215
2,3.5,left-hand,0.5249,0.4751
2,3.5,left-hand,0.9959,0.0041
2,3.5,right-hand,0.6701,0.3299
2,3.5,right-hand,0.4684,0.5316
2,3.5,right-hand,0.383,0.617
2,3.5,left-hand,0.621,0.379
2,3.5,left-hand,0.5655,0.4345
2,3.5,left-hand,0.5029,0.4971
2,3.5,left-hand,0.6884,0.3116
2,3.5,left-hand,0.6048,0.3952
2,3.5,left-hand,0.6923,0.3077
3,3.5,left-hand,0.9995,0.0005
3,3.5,right-hand,1.0,0.0
3,3.5,right-hand,0.0602,0.9398
3,3.5,right-hand,0.0257,0.9743
3,3.5,left-hand,0.4768,0.5232
3,3.5,right-hand,0.8146,0.1854
3,3.5,right-hand,0.0535,0.9465
3,3.5,right-hand,0.0435,0.9565
3,3.5,right-hand,0.1098,0.8902
3,3.5,left-hand,0.0831,0.9169
3,3.5,left-hand,0.1202,0.8798
3,3.5,left-hand,0.1303,0.8697
3,3.5,left-hand,0.161,0.839
3,3.5,left-hand,0.0014,0.9986
3,3.5,left-hand,0.9737,0.0263
3,3.5,left-hand,0.991,0.009
3,3.5,left-hand,0.2815,0.7185
3,3.5,right-hand,0.6924,0.3076
3,3.5,right-hand,0.6195,0.3805
3,3.5,right-hand,0.5453,0.4547
3,3.5,right-hand,0.5317,0.4683
3,3.5,right-hand,0.5855,0.4145
3,3.5,left-hand,0.9108,0.0892
3,3.5,left-hand,0.9511,0.0489
4,3.5,left-hand,0.8432,0.1568
4,3.5,left-hand,0.8949,0.1051
4,3.5,right-hand,0.159,0.841
4,3.5,right-hand,0.2294,0.7706
4,3.5,right-hand,0.106,0.894
4,3.5,left-hand,0.5244,0.4756
4,3.5,left-hand,0.8012,0.1988
4,3.5,right-hand,0.1843,0.8157
4,3.5,right-hand,0.0958,0.9042
4,3.5,right-hand,0.1191,0.8809
4,3.5,right-hand,0.1488,0.8512
4,3.5,right-hand,0.3099,0.6901
4,3.5,left-hand,0.3054,0.6946
4,3.5,left-hand,0.9209,0.0791
4,3.5,left-hand,0.515,0.485
4,3.5,right-hand,0.4663,0.5337
4,3.5,right-hand,0.3088,0.6912
4,3.5,right-hand,0.4388,0.5612
4,3.5,right-hand,0.48,0.52
4,3.5,left-hand,0.4794,0.5206
4,3.5,left-hand,0.6941,0.3059
4,3.5,left-hand,0.5886,0.4114
4,3.5,left-hand,0.7211,0.2789
4,3.5,left-hand,0.8137,0.1863
5,3.5,left-hand,0.987,0.013
5,3.5,left-hand,0.0233,0.9767
5,3.5,left-hand,0.0523,0.9477
5,3.5,right-hand,0.0589,0.9411
5,3.5,right-hand,0.0103,0.9897
5,3.5,right-hand,0.2386,0.7614
5,3.5,right-hand,0.0632,0.9368
5,3.5,right-hand,0.5692,0.4308
5,3.5,right-hand,0.0491,0.9509
5,3.5,left-hand,0.6057,0.3943
5,3.5,left-hand,0.8865,0.1135
5,3.5,right-hand,0.1052,0.8948
5,3.5,right-hand,0.2002,0.7998
5,3.5,right-hand,0.2243,0.7757
5,3.5,right-hand,0.3407,0.6593
5,3.5,left-hand,0.248,0.752
5,3.5,left-hand,0.3692,0.6308
5,3.5,left-hand,0.9302,0.0698
5,3.5,left-hand,0.9697,0.0303
5,3.5,right-hand,0.6566,0.3434
5,3.5,right-hand,0.6647,0.3353
5,3.5,left-hand,0.6987,0.3013
5,3.5,left-hand,0.6821,0.3179
5,3.5,left-hand,0.875,0.125
