fold,tmin,true_label,left-hand,right-hand
1,3.5,right-hand,0.0483,0.9517
1,3.5,right-hand,0.0483,0.9517
1,3.5,left-hand,0.9708,0.0292
1,3.5,right-hand,0.1014,0.8986
1,3.5,right-hand,0.0263,0.9737
1,3.5,right-hand,0.065,0.935
1,3.5,right-hand,0.641,0.359
1,3.5,left-hand,0.805,0.195
1,3.5,left-hand,0.8185,0.1815
1,3.5,left-hand,0.4724,0.5276
1,3.5,left-hand,0.8234,0.1766
1,3.5,right-hand,0.4504,0.5496
1,3.5,left-hand,0.8185,0.1815
1,3.5,right-hand,0.0276,0.9724
1,3.5,right-hand,0.4204,0.5796
1,3.5,right-hand,0.6055,0.3945
1,3.5,right-hand,0.0483,0.9517
1,3.5,right-hand,0.6357,0.3643
1,3.5,left-hand,0.9367,0.0633
1,3.5,left-hand,0.1901,0.8099
1,3.5,left-hand,0.9494,0.0506
1,3.5,left-hand,0.9393,0.0607
1,3.5,left-hand,0.8886,0.1114
1,3.5,left-hand,0.5045,0.4955
2,3.5,right-hand,0.048,0.952
2,3.5,right-hand,0.0487,0.9513
2,3.5,left-hand,0.3363,0.6637
2,3.5,right-hand,0.0225,0.9775
2,3.5,left-hand,0.8196,0.1804
2,3.5,left-hand,0.9458,0.0542
2,3.5,right-hand,0.3489,0.6511
2,3.5,right-hand,0.5143,0.4857
2,3.5,left-hand,0.9246,0.0754
2,3.5,right-hand,0.759,0.241
2,3.5,left-hand,0.9428,0.0572
2,3.5,left-hand,0.0169,0.9831
2,3.5,left-hand,0.1924,0.8076
2,3.5,left-hand,0.9558,0.0442
2,3.5,left-hand,0.033,0.967
2,3.5,right-hand,0.3406,0.6594
2,3.5,right-hand,0.405,0.595
2,3.5,right-hand,0.9458,0.0542
2,3.5,right-hand,0.0487,0.9513
2,3.5,right-hand,0.7762,0.2238
2,3.5,right-hand,0.8499,0.1501
2,3.5,left-hand,0.4798,0.5202
2,3.5,left-hand,0.6527,0.3473
2,3.5,left-hand,0.5982,0.4018
3,3.5,right-hand,0.0432,0.9568
3,3.5,left-hand,0.838,0.162
3,3.5,left-hand,0.2521,0.7479
3,3.5,left-hand,0.0977,0.9023
3,3.5,right-hand,0.5636,0.4364
3,3.5,right-hand,0.0067,0.9933
3,3.5,right-hand,0.1283,0.8717
3,3.5,right-hand,0.3129,0.6871
3,3.5,right-hand,0.2825,0.7175
3,3.5,left-hand,0.8387,0.1613
3,3.5,left-hand,0.9674,0.0326
3,3.5,left-hand,0.9805,0.0195
3,3.5,right-hand,0.9884,0.0116
3,3.5,right-hand,0.9914,0.0086
3,3.5,right-hand,0.6687,0.3313
3,3.5,right-hand,0.2593,0.7407
3,3.5,left-hand,0.8627,0.1373
3,3.5,right-hand,0.439,0.561
3,3.5,right-hand,0.0432,0.9568
3,3.5,left-hand,0.694,0.306
3,3.5,left-hand,0.4535,0.5465
3,3.5,left-hand,0.5703,0.4297
3,3.5,left-hand,0.8683,0.1317
3,3.5,left-hand,0.8966,0.1034
4,3.5,right-hand,0.0582,0.9418
4,3.5,right-hand,0.0582,0.9418
4,3.5,left-hand,0.8441,0.1559
4,3.5,left-hand,0.4148,0.5852
4,3.5,left-hand,0.8337,0.1663
4,3.5,right-hand,0.1996,0.8004
4,3.5,right-hand,0.0966,0.9034
4,3.5,right-hand,0.5282,0.4718
4,3.5,left-hand,0.8577,0.1423
4,3.5,left-hand,0.0344,0.9656
4,3.5,left-hand,0.9505,0.0495
4,3.5,left-hand,0.6838,0.3162
4,3.5,right-hand,0.5073,0.4927
4,3.5,right-hand,0.6069,0.3931
4,3.5,left-hand,0.9356,0.0644
4,3.5,right-hand,0.0978,0.9022
4,3.5,right-hand,0.5747,0.4253
4,3.5,right-hand,0.1863,0.8137
4,3.5,right-hand,0.0756,0.9244
4,3.5,right-hand,0.938,0.062
4,3.5,left-hand,0.8379,0.1621
4,3.5,left-hand,0.9484,0.0516
4,3.5,left-hand,0.9957,0.0043
4,3.5,left-hand,0.939,0.061
5,3.5,right-hand,0.0731,0.9269
5,3.5,right-hand,0.0525,0.9475
5,3.5,right-hand,0.1198,0.8802
5,3.5,left-hand,0.0184,0.9816
5,3.5,left-hand,0.6989,0.3011
5,3.5,right-hand,0.0383,0.9617
5,3.5,right-hand,0.0368,0.9632
5,3.5,left-hand,0.1649,0.8351
5,3.5,left-hand,0.865,0.135
5,3.5,left-hand,0.8602,0.1398
5,3.5,left-hand,0.7706,0.2294
5,3.5,right-hand,0.0211,0.9789
5,3.5,right-hand,0.1414,0.8586
5,3.5,left-hand,0.9356,0.0644
5,3.5,right-hand,0.023,0.977
5,3.5,right-hand,0.325,0.675
5,3.5,left-hand,0.3553,0.6447
5,3.5,left-hand,0.0287,0.9713
5,3.5,left-hand,0.485,0.515
5,3.5,right-hand,0.8297,0.1703
5,3.5,right-hand,0.9558,0.0442
5,3.5,right-hand,0.0525,0.9475
5,3.5,left-hand,0.9885,0.0115
5,3.5,left-hand,0.9607,0.0393
