fold,tmin,true_label,left-hand,right-hand
1,3.5,right-hand,0.7039,0.2961
1,3.5,right-hand,0.8179,0.1821
1,3.5,right-hand,0.8206,0.1794
1,3.5,right-hand,0.8716,0.1284
1,3.5,right-hand,0.7713,0.2287
1,3.5,right-hand,0.7401,0.2599
1,3.5,left-hand,0.9404,0.0596
1,3.5,left-hand,0.9365,0.0635
1,3.5,left-hand,0.9384,0.0616
1,3.5,left-hand,0.9151,0.0849
1,3.5,left-hand,0.8665,0.1335
1,3.5,left-hand,0.8966,0.1034
1,3.5,right-hand,0.7738,0.2262
1,3.5,right-hand,0.0104,0.9896
1,3.5,left-hand,0.0583,0.9417
1,3.5,left-hand,0.0803,0.9197
1,3.5,left-hand,0.0708,0.9292
1,3.5,left-hand,0.0929,0.9071
1,3.5,right-hand,0.0873,0.9127
1,3.5,right-hand,0.0632,0.9368
1,3.5,right-hand,0.0017,0.9983
1,3.5,right-hand,0.0016,0.9984
1,3.5,left-hand,0.9745,0.0255
1,3.5,left-hand,0.0516,0.9484
2,3.5,right-hand,0.9224,0.0776
2,3.5,right-hand,0.6671,0.3329
2,3.5,right-hand,0.4152,0.5848
2,3.5,left-hand,0.7065,0.2935
2,3.5,left-hand,0.8704,0.1296
2,3.5,left-hand,0.8521,0.1479
2,3.5,left-hand,0.8103,0.1897
2,3.5,right-hand,0.8747,0.1253
2,3.5,right-hand,0.6763,0.3237
2,3.5,left-hand,0.7618,0.2382
2,3.5,left-hand,0.7665,0.2335
2,3.5,left-hand,0.7676,0.2324
2,3.5,left-hand,0.9922,0.0078
2,3.5,left-hand,0.9757,0.0243
2,3.5,right-hand,0.046,0.954
2,3.5,left-hand,0.172,0.828
2,3.5,right-hand,0.414,0.586
2,3.5,right-hand,0.7602,0.2398
2,3.5,right-hand,0.0072,0.9928
2,3.5,right-hand,0.0092,0.9908
2,3.5,right-hand,0.0082,0.9918
2,3.5,right-hand,0.9287,0.0713
2,3.5,left-hand,0.0793,0.9207
2,3.5,left-hand,0.0533,0.9467
3,3.5,right-hand,0.8958,0.1042
3,3.5,right-hand,0.8417,0.1583
3,3.5,left-hand,0.9605,0.0395
3,3.5,left-hand,0.9615,0.0385
3,3.5,left-hand,0.9666,0.0334
3,3.5,left-hand,0.8583,0.1417
3,3.5,left-hand,0.8685,0.1315
3,3.5,left-hand,0.8819,0.1181
3,3.5,right-hand,0.9043,0.0957
3,3.5,right-hand,0.9014,0.0986
3,3.5,right-hand,0.8386,0.1614
3,3.5,right-hand,0.6795,0.3205
3,3.5,left-hand,0.1107,0.8893
3,3.5,right-hand,0.0547,0.9453
3,3.5,right-hand,0.0532,0.9468
3,3.5,right-hand,0.0593,0.9407
3,3.5,right-hand,0.0829,0.9171
3,3.5,left-hand,0.0816,0.9184
3,3.5,left-hand,0.1807,0.8193
3,3.5,left-hand,0.0575,0.9425
3,3.5,right-hand,0.0001,0.9999
3,3.5,right-hand,0.9657,0.0343
3,3.5,left-hand,0.0001,0.9999
3,3.5,left-hand,0.0325,0.9675
4,3.5,right-hand,0.5029,0.4971
4,3.5,right-hand,0.5175,0.4825
4,3.5,right-hand,0.634,0.366
4,3.5,right-hand,0.4507,0.5493
4,3.5,left-hand,0.6237,0.3763
4,3.5,left-hand,0.7097,0.2903
4,3.5,left-hand,0.7858,0.2142
4,3.5,left-hand,0.7468,0.2532
4,3.5,left-hand,0.513,0.487
4,3.5,left-hand,0.7009,0.2991
4,3.5,left-hand,0.6401,0.3599
4,3.5,right-hand,0.873,0.127
4,3.5,left-hand,0.969,0.031
4,3.5,right-hand,0.6643,0.3357
4,3.5,right-hand,0.3912,0.6088
4,3.5,left-hand,0.8403,0.1597
4,3.5,right-hand,0.8727,0.1273
4,3.5,right-hand,0.0283,0.9717
4,3.5,right-hand,0.694,0.306
4,3.5,right-hand,0.9423,0.0577
4,3.5,right-hand,0.8893,0.1107
4,3.5,left-hand,0.9552,0.0448
4,3.5,left-hand,0.9722,0.0278
4,3.5,left-hand,0.9524,0.0476
5,3.5,right-hand,0.8356,0.1644
5,3.5,right-hand,0.8227,0.1773
5,3.5,right-hand,0.765,0.235
5,3.5,right-hand,0.7588,0.2412
5,3.5,right-hand,0.7373,0.2627
5,3.5,left-hand,0.9223,0.0777
5,3.5,left-hand,0.9408,0.0592
5,3.5,left-hand,0.941,0.059
5,3.5,left-hand,0.9351,0.0649
5,3.5,left-hand,0.9368,0.0632
5,3.5,left-hand,0.9122,0.0878
5,3.5,left-hand,0.9117,0.0883
5,3.5,right-hand,0.9274,0.0726
5,3.5,right-hand,0.829,0.171
5,3.5,left-hand,0.9715,0.0285
5,3.5,left-hand,0.1424,0.8576
5,3.5,left-hand,0.1918,0.8082
5,3.5,right-hand,0.0783,0.9217
5,3.5,right-hand,0.1249,0.8751
5,3.5,left-hand,0.3107,0.6893
5,3.5,right-hand,0.0026,0.9974
5,3.5,right-hand,0.0007,0.9993
5,3.5,right-hand,0.9606,0.0394
5,3.5,left-hand,0.0015,0.9985
