fold,tmin,true_label,left-hand,right-hand
1,3.5,left-hand,0.952,0.048
1,3.5,left-hand,0.9546,0.0454
1,3.5,right-hand,0.0451,0.9549
1,3.5,right-hand,0.0369,0.9631
1,3.5,right-hand,0.3719,0.6281
1,3.5,right-hand,0.0436,0.9564
1,3.5,right-hand,0.0715,0.9285
1,3.5,left-hand,0.9673,0.0327
1,3.5,left-hand,0.1377,0.8623
1,3.5,left-hand,0.1055,0.8945
1,3.5,left-hand,0.0687,0.9313
1,3.5,right-hand,0.0047,0.9953
1,3.5,left-hand,0.8127,0.1873
1,3.5,left-hand,0.8837,0.1163
1,3.5,right-hand,0.1318,0.8682
1,3.5,right-hand,0.0806,0.9194
1,3.5,right-hand,0.1244,0.8756
1,3.5,right-hand,0.1105,0.8895
1,3.5,left-hand,0.9673,0.0327
1,3.5,left-hand,0.9673,0.0327
1,3.5,left-hand,0.9673,0.0327
1,3.5,left-hand,0.9673,0.0327
1,3.5,right-hand,0.2319,0.7681
1,3.5,right-hand,0.0582,0.9418
2,3.5,left-hand,0.978,0.022
2,3.5,left-hand,0.9726,0.0274
2,3.5,right-hand,0.0386,0.9614
2,3.5,right-hand,0.8017,0.1983
2,3.5,right-hand,0.0227,0.9773
2,3.5,left-hand,0.2215,0.7785
2,3.5,right-hand,0.9809,0.0191
2,3.5,right-hand,0.3029,0.6971
2,3.5,right-hand,0.2252,0.7748
2,3.5,right-hand,0.2017,0.7983
2,3.5,right-hand,0.8581,0.1419
2,3.5,right-hand,0.5636,0.4364
2,3.5,left-hand,0.1154,0.8846
2,3.5,left-hand,0.9848,0.0152
2,3.5,left-hand,0.7636,0.2364
2,3.5,right-hand,0.059,0.941
2,3.5,left-hand,0.9668,0.0332
2,3.5,left-hand,0.9668,0.0332
2,3.5,left-hand,0.9668,0.0332
2,3.5,left-hand,0.9668,0.0332
2,3.5,left-hand,0.9668,0.0332
2,3.5,left-hand,0.9668,0.0332
2,3.5,right-hand,0.0456,0.9544
2,3.5,right-hand,0.1375,0.8625
3,3.5,left-hand,0.958,0.042
3,3.5,right-hand,0.2683,0.7317
3,3.5,right-hand,0.6985,0.3015
3,3.5,right-hand,0.0468,0.9532
3,3.5,left-hand,0.9716,0.0284
3,3.5,right-hand,0.939,0.061
3,3.5,right-hand,0.7468,0.2532
3,3.5,right-hand,0.0348,0.9652
3,3.5,right-hand,0.5621,0.4379
3,3.5,left-hand,0.1423,0.8577
3,3.5,left-hand,0.8598,0.1402
3,3.5,left-hand,0.3881,0.6119
3,3.5,left-hand,0.9674,0.0326
3,3.5,left-hand,0.0239,0.9761
3,3.5,left-hand,0.9427,0.0573
3,3.5,left-hand,0.9427,0.0573
3,3.5,left-hand,0.942,0.058
3,3.5,right-hand,0.07,0.93
3,3.5,right-hand,0.0431,0.9569
3,3.5,right-hand,0.0584,0.9416
3,3.5,left-hand,0.9716,0.0284
3,3.5,left-hand,0.9716,0.0284
3,3.5,right-hand,0.0377,0.9623
3,3.5,right-hand,0.472,0.528
4,3.5,left-hand,0.8644,0.1356
4,3.5,left-hand,0.6982,0.3018
4,3.5,right-hand,0.0427,0.9573
4,3.5,right-hand,0.309,0.691
4,3.5,right-hand,0.0753,0.9247
4,3.5,left-hand,0.9661,0.0339
4,3.5,left-hand,0.019,0.981
4,3.5,right-hand,0.4316,0.5684
4,3.5,right-hand,0.0664,0.9336
4,3.5,right-hand,0.3205,0.6795
4,3.5,right-hand,0.0344,0.9656
4,3.5,right-hand,0.0615,0.9385
4,3.5,left-hand,0.4834,0.5166
4,3.5,left-hand,0.9059,0.0941
4,3.5,left-hand,0.1285,0.8715
4,3.5,right-hand,0.0391,0.9609
4,3.5,left-hand,0.9502,0.0498
4,3.5,left-hand,0.9661,0.0339
4,3.5,left-hand,0.9661,0.0339
4,3.5,left-hand,0.9661,0.0339
4,3.5,left-hand,0.9502,0.0498
4,3.5,right-hand,0.8841,0.1159
4,3.5,right-hand,0.6982,0.3018
4,3.5,right-hand,0.6982,0.3018
5,3.5,left-hand,0.9481,0.0519
5,3.5,left-hand,0.9448,0.0552
5,3.5,left-hand,0.9274,0.0726
5,3.5,right-hand,0.0281,0.9719
5,3.5,right-hand,0.0249,0.9751
5,3.5,right-hand,0.1197,0.8803
5,3.5,right-hand,0.4595,0.5405
5,3.5,right-hand,0.4997,0.5003
5,3.5,right-hand,0.1028,0.8972
5,3.5,left-hand,0.967,0.033
5,3.5,left-hand,0.967,0.033
5,3.5,right-hand,0.0717,0.9283
5,3.5,right-hand,0.1506,0.8494
5,3.5,right-hand,0.7721,0.2279
5,3.5,right-hand,0.9489,0.0511
5,3.5,left-hand,0.0204,0.9796
5,3.5,left-hand,0.89,0.11
5,3.5,left-hand,0.9411,0.0589
5,3.5,left-hand,0.9411,0.0589
5,3.5,right-hand,0.0315,0.9685
5,3.5,left-hand,0.967,0.033
5,3.5,left-hand,0.967,0.033
5,3.5,left-hand,0.967,0.033
5,3.5,right-hand,0.0326,0.9674
