fold,tmin,true_label,left-hand,right-hand
1,3.5,left-hand,0.6773,0.3227
1,3.5,left-hand,0.8992,0.1008
1,3.5,left-hand,0.4188,0.5812
1,3.5,left-hand,0.2745,0.7255
1,3.5,left-hand,0.1709,0.8291
1,3.5,left-hand,0.327,0.673
1,3.5,right-hand,0.5735,0.4265
1,3.5,right-hand,0.741,0.259
1,3.5,right-hand,0.555,0.445
1,3.5,right-hand,0.4782,0.5218
1,3.5,right-hand,0.5506,0.4494
1,3.5,right-hand,0.3645,0.6355
1,3.5,left-hand,0.8704,0.1296
1,3.5,left-hand,0.3862,0.6138
1,3.5,right-hand,0.1546,0.8454
1,3.5,right-hand,0.1811,0.8189
1,3.5,right-hand,0.2381,0.7619
1,3.5,right-hand,0.2612,0.7388
1,3.5,right-hand,0.0105,0.9895
1,3.5,right-hand,0.9133,0.0867
1,3.5,left-hand,0.9664,0.0336
1,3.5,left-hand,0.4636,0.5364
1,3.5,left-hand,0.6577,0.3423
1,3.5,left-hand,0.7376,0.2624
2,3.5,left-hand,0.9566,0.0434
2,3.5,left-hand,0.8457,0.1543
2,3.5,left-hand,0.1261,0.8739
2,3.5,right-hand,0.108,0.892
2,3.5,right-hand,0.3756,0.6244
2,3.5,right-hand,0.4763,0.5237
2,3.5,right-hand,0.6195,0.3805
2,3.5,left-hand,0.9012,0.0988
2,3.5,left-hand,0.6854,0.3146
2,3.5,right-hand,0.7741,0.2259
2,3.5,right-hand,0.4681,0.5319
2,3.5,right-hand,0.5201,0.4799
2,3.5,right-hand,0.0919,0.9081
2,3.5,right-hand,0.1974,0.8026
2,3.5,left-hand,0.4125,0.5875
2,3.5,right-hand,0.3298,0.6702
2,3.5,right-hand,0.1161,0.8839
2,3.5,right-hand,0.6211,0.3789
2,3.5,left-hand,0.1944,0.8056
2,3.5,left-hand,0.2483,0.7517
2,3.5,left-hand,0.1988,0.8012
2,3.5,left-hand,1.0,0.0
2,3.5,left-hand,0.5851,0.4149
2,3.5,left-hand,0.9296,0.0704
3,3.5,left-hand,0.7781,0.2219
3,3.5,left-hand,0.8364,0.1636
3,3.5,right-hand,0.5876,0.4124
3,3.5,right-hand,0.7611,0.2389
3,3.5,right-hand,0.6046,0.3954
3,3.5,right-hand,0.3856,0.6144
3,3.5,right-hand,0.0277,0.9723
3,3.5,right-hand,0.0583,0.9417
3,3.5,left-hand,0.7502,0.2498
3,3.5,left-hand,0.2623,0.7377
3,3.5,left-hand,0.3618,0.6382
3,3.5,left-hand,0.1967,0.8033
3,3.5,right-hand,0.1216,0.8784
3,3.5,left-hand,0.3411,0.6589
3,3.5,left-hand,0.4478,0.5522
3,3.5,left-hand,0.7543,0.2457
3,3.5,left-hand,0.2748,0.7252
3,3.5,right-hand,0.3017,0.6983
3,3.5,right-hand,0.2185,0.7815
3,3.5,right-hand,0.4356,0.5644
3,3.5,right-hand,0.1469,0.8531
3,3.5,right-hand,0.5537,0.4463
3,3.5,left-hand,0.3798,0.6202
3,3.5,left-hand,0.7049,0.2951
4,3.5,left-hand,0.6613,0.3387
4,3.5,left-hand,0.947,0.053
4,3.5,left-hand,0.878,0.122
4,3.5,left-hand,0.2195,0.7805
4,3.5,right-hand,0.2061,0.7939
4,3.5,right-hand,0.6587,0.3413
4,3.5,right-hand,0.4886,0.5114
4,3.5,right-hand,0.0046,0.9954
4,3.5,right-hand,0.0178,0.9822
4,3.5,right-hand,0.0401,0.9599
4,3.5,right-hand,0.2857,0.7143
4,3.5,left-hand,0.9709,0.0291
4,3.5,right-hand,0.5715,0.4285
4,3.5,left-hand,0.5249,0.4751
4,3.5,left-hand,0.3023,0.6977
4,3.5,right-hand,0.2235,0.7765
4,3.5,right-hand,0.3159,0.6841
4,3.5,right-hand,0.2626,0.7374
4,3.5,right-hand,0.3161,0.6839
4,3.5,left-hand,0.9218,0.0782
4,3.5,left-hand,0.7235,0.2765
4,3.5,left-hand,0.3965,0.6035
4,3.5,left-hand,0.8852,0.1148
4,3.5,left-hand,0.6657,0.3343
5,3.5,left-hand,0.9592,0.0408
5,3.5,left-hand,0.9316,0.0684
5,3.5,left-hand,0.9917,0.0083
5,3.5,left-hand,0.9146,0.0854
5,3.5,left-hand,0.6789,0.3211
5,3.5,right-hand,0.5981,0.4019
5,3.5,right-hand,0.6812,0.3188
5,3.5,right-hand,0.4702,0.5298
5,3.5,right-hand,0.4813,0.5187
5,3.5,right-hand,0.773,0.227
5,3.5,right-hand,0.3568,0.6432
5,3.5,right-hand,0.0733,0.9267
5,3.5,left-hand,0.3735,0.6265
5,3.5,left-hand,0.4181,0.5819
5,3.5,right-hand,0.2535,0.7465
5,3.5,right-hand,0.4138,0.5862
5,3.5,right-hand,0.4863,0.5137
5,3.5,left-hand,0.5226,0.4774
5,3.5,left-hand,0.5657,0.4343
5,3.5,right-hand,0.4878,0.5122
5,3.5,right-hand,0.4464,0.5536
5,3.5,left-hand,0.7371,0.2629
5,3.5,left-hand,0.6824,0.3176
5,3.5,left-hand,0.7603,0.2397
