fold,tmin,true_label,left-hand,right-hand
1,3.5,right-hand,0.9455,0.0545
1,3.5,right-hand,0.1518,0.8482
1,3.5,right-hand,0.3876,0.6124
1,3.5,right-hand,0.7872,0.2128
1,3.5,right-hand,0.0785,0.9215
1,3.5,right-hand,0.3023,0.6977
1,3.5,left-hand,0.9883,0.0117
1,3.5,left-hand,0.2784,0.7216
1,3.5,left-hand,0.2045,0.7955
1,3.5,left-hand,0.8975,0.1025
1,3.5,left-hand,0.8002,0.1998
1,3.5,right-hand,0.1387,0.8613
1,3.5,left-hand,0.3914,0.6086
1,3.5,right-hand,0.979,0.021
1,3.5,right-hand,0.6079,0.3921
1,3.5,right-hand,0.0781,0.9219
1,3.5,right-hand,0.6948,0.3052
1,3.5,left-hand,0.3126,0.6874
1,3.5,left-hand,0.578,0.422
1,3.5,left-hand,0.9818,0.0182
1,3.5,left-hand,0.9974,0.0026
1,3.5,right-hand,0.98,0.02
1,3.5,left-hand,0.9827,0.0173
1,3.5,left-hand,0.602,0.398
2,3.5,right-hand,0.776,0.224
2,3.5,right-hand,0.0878,0.9122
2,3.5,right-hand,0.5409,0.4591
2,3.5,left-hand,0.8919,0.1081
2,3.5,left-hand,0.9779,0.0221
2,3.5,left-hand,0.9981,0.0019
2,3.5,right-hand,1.0,0.0
2,3.5,right-hand,0.4472,0.5528
2,3.5,left-hand,0.4984,0.5016
2,3.5,right-hand,0.6793,0.3207
2,3.5,left-hand,0.6323,0.3677
2,3.5,left-hand,0.0225,0.9775
2,3.5,left-hand,0.8674,0.1326
2,3.5,left-hand,0.7575,0.2425
2,3.5,left-hand,0.2479,0.7521
2,3.5,right-hand,0.1677,0.8323
2,3.5,right-hand,0.4208,0.5792
2,3.5,left-hand,0.981,0.019
2,3.5,right-hand,0.9519,0.0481
2,3.5,right-hand,0.945,0.055
2,3.5,right-hand,0.7414,0.2586
2,3.5,right-hand,0.6854,0.3146
2,3.5,left-hand,0.8789,0.1211
2,3.5,left-hand,0.8743,0.1257
3,3.5,right-hand,0.9955,0.0045
3,3.5,right-hand,0.5853,0.4147
3,3.5,left-hand,0.2278,0.7722
3,3.5,left-hand,0.0809,0.9191
3,3.5,left-hand,0.1388,0.8612
3,3.5,right-hand,0.7164,0.2836
3,3.5,right-hand,0.0684,0.9316
3,3.5,right-hand,0.1355,0.8645
3,3.5,right-hand,0.5747,0.4253
3,3.5,left-hand,0.2671,0.7329
3,3.5,left-hand,0.9981,0.0019
3,3.5,left-hand,0.9472,0.0528
3,3.5,right-hand,0.9975,0.0025
3,3.5,right-hand,0.9982,0.0018
3,3.5,right-hand,0.9996,0.0004
3,3.5,right-hand,0.9989,0.0011
3,3.5,left-hand,0.9997,0.0003
3,3.5,right-hand,0.2528,0.7472
3,3.5,left-hand,0.5735,0.4265
3,3.5,left-hand,0.7182,0.2818
3,3.5,left-hand,0.9522,0.0478
3,3.5,right-hand,0.443,0.557
3,3.5,left-hand,0.9972,0.0028
3,3.5,left-hand,0.9887,0.0113
4,3.5,right-hand,1.0,0.0
4,3.5,right-hand,0.9999,0.0001
4,3.5,right-hand,0.9869,0.0131
4,3.5,right-hand,0.4763,0.5237
4,3.5,left-hand,0.2266,0.7734
4,3.5,left-hand,0.5441,0.4559
4,3.5,left-hand,0.294,0.706
4,3.5,right-hand,0.7263,0.2737
4,3.5,left-hand,0.9997,0.0003
4,3.5,left-hand,0.5896,0.4104
4,3.5,left-hand,0.8104,0.1896
4,3.5,left-hand,0.8704,0.1296
4,3.5,right-hand,0.9996,0.0004
4,3.5,right-hand,1.0,0.0
4,3.5,left-hand,0.8895,0.1105
4,3.5,right-hand,0.2112,0.7888
4,3.5,right-hand,0.1967,0.8033
4,3.5,right-hand,0.1518,0.8482
4,3.5,left-hand,0.988,0.012
4,3.5,right-hand,0.8666,0.1334
4,3.5,right-hand,0.7845,0.2155
4,3.5,left-hand,0.865,0.135
4,3.5,left-hand,0.8199,0.1801
4,3.5,left-hand,0.8784,0.1216
5,3.5,right-hand,0.958,0.042
5,3.5,right-hand,0.0589,0.9411
5,3.5,right-hand,0.0744,0.9256
5,3.5,right-hand,0.2678,0.7322
5,3.5,right-hand,0.3168,0.6832
5,3.5,left-hand,0.9645,0.0355
5,3.5,left-hand,0.0697,0.9303
5,3.5,left-hand,0.3552,0.6448
5,3.5,left-hand,0.9559,0.0441
5,3.5,left-hand,0.919,0.081
5,3.5,left-hand,0.0988,0.9012
5,3.5,right-hand,0.0867,0.9133
5,3.5,right-hand,0.0933,0.9067
5,3.5,left-hand,0.9553,0.0447
5,3.5,right-hand,0.9234,0.0766
5,3.5,right-hand,0.4095,0.5905
5,3.5,left-hand,0.6923,0.3077
5,3.5,left-hand,0.9985,0.0015
5,3.5,left-hand,0.9962,0.0038
5,3.5,right-hand,0.7039,0.2961
5,3.5,left-hand,0.5243,0.4757
5,3.5,right-hand,0.0877,0.9123
5,3.5,right-hand,0.8347,0.1653
5,3.5,left-hand,0.9173,0.0827
