fold,tmin,true_label,left-hand,right-hand
1,3.5,left-hand,0.9814,0.0186
1,3.5,left-hand,0.9938,0.0062
1,3.5,right-hand,0.1815,0.8185
1,3.5,right-hand,0.249,0.751
1,3.5,right-hand,0.2515,0.7485
1,3.5,right-hand,0.2824,0.7176
1,3.5,right-hand,0.4595,0.5405
1,3.5,left-hand,0.9314,0.0686
1,3.5,left-hand,0.7104,0.2896
1,3.5,left-hand,0.8403,0.1597
1,3.5,left-hand,0.7798,0.2202
1,3.5,right-hand,0.0424,0.9576
1,3.5,left-hand,0.9054,0.0946
1,3.5,left-hand,0.8867,0.1133
1,3.5,right-hand,0.6736,0.3264
1,3.5,right-hand,0.4444,0.5556
1,3.5,right-hand,0.1967,0.8033
1,3.5,right-hand,0.124,0.876
1,3.5,right-hand,0.6195,0.3805
1,3.5,right-hand,0.2397,0.7603
1,3.5,left-hand,0.9533,0.0467
1,3.5,left-hand,0.7852,0.2148
1,3.5,left-hand,0.7877,0.2123
1,3.5,left-hand,0.8457,0.1543
2,3.5,left-hand,0.9933,0.0067
2,3.5,left-hand,0.001,0.999
2,3.5,right-hand,0.008,0.992
2,3.5,right-hand,0.0337,0.9663
2,3.5,right-hand,0.013,0.987
2,3.5,left-hand,0.6895,0.3105
2,3.5,right-hand,0.0156,0.9844
2,3.5,right-hand,0.0258,0.9742
2,3.5,right-hand,0.033,0.967
2,3.5,right-hand,0.0183,0.9817
2,3.5,right-hand,0.0362,0.9638
2,3.5,right-hand,0.0264,0.9736
2,3.5,left-hand,0.1345,0.8655
2,3.5,left-hand,1.0,0.0
2,3.5,left-hand,0.9718,0.0282
2,3.5,right-hand,0.4056,0.5944
2,3.5,right-hand,0.1287,0.8713
2,3.5,right-hand,0.7075,0.2925
2,3.5,left-hand,0.9535,0.0465
2,3.5,left-hand,0.9814,0.0186
2,3.5,left-hand,0.5287,0.4713
2,3.5,left-hand,0.8258,0.1742
2,3.5,left-hand,0.6284,0.3716
2,3.5,left-hand,0.6739,0.3261
3,3.5,left-hand,0.9998,0.0002
3,3.5,right-hand,0.1868,0.8132
3,3.5,right-hand,0.1271,0.8729
3,3.5,right-hand,0.1953,0.8047
3,3.5,left-hand,0.7899,0.2101
3,3.5,right-hand,0.0443,0.9557
3,3.5,right-hand,0.0005,0.9995
3,3.5,right-hand,0.0016,0.9984
3,3.5,right-hand,0.0286,0.9714
3,3.5,left-hand,0.0602,0.9398
3,3.5,left-hand,0.3014,0.6986
3,3.5,left-hand,1.0,0.0
3,3.5,left-hand,0.2806,0.7194
3,3.5,left-hand,0.2656,0.7344
3,3.5,left-hand,0.6666,0.3334
3,3.5,left-hand,0.9888,0.0112
3,3.5,left-hand,0.9258,0.0742
3,3.5,right-hand,0.212,0.788
3,3.5,right-hand,0.4635,0.5365
3,3.5,right-hand,0.3504,0.6496
3,3.5,right-hand,0.3329,0.6671
3,3.5,right-hand,0.1835,0.8165
3,3.5,left-hand,0.9189,0.0811
3,3.5,left-hand,0.6692,0.3308
4,3.5,left-hand,0.9865,0.0135
4,3.5,left-hand,0.9657,0.0343
4,3.5,right-hand,0.0092,0.9908
4,3.5,right-hand,0.2236,0.7764
4,3.5,right-hand,0.1473,0.8527
4,3.5,left-hand,0.9172,0.0828
4,3.5,left-hand,0.529,0.471
4,3.5,right-hand,0.0254,0.9746
4,3.5,right-hand,0.0196,0.9804
4,3.5,right-hand,0.0618,0.9382
4,3.5,right-hand,0.0176,0.9824
4,3.5,right-hand,0.0308,0.9692
4,3.5,left-hand,0.0683,0.9317
4,3.5,left-hand,0.9086,0.0914
4,3.5,left-hand,0.9648,0.0352
4,3.5,right-hand,0.37,0.63
4,3.5,right-hand,0.6391,0.3609
4,3.5,right-hand,0.0451,0.9549
4,3.5,right-hand,0.5451,0.4549
4,3.5,left-hand,0.8796,0.1204
4,3.5,left-hand,0.6888,0.3112
4,3.5,left-hand,0.6999,0.3001
4,3.5,left-hand,0.5842,0.4158
4,3.5,left-hand,0.9653,0.0347
5,3.5,left-hand,0.9973,0.0027
5,3.5,left-hand,0.9875,0.0125
5,3.5,left-hand,0.0339,0.9661
5,3.5,right-hand,0.0557,0.9443
5,3.5,right-hand,0.0671,0.9329
5,3.5,right-hand,0.3167,0.6833
5,3.5,right-hand,0.2695,0.7305
5,3.5,right-hand,0.0473,0.9527
5,3.5,right-hand,0.602,0.398
5,3.5,left-hand,0.9601,0.0399
5,3.5,left-hand,0.9587,0.0413
5,3.5,right-hand,0.0029,0.9971
5,3.5,right-hand,0.1513,0.8487
5,3.5,right-hand,0.1392,0.8608
5,3.5,right-hand,0.358,0.642
5,3.5,left-hand,0.0,1.0
5,3.5,left-hand,0.9999,0.0001
5,3.5,left-hand,0.9965,0.0035
5,3.5,left-hand,0.9997,0.0003
5,3.5,right-hand,0.1742,0.8258
5,3.5,right-hand,0.0486,0.9514
5,3.5,left-hand,0.5623,0.4377
5,3.5,left-hand,0.6632,0.3368
5,3.5,left-hand,0.8539,0.1461
