fold,tmin,true_label,left-hand,right-hand
1,3.5,left-hand,0.992,0.008
1,3.5,left-hand,0.992,0.008
1,3.5,right-hand,0.0111,0.9889
1,3.5,right-hand,0.6087,0.3913
1,3.5,right-hand,0.0113,0.9887
1,3.5,right-hand,0.0297,0.9703
1,3.5,right-hand,0.0199,0.9801
1,3.5,left-hand,0.9919,0.0081
1,3.5,left-hand,0.9919,0.0081
1,3.5,left-hand,0.9844,0.0156
1,3.5,left-hand,0.9919,0.0081
1,3.5,right-hand,0.0143,0.9857
1,3.5,left-hand,0.992,0.008
1,3.5,left-hand,0.992,0.008
1,3.5,right-hand,0.1224,0.8776
1,3.5,right-hand,0.0891,0.9109
1,3.5,right-hand,0.016,0.984
1,3.5,right-hand,0.0113,0.9887
1,3.5,right-hand,0.0258,0.9742
1,3.5,right-hand,0.1071,0.8929
1,3.5,left-hand,0.6747,0.3253
1,3.5,left-hand,0.9192,0.0808
1,3.5,left-hand,0.2578,0.7422
1,3.5,left-hand,0.9761,0.0239
2,3.5,left-hand,0.9926,0.0074
2,3.5,left-hand,0.8444,0.1556
2,3.5,right-hand,0.8371,0.1629
2,3.5,right-hand,0.011,0.989
2,3.5,right-hand,0.0211,0.9789
2,3.5,left-hand,0.9926,0.0074
2,3.5,right-hand,0.0112,0.9888
2,3.5,right-hand,0.0233,0.9767
2,3.5,right-hand,0.0114,0.9886
2,3.5,right-hand,0.0087,0.9913
2,3.5,right-hand,0.0143,0.9857
2,3.5,right-hand,0.0111,0.9889
2,3.5,left-hand,0.9926,0.0074
2,3.5,left-hand,0.9926,0.0074
2,3.5,left-hand,0.9926,0.0074
2,3.5,right-hand,0.0118,0.9882
2,3.5,right-hand,0.0318,0.9682
2,3.5,right-hand,0.0251,0.9749
2,3.5,left-hand,0.9264,0.0736
2,3.5,left-hand,0.9847,0.0153
2,3.5,left-hand,0.9843,0.0157
2,3.5,left-hand,0.9843,0.0157
2,3.5,left-hand,0.9847,0.0153
2,3.5,left-hand,0.985,0.015
3,3.5,left-hand,0.989,0.011
3,3.5,right-hand,0.0142,0.9858
3,3.5,right-hand,0.0074,0.9926
3,3.5,right-hand,0.0078,0.9922
3,3.5,left-hand,0.9797,0.0203
3,3.5,right-hand,0.0098,0.9902
3,3.5,right-hand,0.01,0.99
3,3.5,right-hand,0.0084,0.9916
3,3.5,right-hand,0.1279,0.8721
3,3.5,left-hand,0.989,0.011
3,3.5,left-hand,0.989,0.011
3,3.5,left-hand,0.989,0.011
3,3.5,left-hand,0.989,0.011
3,3.5,left-hand,0.989,0.011
3,3.5,left-hand,0.989,0.011
3,3.5,left-hand,0.989,0.011
3,3.5,left-hand,0.989,0.011
3,3.5,right-hand,0.0826,0.9174
3,3.5,right-hand,0.0089,0.9911
3,3.5,right-hand,0.0122,0.9878
3,3.5,right-hand,0.0188,0.9812
3,3.5,right-hand,0.0271,0.9729
3,3.5,left-hand,0.9864,0.0136
3,3.5,left-hand,0.992,0.008
4,3.5,left-hand,0.9902,0.0098
4,3.5,left-hand,0.9902,0.0098
4,3.5,right-hand,0.0472,0.9528
4,3.5,right-hand,0.0205,0.9795
4,3.5,right-hand,0.0207,0.9793
4,3.5,left-hand,0.9845,0.0155
4,3.5,left-hand,0.9902,0.0098
4,3.5,right-hand,0.0128,0.9872
4,3.5,right-hand,0.0117,0.9883
4,3.5,right-hand,0.014,0.986
4,3.5,right-hand,0.014,0.986
4,3.5,right-hand,0.0125,0.9875
4,3.5,left-hand,0.9902,0.0098
4,3.5,left-hand,0.9902,0.0098
4,3.5,left-hand,0.9902,0.0098
4,3.5,right-hand,0.0125,0.9875
4,3.5,right-hand,0.0125,0.9875
4,3.5,right-hand,0.0125,0.9875
4,3.5,right-hand,0.0125,0.9875
4,3.5,left-hand,0.0125,0.9875
4,3.5,left-hand,0.958,0.042
4,3.5,left-hand,0.9888,0.0112
4,3.5,left-hand,0.9815,0.0185
4,3.5,left-hand,0.9876,0.0124
5,3.5,left-hand,0.9893,0.0107
5,3.5,left-hand,0.0513,0.9487
5,3.5,left-hand,0.9895,0.0105
5,3.5,right-hand,0.4236,0.5764
5,3.5,right-hand,0.0095,0.9905
5,3.5,right-hand,0.0095,0.9905
5,3.5,right-hand,0.0792,0.9208
5,3.5,right-hand,0.0295,0.9705
5,3.5,right-hand,0.1042,0.8958
5,3.5,left-hand,0.9895,0.0105
5,3.5,left-hand,0.9895,0.0105
5,3.5,right-hand,0.0291,0.9709
5,3.5,right-hand,0.005,0.995
5,3.5,right-hand,0.0081,0.9919
5,3.5,right-hand,0.907,0.093
5,3.5,left-hand,0.9895,0.0105
5,3.5,left-hand,0.9895,0.0105
5,3.5,left-hand,0.9895,0.0105
5,3.5,left-hand,0.9895,0.0105
5,3.5,right-hand,0.1833,0.8167
5,3.5,right-hand,0.0113,0.9887
5,3.5,left-hand,0.9877,0.0123
5,3.5,left-hand,0.9875,0.0125
5,3.5,left-hand,0.9938,0.0062
