fold,tmin,true_label,left-hand,right-hand
1,3.5,left-hand,0.6002,0.3998
1,3.5,left-hand,0.9193,0.0807
1,3.5,right-hand,0.1658,0.8342
1,3.5,right-hand,0.231,0.769
1,3.5,right-hand,0.231,0.769
1,3.5,right-hand,0.0872,0.9128
1,3.5,right-hand,0.4585,0.5415
1,3.5,left-hand,0.4323,0.5677
1,3.5,left-hand,0.9911,0.0089
1,3.5,left-hand,0.9913,0.0087
1,3.5,left-hand,0.6002,0.3998
1,3.5,right-hand,0.011,0.989
1,3.5,left-hand,0.1274,0.8726
1,3.5,left-hand,0.9302,0.0698
1,3.5,right-hand,0.8054,0.1946
1,3.5,right-hand,0.9096,0.0904
1,3.5,right-hand,0.965,0.035
1,3.5,right-hand,0.965,0.035
1,3.5,right-hand,0.0585,0.9415
1,3.5,right-hand,0.3942,0.6058
1,3.5,left-hand,0.6384,0.3616
1,3.5,left-hand,0.4277,0.5723
1,3.5,left-hand,0.9584,0.0416
1,3.5,left-hand,0.9904,0.0096
2,3.5,left-hand,0.9717,0.0283
2,3.5,left-hand,0.9351,0.0649
2,3.5,right-hand,0.8201,0.1799
2,3.5,right-hand,0.1516,0.8484
2,3.5,right-hand,0.1231,0.8769
2,3.5,left-hand,0.9865,0.0135
2,3.5,right-hand,0.0923,0.9077
2,3.5,right-hand,0.0453,0.9547
2,3.5,right-hand,0.0506,0.9494
2,3.5,right-hand,0.0721,0.9279
2,3.5,right-hand,0.0236,0.9764
2,3.5,right-hand,0.5261,0.4739
2,3.5,left-hand,0.7038,0.2962
2,3.5,left-hand,0.0662,0.9338
2,3.5,left-hand,0.8681,0.1319
2,3.5,right-hand,0.0358,0.9642
2,3.5,right-hand,0.5569,0.4431
2,3.5,right-hand,0.06,0.94
2,3.5,left-hand,0.9637,0.0363
2,3.5,left-hand,0.9571,0.0429
2,3.5,left-hand,0.8593,0.1407
2,3.5,left-hand,0.8641,0.1359
2,3.5,left-hand,0.9808,0.0192
2,3.5,left-hand,0.9836,0.0164
3,3.5,left-hand,0.9244,0.0756
3,3.5,right-hand,0.884,0.116
3,3.5,right-hand,0.8492,0.1508
3,3.5,right-hand,0.7836,0.2164
3,3.5,left-hand,0.9435,0.0565
3,3.5,right-hand,0.8917,0.1083
3,3.5,right-hand,0.0067,0.9933
3,3.5,right-hand,0.0078,0.9922
3,3.5,right-hand,0.2377,0.7623
3,3.5,left-hand,0.9566,0.0434
3,3.5,left-hand,0.6473,0.3527
3,3.5,left-hand,0.7504,0.2496
3,3.5,left-hand,0.8966,0.1034
3,3.5,left-hand,0.3081,0.6919
3,3.5,left-hand,0.8621,0.1379
3,3.5,left-hand,0.8919,0.1081
3,3.5,left-hand,0.7533,0.2467
3,3.5,right-hand,0.0458,0.9542
3,3.5,right-hand,0.0485,0.9515
3,3.5,right-hand,0.0458,0.9542
3,3.5,right-hand,0.3141,0.6859
3,3.5,right-hand,0.0674,0.9326
3,3.5,left-hand,0.9667,0.0333
3,3.5,left-hand,0.9932,0.0068
4,3.5,left-hand,0.982,0.018
4,3.5,left-hand,0.9557,0.0443
4,3.5,right-hand,0.0409,0.9591
4,3.5,right-hand,0.0441,0.9559
4,3.5,right-hand,0.077,0.923
4,3.5,left-hand,0.7832,0.2168
4,3.5,left-hand,0.9855,0.0145
4,3.5,right-hand,0.2535,0.7465
4,3.5,right-hand,0.0054,0.9946
4,3.5,right-hand,0.3405,0.6595
4,3.5,right-hand,0.0064,0.9936
4,3.5,right-hand,0.1008,0.8992
4,3.5,left-hand,0.7719,0.2281
4,3.5,left-hand,0.2241,0.7759
4,3.5,left-hand,0.7548,0.2452
4,3.5,right-hand,0.6562,0.3438
4,3.5,right-hand,0.146,0.854
4,3.5,right-hand,0.0622,0.9378
4,3.5,right-hand,0.0622,0.9378
4,3.5,left-hand,0.7147,0.2853
4,3.5,left-hand,0.7096,0.2904
4,3.5,left-hand,0.9615,0.0385
4,3.5,left-hand,0.9855,0.0145
4,3.5,left-hand,0.9836,0.0164
5,3.5,left-hand,0.8138,0.1862
5,3.5,left-hand,0.035,0.965
5,3.5,left-hand,0.0315,0.9685
5,3.5,right-hand,0.0302,0.9698
5,3.5,right-hand,0.0325,0.9675
5,3.5,right-hand,0.075,0.925
5,3.5,right-hand,0.054,0.946
5,3.5,right-hand,0.0119,0.9881
5,3.5,right-hand,0.3843,0.6157
5,3.5,left-hand,0.8966,0.1034
5,3.5,left-hand,0.685,0.315
5,3.5,right-hand,0.0615,0.9385
5,3.5,right-hand,0.4503,0.5497
5,3.5,right-hand,0.6041,0.3959
5,3.5,right-hand,0.4287,0.5713
5,3.5,left-hand,0.8098,0.1902
5,3.5,left-hand,0.7328,0.2672
5,3.5,left-hand,0.9504,0.0496
5,3.5,left-hand,0.121,0.879
5,3.5,right-hand,0.0489,0.9511
5,3.5,right-hand,0.7326,0.2674
5,3.5,left-hand,0.9695,0.0305
5,3.5,left-hand,0.9208,0.0792
5,3.5,left-hand,0.9887,0.0113
