fold,tmin,true_label,left-hand,right-hand
1,3.5,left-hand,0.9246,0.0754
1,3.5,left-hand,0.9246,0.0754
1,3.5,left-hand,0.9246,0.0754
1,3.5,left-hand,0.9307,0.0693
1,3.5,left-hand,0.9082,0.0918
1,3.5,left-hand,0.0214,0.9786
1,3.5,right-hand,0.6952,0.3048
1,3.5,right-hand,0.146,0.854
1,3.5,right-hand,0.1478,0.8522
1,3.5,right-hand,0.0059,0.9941
1,3.5,right-hand,0.0294,0.9706
1,3.5,right-hand,0.1708,0.8292
1,3.5,left-hand,0.493,0.507
1,3.5,left-hand,0.5529,0.4471
1,3.5,right-hand,0.7067,0.2933
1,3.5,right-hand,0.0194,0.9806
1,3.5,right-hand,0.0286,0.9714
1,3.5,right-hand,0.7992,0.2008
1,3.5,right-hand,0.0285,0.9715
1,3.5,right-hand,0.9288,0.0712
1,3.5,left-hand,0.9185,0.0815
1,3.5,left-hand,0.0396,0.9604
1,3.5,left-hand,0.8947,0.1053
1,3.5,left-hand,0.9605,0.0395
2,3.5,left-hand,0.955,0.045
2,3.5,left-hand,0.9394,0.0606
2,3.5,left-hand,0.9488,0.0512
2,3.5,right-hand,0.2416,0.7584
2,3.5,right-hand,0.0171,0.9829
2,3.5,right-hand,0.0836,0.9164
2,3.5,right-hand,0.0452,0.9548
2,3.5,left-hand,0.9807,0.0193
2,3.5,left-hand,0.8847,0.1153
2,3.5,right-hand,0.6493,0.3507
2,3.5,right-hand,0.9263,0.0737
2,3.5,right-hand,0.6422,0.3578
2,3.5,right-hand,0.0463,0.9537
2,3.5,right-hand,0.0638,0.9362
2,3.5,left-hand,0.823,0.177
2,3.5,right-hand,0.2824,0.7176
2,3.5,right-hand,0.0399,0.9601
2,3.5,right-hand,0.0261,0.9739
2,3.5,left-hand,0.9668,0.0332
2,3.5,left-hand,0.7544,0.2456
2,3.5,left-hand,0.8398,0.1602
2,3.5,left-hand,0.8704,0.1296
2,3.5,left-hand,0.9505,0.0495
2,3.5,left-hand,0.1609,0.8391
3,3.5,left-hand,0.9195,0.0805
3,3.5,left-hand,0.9362,0.0638
3,3.5,right-hand,0.818,0.182
3,3.5,right-hand,0.7029,0.2971
3,3.5,right-hand,0.8552,0.1448
3,3.5,right-hand,0.011,0.989
3,3.5,right-hand,0.3637,0.6363
3,3.5,right-hand,0.0612,0.9388
3,3.5,left-hand,0.9299,0.0701
3,3.5,left-hand,0.8633,0.1367
3,3.5,left-hand,0.0985,0.9015
3,3.5,left-hand,0.2148,0.7852
3,3.5,right-hand,0.5137,0.4863
3,3.5,left-hand,0.9131,0.0869
3,3.5,left-hand,0.8902,0.1098
3,3.5,left-hand,0.0313,0.9687
3,3.5,left-hand,0.0418,0.9582
3,3.5,right-hand,0.5764,0.4236
3,3.5,right-hand,0.7472,0.2528
3,3.5,right-hand,0.0673,0.9327
3,3.5,right-hand,0.0182,0.9818
3,3.5,right-hand,0.0295,0.9705
3,3.5,left-hand,0.8945,0.1055
3,3.5,left-hand,0.8433,0.1567
4,3.5,left-hand,0.9455,0.0545
4,3.5,left-hand,0.8671,0.1329
4,3.5,left-hand,0.9455,0.0545
4,3.5,left-hand,0.8894,0.1106
4,3.5,right-hand,0.0151,0.9849
4,3.5,right-hand,0.9432,0.0568
4,3.5,right-hand,0.0853,0.9147
4,3.5,right-hand,0.0381,0.9619
4,3.5,right-hand,0.0564,0.9436
4,3.5,right-hand,0.0193,0.9807
4,3.5,right-hand,0.7078,0.2922
4,3.5,left-hand,0.1811,0.8189
4,3.5,right-hand,0.0517,0.9483
4,3.5,left-hand,0.3012,0.6988
4,3.5,left-hand,0.3506,0.6494
4,3.5,right-hand,0.0124,0.9876
4,3.5,right-hand,0.0535,0.9465
4,3.5,right-hand,0.935,0.065
4,3.5,right-hand,0.9467,0.0533
4,3.5,left-hand,0.6996,0.3004
4,3.5,left-hand,0.0974,0.9026
4,3.5,left-hand,0.8445,0.1555
4,3.5,left-hand,0.9801,0.0199
4,3.5,left-hand,0.0291,0.9709
5,3.5,left-hand,0.9326,0.0674
5,3.5,left-hand,0.9326,0.0674
5,3.5,left-hand,0.9186,0.0814
5,3.5,left-hand,0.9254,0.0746
5,3.5,left-hand,0.9319,0.0681
5,3.5,right-hand,0.7383,0.2617
5,3.5,right-hand,0.5982,0.4018
5,3.5,right-hand,0.0712,0.9288
5,3.5,right-hand,0.165,0.835
5,3.5,right-hand,0.0962,0.9038
5,3.5,right-hand,0.0271,0.9729
5,3.5,right-hand,0.6986,0.3014
5,3.5,left-hand,0.9031,0.0969
5,3.5,left-hand,0.7857,0.2143
5,3.5,right-hand,0.096,0.904
5,3.5,right-hand,0.182,0.818
5,3.5,right-hand,0.0334,0.9666
5,3.5,left-hand,0.8484,0.1516
5,3.5,left-hand,0.2016,0.7984
5,3.5,right-hand,0.035,0.965
5,3.5,right-hand,0.4691,0.5309
5,3.5,left-hand,0.9411,0.0589
5,3.5,left-hand,0.838,0.162
5,3.5,left-hand,0.9188,0.0812
