fold,tmin,true_label,left-hand,right-hand
1,3.5,left-hand,0.1618,0.8382
1,3.5,left-hand,0.2017,0.7983
1,3.5,right-hand,0.4916,0.5084
1,3.5,right-hand,0.1151,0.8849
1,3.5,right-hand,0.1799,0.8201
1,3.5,right-hand,0.3502,0.6498
1,3.5,right-hand,0.2052,0.7948
1,3.5,left-hand,0.7935,0.2065
1,3.5,left-hand,0.4958,0.5042
1,3.5,left-hand,0.5925,0.4075
1,3.5,left-hand,0.4175,0.5825
1,3.5,right-hand,0.3361,0.6639
1,3.5,left-hand,0.8473,0.1527
1,3.5,left-hand,0.5377,0.4623
1,3.5,right-hand,0.3001,0.6999
1,3.5,right-hand,0.4915,0.5085
1,3.5,right-hand,0.5853,0.4147
1,3.5,right-hand,0.409,0.591
1,3.5,left-hand,0.7608,0.2392
1,3.5,left-hand,0.797,0.203
1,3.5,left-hand,0.8163,0.1837
1,3.5,left-hand,0.724,0.276
1,3.5,right-hand,0.806,0.194
1,3.5,right-hand,0.254,0.746
2,3.5,left-hand,0.4499,0.5501
2,3.5,left-hand,0.285,0.715
2,3.5,right-hand,0.6527,0.3473
2,3.5,right-hand,0.3544,0.6456
2,3.5,right-hand,0.1516,0.8484
2,3.5,left-hand,0.5828,0.4172
2,3.5,right-hand,0.8888,0.1112
2,3.5,right-hand,0.6201,0.3799
2,3.5,right-hand,0.5777,0.4223
2,3.5,right-hand,0.9305,0.0695
2,3.5,right-hand,0.3143,0.6857
2,3.5,right-hand,0.5845,0.4155
2,3.5,left-hand,0.7395,0.2605
2,3.5,left-hand,0.7379,0.2621
2,3.5,left-hand,0.4107,0.5893
2,3.5,right-hand,0.1275,0.8725
2,3.5,left-hand,0.7503,0.2497
2,3.5,left-hand,0.8235,0.1765
2,3.5,left-hand,0.9336,0.0664
2,3.5,left-hand,0.376,0.624
2,3.5,left-hand,0.7755,0.2245
2,3.5,left-hand,0.9951,0.0049
2,3.5,right-hand,0.3709,0.6291
2,3.5,right-hand,0.4668,0.5332
3,3.5,left-hand,0.4926,0.5074
3,3.5,right-hand,0.462,0.538
3,3.5,right-hand,0.7248,0.2752
3,3.5,right-hand,0.4802,0.5198
3,3.5,left-hand,0.6075,0.3925
3,3.5,right-hand,0.4847,0.5153
3,3.5,right-hand,0.5712,0.4288
3,3.5,right-hand,0.2238,0.7762
3,3.5,right-hand,0.1367,0.8633
3,3.5,left-hand,0.3381,0.6619
3,3.5,left-hand,0.7167,0.2833
3,3.5,left-hand,0.7928,0.2072
3,3.5,left-hand,0.8482,0.1518
3,3.5,left-hand,0.9725,0.0275
3,3.5,left-hand,0.7335,0.2665
3,3.5,left-hand,0.8584,0.1416
3,3.5,left-hand,0.6849,0.3151
3,3.5,right-hand,0.4186,0.5814
3,3.5,right-hand,0.4031,0.5969
3,3.5,right-hand,0.446,0.554
3,3.5,left-hand,0.4365,0.5635
3,3.5,left-hand,0.8145,0.1855
3,3.5,right-hand,0.3217,0.6783
3,3.5,right-hand,0.0468,0.9532
4,3.5,left-hand,0.3555,0.6445
4,3.5,left-hand,0.4281,0.5719
4,3.5,right-hand,0.5889,0.4111
4,3.5,right-hand,0.3322,0.6678
4,3.5,right-hand,0.5317,0.4683
4,3.5,left-hand,0.4878,0.5122
4,3.5,left-hand,0.2404,0.7596
4,3.5,right-hand,0.2582,0.7418
4,3.5,right-hand,0.5594,0.4406
4,3.5,right-hand,0.6539,0.3461
4,3.5,right-hand,0.2644,0.7356
4,3.5,right-hand,0.0007,0.9993
4,3.5,left-hand,0.3989,0.6011
4,3.5,left-hand,0.4543,0.5457
4,3.5,left-hand,0.8099,0.1901
4,3.5,right-hand,0.3655,0.6345
4,3.5,left-hand,0.5644,0.4356
4,3.5,left-hand,0.9371,0.0629
4,3.5,left-hand,0.9538,0.0462
4,3.5,left-hand,0.9276,0.0724
4,3.5,left-hand,0.8541,0.1459
4,3.5,right-hand,0.6911,0.3089
4,3.5,right-hand,0.001,0.999
4,3.5,right-hand,0.0,1.0
5,3.5,left-hand,0.5405,0.4595
5,3.5,left-hand,0.2769,0.7231
5,3.5,left-hand,0.4117,0.5883
5,3.5,right-hand,0.3898,0.6102
5,3.5,right-hand,0.5017,0.4983
5,3.5,right-hand,0.4053,0.5947
5,3.5,right-hand,0.3193,0.6807
5,3.5,right-hand,0.26,0.74
5,3.5,right-hand,0.8793,0.1207
5,3.5,left-hand,0.3424,0.6576
5,3.5,left-hand,0.8018,0.1982
5,3.5,right-hand,0.815,0.185
5,3.5,right-hand,0.4474,0.5526
5,3.5,right-hand,0.4727,0.5273
5,3.5,right-hand,0.3519,0.6481
5,3.5,left-hand,0.6356,0.3644
5,3.5,left-hand,0.7749,0.2251
5,3.5,left-hand,0.5323,0.4677
5,3.5,left-hand,0.8207,0.1793
5,3.5,right-hand,0.4582,0.5418
5,3.5,left-hand,0.5004,0.4996
5,3.5,left-hand,0.667,0.333
5,3.5,left-hand,0.1197,0.8803
5,3.5,right-hand,0.4818,0.5182
