fold,tmin,true_label,left-hand,right-hand
1,3.5,left-hand,0.2417,0.7583
1,3.5,left-hand,0.9685,0.0315
1,3.5,left-hand,0.8988,0.1012
1,3.5,left-hand,0.8988,0.1012
1,3.5,left-hand,0.8988,0.1012
1,3.5,left-hand,0.8988,0.1012
1,3.5,right-hand,0.4376,0.5624
1,3.5,right-hand,0.0103,0.9897
1,3.5,right-hand,0.0109,0.9891
1,3.5,right-hand,0.0874,0.9126
1,3.5,right-hand,0.0112,0.9888
1,3.5,right-hand,0.012,0.988
1,3.5,left-hand,0.9797,0.0203
1,3.5,left-hand,0.9749,0.0251
1,3.5,right-hand,0.0109,0.9891
1,3.5,right-hand,0.2448,0.7552
1,3.5,right-hand,0.5632,0.4368
1,3.5,right-hand,0.0109,0.9891
1,3.5,right-hand,0.4612,0.5388
1,3.5,right-hand,0.6172,0.3828
1,3.5,left-hand,0.4096,0.5904
1,3.5,left-hand,0.8654,0.1346
1,3.5,left-hand,0.3109,0.6891
1,3.5,left-hand,0.981,0.019
2,3.5,left-hand,0.9771,0.0229
2,3.5,left-hand,0.9771,0.0229
2,3.5,left-hand,0.9771,0.0229
2,3.5,right-hand,0.9771,0.0229
2,3.5,right-hand,0.705,0.295
2,3.5,right-hand,0.0067,0.9933
2,3.5,right-hand,0.0064,0.9936
2,3.5,left-hand,0.9763,0.0237
2,3.5,left-hand,0.9635,0.0365
2,3.5,right-hand,0.137,0.863
2,3.5,right-hand,0.0611,0.9389
2,3.5,right-hand,0.1393,0.8607
2,3.5,right-hand,0.007,0.993
2,3.5,right-hand,0.6586,0.3414
2,3.5,left-hand,0.9771,0.0229
2,3.5,right-hand,0.0064,0.9936
2,3.5,right-hand,0.1351,0.8649
2,3.5,right-hand,0.1351,0.8649
2,3.5,left-hand,0.1069,0.8931
2,3.5,left-hand,0.7777,0.2223
2,3.5,left-hand,0.0869,0.9131
2,3.5,left-hand,0.1231,0.8769
2,3.5,left-hand,0.6565,0.3435
2,3.5,left-hand,0.6248,0.3752
3,3.5,left-hand,0.9694,0.0306
3,3.5,left-hand,0.9353,0.0647
3,3.5,right-hand,0.0062,0.9938
3,3.5,right-hand,0.0063,0.9937
3,3.5,right-hand,0.0063,0.9937
3,3.5,right-hand,0.8679,0.1321
3,3.5,right-hand,0.0307,0.9693
3,3.5,right-hand,0.0065,0.9935
3,3.5,left-hand,0.9732,0.0268
3,3.5,left-hand,0.971,0.029
3,3.5,left-hand,0.9718,0.0282
3,3.5,left-hand,0.9751,0.0249
3,3.5,right-hand,0.0048,0.9952
3,3.5,left-hand,0.9694,0.0306
3,3.5,left-hand,0.9739,0.0261
3,3.5,left-hand,0.0102,0.9898
3,3.5,left-hand,0.0104,0.9896
3,3.5,right-hand,0.872,0.128
3,3.5,right-hand,0.1289,0.8711
3,3.5,right-hand,0.007,0.993
3,3.5,right-hand,0.8558,0.1442
3,3.5,right-hand,0.1289,0.8711
3,3.5,left-hand,0.881,0.119
3,3.5,left-hand,0.8895,0.1105
4,3.5,left-hand,0.9706,0.0294
4,3.5,left-hand,0.9691,0.0309
4,3.5,left-hand,0.955,0.045
4,3.5,left-hand,0.9281,0.0719
4,3.5,right-hand,0.1419,0.8581
4,3.5,right-hand,0.0385,0.9615
4,3.5,right-hand,0.0209,0.9791
4,3.5,right-hand,0.009,0.991
4,3.5,right-hand,0.019,0.981
4,3.5,right-hand,0.0073,0.9927
4,3.5,right-hand,0.005,0.995
4,3.5,left-hand,0.0048,0.9952
4,3.5,right-hand,0.9539,0.0461
4,3.5,left-hand,0.9715,0.0285
4,3.5,left-hand,0.9706,0.0294
4,3.5,right-hand,0.0229,0.9771
4,3.5,right-hand,0.576,0.424
4,3.5,right-hand,0.7449,0.2551
4,3.5,right-hand,0.8883,0.1117
4,3.5,left-hand,0.9438,0.0562
4,3.5,left-hand,0.3478,0.6522
4,3.5,left-hand,0.6396,0.3604
4,3.5,left-hand,0.286,0.714
4,3.5,left-hand,0.1954,0.8046
5,3.5,left-hand,0.9708,0.0292
5,3.5,left-hand,0.9683,0.0317
5,3.5,left-hand,0.9635,0.0365
5,3.5,left-hand,0.9147,0.0853
5,3.5,left-hand,0.9147,0.0853
5,3.5,right-hand,0.6752,0.3248
5,3.5,right-hand,0.0191,0.9809
5,3.5,right-hand,0.0111,0.9889
5,3.5,right-hand,0.1646,0.8354
5,3.5,right-hand,0.0121,0.9879
5,3.5,right-hand,0.0113,0.9887
5,3.5,right-hand,0.0131,0.9869
5,3.5,left-hand,0.9708,0.0292
5,3.5,left-hand,0.9709,0.0291
5,3.5,right-hand,0.0111,0.9889
5,3.5,right-hand,0.0446,0.9554
5,3.5,right-hand,0.4394,0.5606
5,3.5,left-hand,0.9705,0.0295
5,3.5,left-hand,0.9703,0.0297
5,3.5,right-hand,0.1583,0.8417
5,3.5,right-hand,0.1583,0.8417
5,3.5,left-hand,0.0849,0.9151
5,3.5,left-hand,0.3694,0.6306
5,3.5,left-hand,0.863,0.137
