fold,tmin,true_label,left-hand,right-hand
1,3.5,right-hand,0.0001,0.9999
1,3.5,right-hand,0.0348,0.9652
1,3.5,right-hand,0.5347,0.4653
1,3.5,right-hand,0.8026,0.1974
1,3.5,right-hand,0.0167,0.9833
1,3.5,right-hand,0.0296,0.9704
1,3.5,left-hand,0.7601,0.2399
1,3.5,left-hand,0.9993,0.0007
1,3.5,left-hand,0.9427,0.0573
1,3.5,left-hand,0.0062,0.9938
1,3.5,left-hand,0.9694,0.0306
1,3.5,right-hand,0.2507,0.7493
1,3.5,left-hand,0.6245,0.3755
1,3.5,right-hand,0.2425,0.7575
1,3.5,right-hand,0.2012,0.7988
1,3.5,right-hand,0.5655,0.4345
1,3.5,right-hand,0.5559,0.4441
1,3.5,right-hand,0.5366,0.4634
1,3.5,left-hand,0.5546,0.4454
1,3.5,left-hand,0.8244,0.1756
1,3.5,left-hand,0.7282,0.2718
1,3.5,left-hand,0.7316,0.2684
1,3.5,left-hand,0.8473,0.1527
1,3.5,left-hand,0.5648,0.4352
2,3.5,right-hand,0.8123,0.1877
2,3.5,right-hand,0.5556,0.4444
2,3.5,right-hand,0.2064,0.7936
2,3.5,left-hand,0.3764,0.6236
2,3.5,left-hand,0.9888,0.0112
2,3.5,left-hand,0.9917,0.0083
2,3.5,right-hand,0.0287,0.9713
2,3.5,right-hand,0.204,0.796
2,3.5,left-hand,0.5339,0.4661
2,3.5,right-hand,0.3573,0.6427
2,3.5,left-hand,0.3816,0.6184
2,3.5,left-hand,0.4712,0.5288
2,3.5,left-hand,0.4633,0.5367
2,3.5,left-hand,0.4892,0.5108
2,3.5,left-hand,0.3232,0.6768
2,3.5,right-hand,0.4541,0.5459
2,3.5,right-hand,0.6339,0.3661
2,3.5,right-hand,0.3882,0.6118
2,3.5,right-hand,0.4604,0.5396
2,3.5,right-hand,0.1652,0.8348
2,3.5,right-hand,0.4158,0.5842
2,3.5,left-hand,0.7493,0.2507
2,3.5,left-hand,0.7553,0.2447
2,3.5,left-hand,0.39,0.61
3,3.5,right-hand,0.0179,0.9821
3,3.5,right-hand,0.13,0.87
3,3.5,left-hand,0.3016,0.6984
3,3.5,left-hand,0.6204,0.3796
3,3.5,left-hand,0.1439,0.8561
3,3.5,right-hand,0.0208,0.9792
3,3.5,right-hand,0.1283,0.8717
3,3.5,right-hand,0.3503,0.6497
3,3.5,right-hand,0.4468,0.5532
3,3.5,left-hand,0.8444,0.1556
3,3.5,left-hand,0.8179,0.1821
3,3.5,left-hand,0.7938,0.2062
3,3.5,right-hand,0.7348,0.2652
3,3.5,right-hand,0.4537,0.5463
3,3.5,right-hand,0.4678,0.5322
3,3.5,right-hand,0.7018,0.2982
3,3.5,left-hand,0.3703,0.6297
3,3.5,right-hand,0.0356,0.9644
3,3.5,right-hand,0.1588,0.8412
3,3.5,left-hand,0.7253,0.2747
3,3.5,left-hand,0.7058,0.2942
3,3.5,left-hand,0.4462,0.5538
3,3.5,left-hand,0.5839,0.4161
3,3.5,left-hand,0.2335,0.7665
4,3.5,right-hand,0.0153,0.9847
4,3.5,right-hand,0.6744,0.3256
4,3.5,right-hand,0.011,0.989
4,3.5,right-hand,0.5252,0.4748
4,3.5,left-hand,0.98,0.02
4,3.5,left-hand,0.9986,0.0014
4,3.5,left-hand,1.0,0.0
4,3.5,right-hand,0.118,0.882
4,3.5,left-hand,0.7506,0.2494
4,3.5,left-hand,0.5747,0.4253
4,3.5,left-hand,0.6728,0.3272
4,3.5,left-hand,0.5765,0.4235
4,3.5,right-hand,0.2899,0.7101
4,3.5,right-hand,0.6197,0.3803
4,3.5,left-hand,0.653,0.347
4,3.5,right-hand,0.1352,0.8648
4,3.5,right-hand,0.6468,0.3532
4,3.5,right-hand,0.0242,0.9758
4,3.5,right-hand,0.1453,0.8547
4,3.5,right-hand,0.0011,0.9989
4,3.5,left-hand,0.5779,0.4221
4,3.5,left-hand,0.8523,0.1477
4,3.5,left-hand,0.7479,0.2521
4,3.5,left-hand,0.5698,0.4302
5,3.5,right-hand,0.8932,0.1068
5,3.5,right-hand,0.8277,0.1723
5,3.5,right-hand,0.8011,0.1989
5,3.5,right-hand,0.0948,0.9052
5,3.5,right-hand,0.0902,0.9098
5,3.5,left-hand,0.9985,0.0015
5,3.5,left-hand,0.6582,0.3418
5,3.5,left-hand,0.9916,0.0084
5,3.5,left-hand,0.9926,0.0074
5,3.5,left-hand,0.992,0.008
5,3.5,left-hand,0.9814,0.0186
5,3.5,right-hand,0.0791,0.9209
5,3.5,right-hand,0.2293,0.7707
5,3.5,left-hand,0.7283,0.2717
5,3.5,right-hand,0.6018,0.3982
5,3.5,right-hand,0.5295,0.4705
5,3.5,left-hand,0.4627,0.5373
5,3.5,left-hand,0.2203,0.7797
5,3.5,left-hand,0.1622,0.8378
5,3.5,right-hand,0.198,0.802
5,3.5,right-hand,0.303,0.697
5,3.5,right-hand,0.141,0.859
5,3.5,left-hand,0.8524,0.1476
5,3.5,left-hand,0.4926,0.5074
