fold,tmin,true_label,left-hand,right-hand
1,3.5,right-hand,0.1254,0.8746
1,3.5,right-hand,0.1503,0.8497
1,3.5,left-hand,0.325,0.675
1,3.5,right-hand,0.4768,0.5232
1,3.5,right-hand,0.5664,0.4336
1,3.5,right-hand,0.4678,0.5322
1,3.5,right-hand,0.3535,0.6465
1,3.5,left-hand,0.5534,0.4466
1,3.5,left-hand,0.7203,0.2797
1,3.5,left-hand,0.6194,0.3806
1,3.5,left-hand,0.727,0.273
1,3.5,right-hand,0.725,0.275
1,3.5,left-hand,0.8181,0.1819
1,3.5,right-hand,0.646,0.354
1,3.5,right-hand,0.5134,0.4866
1,3.5,right-hand,0.3593,0.6407
1,3.5,right-hand,0.5728,0.4272
1,3.5,right-hand,0.3475,0.6525
1,3.5,left-hand,0.6261,0.3739
1,3.5,left-hand,0.4752,0.5248
1,3.5,left-hand,0.6438,0.3562
1,3.5,left-hand,0.6205,0.3795
1,3.5,left-hand,0.9329,0.0671
1,3.5,left-hand,0.6707,0.3293
2,3.5,right-hand,0.0743,0.9257
2,3.5,right-hand,0.0787,0.9213
2,3.5,left-hand,0.2852,0.7148
2,3.5,right-hand,0.2337,0.7663
2,3.5,left-hand,0.3817,0.6183
2,3.5,left-hand,0.7646,0.2354
2,3.5,right-hand,0.8212,0.1788
2,3.5,right-hand,0.7901,0.2099
2,3.5,left-hand,0.3356,0.6644
2,3.5,right-hand,0.3313,0.6687
2,3.5,left-hand,0.4623,0.5377
2,3.5,left-hand,0.2866,0.7134
2,3.5,left-hand,0.4383,0.5617
2,3.5,left-hand,0.5563,0.4437
2,3.5,left-hand,0.692,0.308
2,3.5,right-hand,0.7824,0.2176
2,3.5,right-hand,0.8794,0.1206
2,3.5,right-hand,0.9928,0.0072
2,3.5,right-hand,0.0796,0.9204
2,3.5,right-hand,0.4381,0.5619
2,3.5,right-hand,0.7143,0.2857
2,3.5,left-hand,0.7851,0.2149
2,3.5,left-hand,0.884,0.116
2,3.5,left-hand,0.9902,0.0098
3,3.5,right-hand,0.1019,0.8981
3,3.5,left-hand,0.5195,0.4805
3,3.5,left-hand,0.5528,0.4472
3,3.5,left-hand,0.6511,0.3489
3,3.5,right-hand,0.2681,0.7319
3,3.5,right-hand,0.5943,0.4057
3,3.5,right-hand,0.5611,0.4389
3,3.5,right-hand,0.7799,0.2201
3,3.5,right-hand,0.6381,0.3619
3,3.5,left-hand,0.5884,0.4116
3,3.5,left-hand,0.4621,0.5379
3,3.5,left-hand,0.5192,0.4808
3,3.5,right-hand,0.5923,0.4077
3,3.5,right-hand,0.6055,0.3945
3,3.5,right-hand,0.4474,0.5526
3,3.5,right-hand,0.4588,0.5412
3,3.5,left-hand,0.6455,0.3545
3,3.5,right-hand,0.851,0.149
3,3.5,right-hand,0.0914,0.9086
3,3.5,left-hand,0.3872,0.6128
3,3.5,left-hand,0.714,0.286
3,3.5,left-hand,0.3102,0.6898
3,3.5,left-hand,0.6339,0.3661
3,3.5,left-hand,0.9078,0.0922
4,3.5,right-hand,0.0427,0.9573
4,3.5,right-hand,0.1317,0.8683
4,3.5,left-hand,0.2232,0.7768
4,3.5,left-hand,0.5535,0.4465
4,3.5,left-hand,0.6852,0.3148
4,3.5,right-hand,0.4807,0.5193
4,3.5,right-hand,0.2801,0.7199
4,3.5,right-hand,0.6014,0.3986
4,3.5,left-hand,0.8869,0.1131
4,3.5,left-hand,0.6913,0.3087
4,3.5,left-hand,0.4793,0.5207
4,3.5,left-hand,0.859,0.141
4,3.5,right-hand,0.255,0.745
4,3.5,right-hand,0.132,0.868
4,3.5,left-hand,0.1899,0.8101
4,3.5,right-hand,0.4562,0.5438
4,3.5,right-hand,0.3509,0.6491
4,3.5,right-hand,0.0,1.0
4,3.5,right-hand,0.0,1.0
4,3.5,right-hand,0.6556,0.3444
4,3.5,left-hand,0.3214,0.6786
4,3.5,left-hand,0.5666,0.4334
4,3.5,left-hand,0.9998,0.0002
4,3.5,left-hand,1.0,0.0
5,3.5,right-hand,0.0672,0.9328
5,3.5,right-hand,0.0816,0.9184
5,3.5,right-hand,0.1567,0.8433
5,3.5,left-hand,0.3506,0.6494
5,3.5,left-hand,0.9284,0.0716
5,3.5,right-hand,0.147,0.853
5,3.5,right-hand,0.4553,0.5447
5,3.5,left-hand,0.5449,0.4551
5,3.5,left-hand,0.5674,0.4326
5,3.5,left-hand,0.4495,0.5505
5,3.5,left-hand,0.5973,0.4027
5,3.5,right-hand,0.7905,0.2095
5,3.5,right-hand,0.592,0.408
5,3.5,left-hand,0.4804,0.5196
5,3.5,right-hand,0.2741,0.7259
5,3.5,right-hand,0.4935,0.5065
5,3.5,left-hand,0.4555,0.5445
5,3.5,left-hand,0.4274,0.5726
5,3.5,left-hand,0.6345,0.3655
5,3.5,right-hand,1.0,0.0
5,3.5,right-hand,0.6807,0.3193
5,3.5,right-hand,0.6416,0.3584
5,3.5,left-hand,0.7886,0.2114
5,3.5,left-hand,0.7966,0.2034
