fold,tmin,true_label,left-hand,right-hand
1,3.5,right-hand,0.0987,0.9013
1,3.5,right-hand,0.0547,0.9453
1,3.5,right-hand,0.312,0.688
1,3.5,right-hand,0.1775,0.8225
1,3.5,right-hand,0.3995,0.6005
1,3.5,right-hand,0.0,1.0
1,3.5,left-hand,0.3266,0.6734
1,3.5,left-hand,0.633,0.367
1,3.5,left-hand,0.8452,0.1548
1,3.5,left-hand,0.651,0.349
1,3.5,left-hand,0.6282,0.3718
1,3.5,right-hand,0.5968,0.4032
1,3.5,left-hand,0.8579,0.1421
1,3.5,right-hand,0.0587,0.9413
1,3.5,right-hand,0.3756,0.6244
1,3.5,right-hand,0.1451,0.8549
1,3.5,right-hand,0.2397,0.7603
1,3.5,left-hand,0.3359,0.6641
1,3.5,left-hand,0.4031,0.5969
1,3.5,left-hand,0.0969,0.9031
1,3.5,left-hand,0.1514,0.8486
1,3.5,right-hand,0.7222,0.2778
1,3.5,left-hand,0.7889,0.2111
1,3.5,left-hand,0.8343,0.1657
2,3.5,right-hand,0.0231,0.9769
2,3.5,right-hand,0.0949,0.9051
2,3.5,right-hand,0.1101,0.8899
2,3.5,left-hand,0.3284,0.6716
2,3.5,left-hand,0.8602,0.1398
2,3.5,left-hand,0.7937,0.2063
2,3.5,right-hand,0.8706,0.1294
2,3.5,right-hand,0.436,0.564
2,3.5,left-hand,0.7831,0.2169
2,3.5,right-hand,0.6578,0.3422
2,3.5,left-hand,0.2572,0.7428
2,3.5,left-hand,0.9881,0.0119
2,3.5,left-hand,0.3827,0.6173
2,3.5,left-hand,0.4097,0.5903
2,3.5,left-hand,0.8726,0.1274
2,3.5,right-hand,0.5355,0.4645
2,3.5,right-hand,0.7876,0.2124
2,3.5,left-hand,0.638,0.362
2,3.5,right-hand,0.4946,0.5054
2,3.5,right-hand,0.7683,0.2317
2,3.5,right-hand,0.5574,0.4426
2,3.5,right-hand,0.6636,0.3364
2,3.5,left-hand,0.7787,0.2213
2,3.5,left-hand,0.7455,0.2545
3,3.5,right-hand,0.0136,0.9864
3,3.5,right-hand,0.1482,0.8518
3,3.5,left-hand,0.4728,0.5272
3,3.5,left-hand,0.5555,0.4445
3,3.5,left-hand,0.7699,0.2301
3,3.5,right-hand,0.7844,0.2156
3,3.5,right-hand,0.5105,0.4895
3,3.5,right-hand,0.6874,0.3126
3,3.5,right-hand,0.6908,0.3092
3,3.5,left-hand,0.6494,0.3506
3,3.5,left-hand,0.9678,0.0322
3,3.5,left-hand,0.9576,0.0424
3,3.5,right-hand,0.8513,0.1487
3,3.5,right-hand,0.3938,0.6062
3,3.5,right-hand,0.503,0.497
3,3.5,right-hand,0.1031,0.8969
3,3.5,left-hand,0.5861,0.4139
3,3.5,right-hand,0.4192,0.5808
3,3.5,left-hand,0.4657,0.5343
3,3.5,left-hand,0.5737,0.4263
3,3.5,left-hand,0.2795,0.7205
3,3.5,right-hand,0.727,0.273
3,3.5,left-hand,0.6296,0.3704
3,3.5,left-hand,0.6902,0.3098
4,3.5,right-hand,0.154,0.846
4,3.5,right-hand,0.215,0.785
4,3.5,right-hand,0.2125,0.7875
4,3.5,right-hand,1.0,0.0
4,3.5,left-hand,0.4319,0.5681
4,3.5,left-hand,0.4357,0.5643
4,3.5,left-hand,0.9891,0.0109
4,3.5,right-hand,0.9026,0.0974
4,3.5,left-hand,0.9938,0.0062
4,3.5,left-hand,0.8251,0.1749
4,3.5,left-hand,0.9903,0.0097
4,3.5,left-hand,0.7032,0.2968
4,3.5,right-hand,0.0325,0.9675
4,3.5,right-hand,0.2977,0.7023
4,3.5,left-hand,0.9796,0.0204
4,3.5,right-hand,0.7649,0.2351
4,3.5,right-hand,0.1494,0.8506
4,3.5,right-hand,0.389,0.611
4,3.5,left-hand,0.6166,0.3834
4,3.5,right-hand,0.3987,0.6013
4,3.5,right-hand,0.1567,0.8433
4,3.5,left-hand,0.583,0.417
4,3.5,left-hand,0.8893,0.1107
4,3.5,left-hand,0.9832,0.0168
5,3.5,right-hand,0.0265,0.9735
5,3.5,right-hand,0.1439,0.8561
5,3.5,right-hand,0.189,0.811
5,3.5,right-hand,0.2446,0.7554
5,3.5,right-hand,0.3785,0.6215
5,3.5,left-hand,0.3295,0.6705
5,3.5,left-hand,0.7374,0.2626
5,3.5,left-hand,0.6914,0.3086
5,3.5,left-hand,0.3927,0.6073
5,3.5,left-hand,0.5467,0.4533
5,3.5,left-hand,0.7956,0.2044
5,3.5,right-hand,0.5525,0.4475
5,3.5,right-hand,0.5832,0.4168
5,3.5,left-hand,0.9004,0.0996
5,3.5,right-hand,0.6959,0.3041
5,3.5,right-hand,0.0227,0.9773
5,3.5,left-hand,0.6362,0.3638
5,3.5,left-hand,0.8608,0.1392
5,3.5,left-hand,0.4417,0.5583
5,3.5,right-hand,0.2905,0.7095
5,3.5,left-hand,0.7265,0.2735
5,3.5,right-hand,0.7015,0.2985
5,3.5,right-hand,0.6785,0.3215
5,3.5,left-hand,0.2618,0.7382
