fold,tmin,true_label,left-hand,right-hand
1,3.5,right-hand,0.594,0.406
1,3.5,right-hand,0.5638,0.4362
1,3.5,right-hand,0.0875,0.9125
1,3.5,right-hand,0.2435,0.7565
1,3.5,right-hand,0.2704,0.7296
1,3.5,right-hand,0.5691,0.4309
1,3.5,left-hand,0.6625,0.3375
1,3.5,left-hand,0.8769,0.1231
1,3.5,left-hand,0.256,0.744
1,3.5,left-hand,0.3477,0.6523
1,3.5,left-hand,0.2435,0.7565
1,3.5,right-hand,0.5188,0.4812
1,3.5,left-hand,0.9328,0.0672
1,3.5,right-hand,0.1587,0.8413
1,3.5,right-hand,0.1049,0.8951
1,3.5,right-hand,0.0235,0.9765
1,3.5,right-hand,0.0747,0.9253
1,3.5,left-hand,0.7481,0.2519
1,3.5,left-hand,0.239,0.761
1,3.5,left-hand,0.9629,0.0371
1,3.5,left-hand,0.3878,0.6122
1,3.5,right-hand,0.9682,0.0318
1,3.5,left-hand,0.9682,0.0318
1,3.5,left-hand,0.1003,0.8997
2,3.5,right-hand,0.857,0.143
2,3.5,right-hand,0.2226,0.7774
2,3.5,right-hand,0.6965,0.3035
2,3.5,left-hand,0.2198,0.7802
2,3.5,left-hand,0.9351,0.0649
2,3.5,left-hand,0.6009,0.3991
2,3.5,right-hand,0.5887,0.4113
2,3.5,right-hand,0.8839,0.1161
2,3.5,left-hand,0.2574,0.7426
2,3.5,right-hand,0.1493,0.8507
2,3.5,left-hand,0.5426,0.4574
2,3.5,left-hand,0.6269,0.3731
2,3.5,left-hand,0.7922,0.2078
2,3.5,left-hand,0.1348,0.8652
2,3.5,left-hand,0.5426,0.4574
2,3.5,right-hand,0.0677,0.9323
2,3.5,right-hand,0.2145,0.7855
2,3.5,left-hand,0.9045,0.0955
2,3.5,right-hand,0.2607,0.7393
2,3.5,right-hand,0.2607,0.7393
2,3.5,right-hand,0.2243,0.7757
2,3.5,right-hand,0.8555,0.1445
2,3.5,left-hand,0.886,0.114
2,3.5,left-hand,0.4012,0.5988
3,3.5,right-hand,0.7334,0.2666
3,3.5,right-hand,0.8664,0.1336
3,3.5,left-hand,0.5083,0.4917
3,3.5,left-hand,0.0666,0.9334
3,3.5,left-hand,0.565,0.435
3,3.5,right-hand,0.3499,0.6501
3,3.5,right-hand,0.3382,0.6618
3,3.5,right-hand,0.3167,0.6833
3,3.5,right-hand,0.899,0.101
3,3.5,left-hand,0.1904,0.8096
3,3.5,left-hand,0.9829,0.0171
3,3.5,left-hand,0.1544,0.8456
3,3.5,right-hand,0.666,0.334
3,3.5,right-hand,0.7656,0.2344
3,3.5,right-hand,0.8128,0.1872
3,3.5,right-hand,0.3118,0.6882
3,3.5,left-hand,0.8128,0.1872
3,3.5,right-hand,0.0756,0.9244
3,3.5,left-hand,0.8633,0.1367
3,3.5,left-hand,0.9615,0.0385
3,3.5,left-hand,0.8808,0.1192
3,3.5,right-hand,0.1344,0.8656
3,3.5,left-hand,0.0485,0.9515
3,3.5,left-hand,0.9316,0.0684
4,3.5,right-hand,0.7983,0.2017
4,3.5,right-hand,0.7983,0.2017
4,3.5,right-hand,0.8143,0.1857
4,3.5,right-hand,0.7511,0.2489
4,3.5,left-hand,0.3858,0.6142
4,3.5,left-hand,0.725,0.275
4,3.5,left-hand,0.595,0.405
4,3.5,right-hand,0.0942,0.9058
4,3.5,left-hand,0.9691,0.0309
4,3.5,left-hand,0.3287,0.6713
4,3.5,left-hand,0.286,0.714
4,3.5,left-hand,0.9131,0.0869
4,3.5,right-hand,0.8463,0.1537
4,3.5,right-hand,0.8463,0.1537
4,3.5,left-hand,0.2684,0.7316
4,3.5,right-hand,0.514,0.486
4,3.5,right-hand,0.2322,0.7678
4,3.5,right-hand,0.0441,0.9559
4,3.5,left-hand,0.9646,0.0354
4,3.5,right-hand,0.3059,0.6941
4,3.5,right-hand,0.254,0.746
4,3.5,left-hand,0.1956,0.8044
4,3.5,left-hand,0.5155,0.4845
4,3.5,left-hand,0.9131,0.0869
5,3.5,right-hand,0.6107,0.3893
5,3.5,right-hand,0.0401,0.9599
5,3.5,right-hand,0.0381,0.9619
5,3.5,right-hand,0.2752,0.7248
5,3.5,right-hand,0.9342,0.0658
5,3.5,left-hand,0.4595,0.5405
5,3.5,left-hand,0.0381,0.9619
5,3.5,left-hand,0.8611,0.1389
5,3.5,left-hand,0.9413,0.0587
5,3.5,left-hand,0.9451,0.0549
5,3.5,left-hand,0.046,0.954
5,3.5,right-hand,0.0359,0.9641
5,3.5,right-hand,0.046,0.954
5,3.5,left-hand,0.9469,0.0531
5,3.5,right-hand,0.9045,0.0955
5,3.5,right-hand,0.4017,0.5983
5,3.5,left-hand,0.4566,0.5434
5,3.5,left-hand,0.6622,0.3378
5,3.5,left-hand,0.6622,0.3378
5,3.5,right-hand,0.1502,0.8498
5,3.5,left-hand,0.9719,0.0281
5,3.5,right-hand,0.2914,0.7086
5,3.5,right-hand,0.6949,0.3051
5,3.5,left-hand,0.5629,0.4371
