fold,tmin,true_label,left-hand,right-hand
1,3.5,left-hand,0.9849,0.0151
1,3.5,left-hand,0.985,0.015
1,3.5,left-hand,0.9983,0.0017
1,3.5,left-hand,0.9145,0.0855
1,3.5,left-hand,0.441,0.559
1,3.5,left-hand,0.7636,0.2364
1,3.5,right-hand,0.0005,0.9995
1,3.5,right-hand,0.0657,0.9343
1,3.5,right-hand,0.1169,0.8831
1,3.5,right-hand,0.016,0.984
1,3.5,right-hand,0.0147,0.9853
1,3.5,right-hand,0.0323,0.9677
1,3.5,left-hand,0.9894,0.0106
1,3.5,left-hand,0.8497,0.1503
1,3.5,right-hand,0.6859,0.3141
1,3.5,right-hand,0.4712,0.5288
1,3.5,right-hand,0.4964,0.5036
1,3.5,right-hand,0.5526,0.4474
1,3.5,right-hand,0.5593,0.4407
1,3.5,right-hand,0.6655,0.3345
1,3.5,left-hand,0.8998,0.1002
1,3.5,left-hand,0.7704,0.2296
1,3.5,left-hand,0.8188,0.1812
1,3.5,left-hand,0.9437,0.0563
2,3.5,left-hand,0.9928,0.0072
2,3.5,left-hand,0.9947,0.0053
2,3.5,left-hand,0.9993,0.0007
2,3.5,right-hand,0.8317,0.1683
2,3.5,right-hand,0.0002,0.9998
2,3.5,right-hand,0.0037,0.9963
2,3.5,right-hand,0.0049,0.9951
2,3.5,left-hand,0.1165,0.8835
2,3.5,left-hand,0.998,0.002
2,3.5,right-hand,0.9997,0.0003
2,3.5,right-hand,0.9779,0.0221
2,3.5,right-hand,0.9144,0.0856
2,3.5,right-hand,0.3712,0.6288
2,3.5,right-hand,0.5084,0.4916
2,3.5,left-hand,0.8084,0.1916
2,3.5,right-hand,0.5134,0.4866
2,3.5,right-hand,0.0167,0.9833
2,3.5,right-hand,0.0418,0.9582
2,3.5,left-hand,0.8181,0.1819
2,3.5,left-hand,0.334,0.666
2,3.5,left-hand,0.8472,0.1528
2,3.5,left-hand,0.1751,0.8249
2,3.5,left-hand,0.6536,0.3464
2,3.5,left-hand,0.8435,0.1565
3,3.5,left-hand,0.9864,0.0136
3,3.5,left-hand,0.9788,0.0212
3,3.5,right-hand,0.027,0.973
3,3.5,right-hand,0.0261,0.9739
3,3.5,right-hand,0.0419,0.9581
3,3.5,right-hand,0.015,0.985
3,3.5,right-hand,0.1067,0.8933
3,3.5,right-hand,0.0294,0.9706
3,3.5,left-hand,0.2515,0.7485
3,3.5,left-hand,0.5726,0.4274
3,3.5,left-hand,0.9592,0.0408
3,3.5,left-hand,0.9718,0.0282
3,3.5,right-hand,0.498,0.502
3,3.5,left-hand,0.9024,0.0976
3,3.5,left-hand,0.7915,0.2085
3,3.5,left-hand,0.5183,0.4817
3,3.5,left-hand,0.7502,0.2498
3,3.5,right-hand,0.5127,0.4873
3,3.5,right-hand,0.082,0.918
3,3.5,right-hand,0.3545,0.6455
3,3.5,right-hand,0.1443,0.8557
3,3.5,right-hand,0.1602,0.8398
3,3.5,left-hand,0.562,0.438
3,3.5,left-hand,0.727,0.273
4,3.5,left-hand,0.9828,0.0172
4,3.5,left-hand,0.9944,0.0056
4,3.5,left-hand,0.9992,0.0008
4,3.5,left-hand,0.0198,0.9802
4,3.5,right-hand,0.0001,0.9999
4,3.5,right-hand,0.0023,0.9977
4,3.5,right-hand,0.0121,0.9879
4,3.5,right-hand,0.0944,0.9056
4,3.5,right-hand,0.3448,0.6552
4,3.5,right-hand,0.0241,0.9759
4,3.5,right-hand,0.0139,0.9861
4,3.5,left-hand,0.9998,0.0002
4,3.5,right-hand,0.4758,0.5242
4,3.5,left-hand,0.9856,0.0144
4,3.5,left-hand,0.9935,0.0065
4,3.5,right-hand,0.7136,0.2864
4,3.5,right-hand,0.055,0.945
4,3.5,right-hand,0.8653,0.1347
4,3.5,right-hand,0.2357,0.7643
4,3.5,left-hand,0.9194,0.0806
4,3.5,left-hand,0.3411,0.6589
4,3.5,left-hand,0.3713,0.6287
4,3.5,left-hand,0.6285,0.3715
4,3.5,left-hand,0.2636,0.7364
5,3.5,left-hand,0.8574,0.1426
5,3.5,left-hand,0.8724,0.1276
5,3.5,left-hand,0.9799,0.0201
5,3.5,left-hand,0.9949,0.0051
5,3.5,left-hand,0.9897,0.0103
5,3.5,right-hand,0.0165,0.9835
5,3.5,right-hand,0.0174,0.9826
5,3.5,right-hand,0.0512,0.9488
5,3.5,right-hand,0.0209,0.9791
5,3.5,right-hand,0.1369,0.8631
5,3.5,right-hand,0.106,0.894
5,3.5,right-hand,0.1375,0.8625
5,3.5,left-hand,0.4868,0.5132
5,3.5,left-hand,0.1715,0.8285
5,3.5,right-hand,0.4938,0.5062
5,3.5,right-hand,0.4637,0.5363
5,3.5,right-hand,0.9083,0.0917
5,3.5,left-hand,0.8251,0.1749
5,3.5,left-hand,0.9657,0.0343
5,3.5,right-hand,0.2419,0.7581
5,3.5,right-hand,0.4071,0.5929
5,3.5,left-hand,0.3354,0.6646
5,3.5,left-hand,0.7741,0.2259
5,3.5,left-hand,0.7931,0.2069
