fold,tmin,true_label,left-hand,right-hand
1,3.5,right-hand,0.1045,0.8955
1,3.5,right-hand,0.3594,0.6406
1,3.5,right-hand,0.0378,0.9622
1,3.5,right-hand,0.0699,0.9301
1,3.5,right-hand,0.6251,0.3749
1,3.5,right-hand,0.0493,0.9507
1,3.5,left-hand,0.9285,0.0715
1,3.5,left-hand,0.9285,0.0715
1,3.5,left-hand,0.9285,0.0715
1,3.5,left-hand,0.9285,0.0715
1,3.5,left-hand,0.9285,0.0715
1,3.5,right-hand,0.344,0.656
1,3.5,left-hand,0.9656,0.0344
1,3.5,right-hand,0.0493,0.9507
1,3.5,right-hand,0.0493,0.9507
1,3.5,right-hand,0.0714,0.9286
1,3.5,right-hand,0.0378,0.9622
1,3.5,right-hand,0.0399,0.9601
1,3.5,left-hand,0.528,0.472
1,3.5,left-hand,0.962,0.038
1,3.5,left-hand,0.962,0.038
1,3.5,left-hand,0.9572,0.0428
1,3.5,left-hand,0.962,0.038
1,3.5,left-hand,0.962,0.038
2,3.5,right-hand,0.3865,0.6135
2,3.5,right-hand,0.0807,0.9193
2,3.5,right-hand,0.0346,0.9654
2,3.5,left-hand,0.2873,0.7127
2,3.5,left-hand,0.952,0.048
2,3.5,left-hand,0.952,0.048
2,3.5,right-hand,0.0047,0.9953
2,3.5,right-hand,0.2885,0.7115
2,3.5,left-hand,0.8772,0.1228
2,3.5,right-hand,0.0475,0.9525
2,3.5,left-hand,0.3077,0.6923
2,3.5,left-hand,0.7671,0.2329
2,3.5,left-hand,0.3077,0.6923
2,3.5,left-hand,0.3077,0.6923
2,3.5,left-hand,0.056,0.944
2,3.5,right-hand,0.0435,0.9565
2,3.5,right-hand,0.9672,0.0328
2,3.5,right-hand,0.0505,0.9495
2,3.5,right-hand,0.9743,0.0257
2,3.5,right-hand,0.0492,0.9508
2,3.5,right-hand,0.0492,0.9508
2,3.5,left-hand,0.8608,0.1392
2,3.5,left-hand,0.9724,0.0276
2,3.5,left-hand,0.0452,0.9548
3,3.5,right-hand,0.0741,0.9259
3,3.5,right-hand,0.093,0.907
3,3.5,left-hand,0.1272,0.8728
3,3.5,left-hand,0.9507,0.0493
3,3.5,left-hand,0.9507,0.0493
3,3.5,right-hand,0.0358,0.9642
3,3.5,right-hand,0.5566,0.4434
3,3.5,right-hand,0.0427,0.9573
3,3.5,right-hand,0.8691,0.1309
3,3.5,left-hand,0.8778,0.1222
3,3.5,left-hand,0.8697,0.1303
3,3.5,left-hand,0.9251,0.0749
3,3.5,right-hand,0.1586,0.8414
3,3.5,right-hand,0.0891,0.9109
3,3.5,right-hand,0.2206,0.7794
3,3.5,right-hand,0.0891,0.9109
3,3.5,left-hand,0.7249,0.2751
3,3.5,right-hand,0.0453,0.9547
3,3.5,right-hand,0.0363,0.9637
3,3.5,left-hand,0.1351,0.8649
3,3.5,left-hand,0.9613,0.0387
3,3.5,left-hand,0.9605,0.0395
3,3.5,left-hand,0.9593,0.0407
3,3.5,left-hand,0.9357,0.0643
4,3.5,right-hand,0.0606,0.9394
4,3.5,right-hand,0.0902,0.9098
4,3.5,right-hand,0.0492,0.9508
4,3.5,right-hand,0.2818,0.7182
4,3.5,left-hand,0.4335,0.5665
4,3.5,left-hand,0.9407,0.0593
4,3.5,left-hand,0.3595,0.6405
4,3.5,right-hand,0.0481,0.9519
4,3.5,left-hand,0.0489,0.9511
4,3.5,left-hand,0.8806,0.1194
4,3.5,left-hand,0.9509,0.0491
4,3.5,left-hand,0.7722,0.2278
4,3.5,right-hand,0.0907,0.9093
4,3.5,right-hand,0.9552,0.0448
4,3.5,left-hand,0.9524,0.0476
4,3.5,right-hand,0.0474,0.9526
4,3.5,right-hand,0.6972,0.3028
4,3.5,right-hand,0.087,0.913
4,3.5,right-hand,0.0269,0.9731
4,3.5,right-hand,0.087,0.913
4,3.5,left-hand,0.9603,0.0397
4,3.5,left-hand,0.9506,0.0494
4,3.5,left-hand,0.6304,0.3696
4,3.5,left-hand,0.96,0.04
5,3.5,right-hand,0.9237,0.0763
5,3.5,right-hand,0.1119,0.8881
5,3.5,right-hand,0.1639,0.8361
5,3.5,right-hand,0.7171,0.2829
5,3.5,right-hand,0.0235,0.9765
5,3.5,left-hand,0.9255,0.0745
5,3.5,left-hand,0.9255,0.0745
5,3.5,left-hand,0.9255,0.0745
5,3.5,left-hand,0.9255,0.0745
5,3.5,left-hand,0.9255,0.0745
5,3.5,left-hand,0.9255,0.0745
5,3.5,right-hand,0.0944,0.9056
5,3.5,right-hand,0.0473,0.9527
5,3.5,left-hand,0.4057,0.5943
5,3.5,right-hand,0.0802,0.9198
5,3.5,right-hand,0.0677,0.9323
5,3.5,left-hand,0.0944,0.9056
5,3.5,left-hand,0.0639,0.9361
5,3.5,left-hand,0.0944,0.9056
5,3.5,right-hand,0.0944,0.9056
5,3.5,right-hand,0.021,0.979
5,3.5,right-hand,0.9047,0.0953
5,3.5,left-hand,0.9601,0.0399
5,3.5,left-hand,0.9639,0.0361
