fold,tmin,true_label,left-hand,right-hand
1,3.5,right-hand,0.1294,0.8706
1,3.5,right-hand,0.0447,0.9553
1,3.5,right-hand,0.2856,0.7144
1,3.5,right-hand,0.2451,0.7549
1,3.5,right-hand,0.8186,0.1814
1,3.5,right-hand,0.5609,0.4391
1,3.5,left-hand,0.1724,0.8276
1,3.5,left-hand,0.8694,0.1306
1,3.5,left-hand,0.8487,0.1513
1,3.5,left-hand,0.6874,0.3126
1,3.5,left-hand,0.7505,0.2495
1,3.5,left-hand,0.9681,0.0319
1,3.5,right-hand,0.1192,0.8808
1,3.5,right-hand,0.1454,0.8546
1,3.5,left-hand,0.3384,0.6616
1,3.5,left-hand,0.3058,0.6942
1,3.5,left-hand,0.5463,0.4537
1,3.5,left-hand,0.6394,0.3606
1,3.5,right-hand,0.3021,0.6979
1,3.5,right-hand,0.3724,0.6276
1,3.5,right-hand,0.2978,0.7022
1,3.5,right-hand,0.557,0.443
1,3.5,left-hand,0.5279,0.4721
1,3.5,left-hand,0.1676,0.8324
2,3.5,right-hand,0.2604,0.7396
2,3.5,right-hand,0.2212,0.7788
2,3.5,right-hand,0.2839,0.7161
2,3.5,left-hand,0.417,0.583
2,3.5,left-hand,0.2262,0.7738
2,3.5,left-hand,0.5676,0.4324
2,3.5,left-hand,0.6514,0.3486
2,3.5,right-hand,0.5351,0.4649
2,3.5,right-hand,0.6349,0.3651
2,3.5,left-hand,0.8805,0.1195
2,3.5,left-hand,0.8255,0.1745
2,3.5,left-hand,0.9267,0.0733
2,3.5,left-hand,0.0259,0.9741
2,3.5,left-hand,0.038,0.962
2,3.5,right-hand,0.6684,0.3316
2,3.5,left-hand,0.5114,0.4886
2,3.5,right-hand,0.3827,0.6173
2,3.5,right-hand,0.304,0.696
2,3.5,right-hand,0.5304,0.4696
2,3.5,right-hand,0.2925,0.7075
2,3.5,right-hand,0.246,0.754
2,3.5,right-hand,0.2446,0.7554
2,3.5,left-hand,0.461,0.539
2,3.5,left-hand,0.4282,0.5718
3,3.5,right-hand,0.106,0.894
3,3.5,right-hand,0.9465,0.0535
3,3.5,left-hand,0.9704,0.0296
3,3.5,left-hand,0.8062,0.1938
3,3.5,left-hand,0.977,0.023
3,3.5,left-hand,0.4115,0.5885
3,3.5,left-hand,0.741,0.259
3,3.5,left-hand,0.7961,0.2039
3,3.5,right-hand,0.7278,0.2722
3,3.5,right-hand,0.4825,0.5175
3,3.5,right-hand,0.4301,0.5699
3,3.5,right-hand,0.9796,0.0204
3,3.5,left-hand,0.5538,0.4462
3,3.5,right-hand,0.7082,0.2918
3,3.5,right-hand,0.6332,0.3668
3,3.5,right-hand,0.5932,0.4068
3,3.5,right-hand,0.2241,0.7759
3,3.5,left-hand,0.3561,0.6439
3,3.5,left-hand,0.4835,0.5165
3,3.5,left-hand,0.5478,0.4522
3,3.5,right-hand,0.1256,0.8744
3,3.5,right-hand,0.3826,0.6174
3,3.5,left-hand,0.3008,0.6992
3,3.5,left-hand,0.3634,0.6366
4,3.5,right-hand,0.0957,0.9043
4,3.5,right-hand,0.0625,0.9375
4,3.5,right-hand,0.1512,0.8488
4,3.5,right-hand,0.4401,0.5599
4,3.5,left-hand,0.7274,0.2726
4,3.5,left-hand,0.4009,0.5991
4,3.5,left-hand,0.4432,0.5568
4,3.5,left-hand,0.7425,0.2575
4,3.5,left-hand,0.796,0.204
4,3.5,left-hand,0.675,0.325
4,3.5,left-hand,0.0939,0.9061
4,3.5,right-hand,0.9602,0.0398
4,3.5,left-hand,0.3628,0.6372
4,3.5,right-hand,0.3793,0.6207
4,3.5,right-hand,0.2452,0.7548
4,3.5,left-hand,0.8617,0.1383
4,3.5,right-hand,0.5771,0.4229
4,3.5,right-hand,0.3398,0.6602
4,3.5,right-hand,0.498,0.502
4,3.5,right-hand,0.1822,0.8178
4,3.5,right-hand,0.0435,0.9565
4,3.5,left-hand,0.128,0.872
4,3.5,left-hand,0.6511,0.3489
4,3.5,left-hand,0.5631,0.4369
5,3.5,right-hand,0.1206,0.8794
5,3.5,right-hand,0.2888,0.7112
5,3.5,right-hand,0.5008,0.4992
5,3.5,right-hand,0.3407,0.6593
5,3.5,right-hand,0.2359,0.7641
5,3.5,left-hand,0.342,0.658
5,3.5,left-hand,0.1145,0.8855
5,3.5,left-hand,0.913,0.087
5,3.5,left-hand,0.7177,0.2823
5,3.5,left-hand,0.8125,0.1875
5,3.5,left-hand,0.5608,0.4392
5,3.5,left-hand,0.3184,0.6816
5,3.5,right-hand,0.5167,0.4833
5,3.5,right-hand,0.3425,0.6575
5,3.5,left-hand,0.3576,0.6424
5,3.5,left-hand,0.8109,0.1891
5,3.5,left-hand,0.0,1.0
5,3.5,right-hand,0.6306,0.3694
5,3.5,right-hand,0.6623,0.3377
5,3.5,left-hand,0.6875,0.3125
5,3.5,right-hand,0.3908,0.6092
5,3.5,right-hand,0.6452,0.3548
5,3.5,right-hand,0.2573,0.7427
5,3.5,left-hand,0.4384,0.5616
