fold,tmin,true_label,left-hand,right-hand
1,3.5,right-hand,0.0502,0.9498
1,3.5,right-hand,0.0314,0.9686
1,3.5,right-hand,0.0279,0.9721
1,3.5,right-hand,0.59,0.41
1,3.5,right-hand,0.0502,0.9498
1,3.5,right-hand,0.0502,0.9498
1,3.5,left-hand,0.0495,0.9505
1,3.5,left-hand,0.2139,0.7861
1,3.5,left-hand,0.6765,0.3235
1,3.5,left-hand,0.9741,0.0259
1,3.5,left-hand,0.4033,0.5967
1,3.5,left-hand,0.9723,0.0277
1,3.5,right-hand,0.0502,0.9498
1,3.5,right-hand,0.3252,0.6748
1,3.5,left-hand,0.679,0.321
1,3.5,left-hand,0.6255,0.3745
1,3.5,left-hand,0.6255,0.3745
1,3.5,left-hand,0.6255,0.3745
1,3.5,right-hand,0.6255,0.3745
1,3.5,right-hand,0.7802,0.2198
1,3.5,right-hand,0.1483,0.8517
1,3.5,right-hand,0.1483,0.8517
1,3.5,left-hand,0.9356,0.0644
1,3.5,left-hand,0.2063,0.7937
2,3.5,right-hand,0.0849,0.9151
2,3.5,right-hand,0.0377,0.9623
2,3.5,right-hand,0.0464,0.9536
2,3.5,left-hand,0.0531,0.9469
2,3.5,left-hand,0.577,0.423
2,3.5,left-hand,0.8692,0.1308
2,3.5,left-hand,0.985,0.015
2,3.5,right-hand,0.8608,0.1392
2,3.5,right-hand,0.611,0.389
2,3.5,left-hand,0.6569,0.3431
2,3.5,left-hand,0.9599,0.0401
2,3.5,left-hand,0.9746,0.0254
2,3.5,left-hand,0.9267,0.0733
2,3.5,left-hand,0.9286,0.0714
2,3.5,right-hand,0.1678,0.8322
2,3.5,left-hand,0.2588,0.7412
2,3.5,right-hand,0.3684,0.6316
2,3.5,right-hand,0.1508,0.8492
2,3.5,right-hand,0.1532,0.8468
2,3.5,right-hand,0.248,0.752
2,3.5,right-hand,0.4664,0.5336
2,3.5,right-hand,0.0884,0.9116
2,3.5,left-hand,0.1678,0.8322
2,3.5,left-hand,0.1678,0.8322
3,3.5,right-hand,0.0197,0.9803
3,3.5,right-hand,0.5397,0.4603
3,3.5,left-hand,0.9818,0.0182
3,3.5,left-hand,0.945,0.055
3,3.5,left-hand,0.8641,0.1359
3,3.5,left-hand,0.0248,0.9752
3,3.5,left-hand,0.093,0.907
3,3.5,left-hand,0.4825,0.5175
3,3.5,right-hand,0.7425,0.2575
3,3.5,right-hand,0.9156,0.0844
3,3.5,right-hand,0.0272,0.9728
3,3.5,right-hand,0.0298,0.9702
3,3.5,left-hand,0.826,0.174
3,3.5,right-hand,0.5358,0.4642
3,3.5,right-hand,0.2278,0.7722
3,3.5,right-hand,0.2278,0.7722
3,3.5,right-hand,0.4538,0.5462
3,3.5,left-hand,0.422,0.578
3,3.5,left-hand,0.6046,0.3954
3,3.5,left-hand,0.2473,0.7527
3,3.5,right-hand,0.0648,0.9352
3,3.5,right-hand,0.9184,0.0816
3,3.5,left-hand,0.0603,0.9397
3,3.5,left-hand,0.1198,0.8802
4,3.5,right-hand,0.0505,0.9495
4,3.5,right-hand,0.3013,0.6987
4,3.5,right-hand,0.2043,0.7957
4,3.5,right-hand,0.0461,0.9539
4,3.5,left-hand,0.3708,0.6292
4,3.5,left-hand,0.9451,0.0549
4,3.5,left-hand,0.9793,0.0207
4,3.5,left-hand,0.9804,0.0196
4,3.5,left-hand,0.2989,0.7011
4,3.5,left-hand,0.9046,0.0954
4,3.5,left-hand,0.0601,0.9399
4,3.5,right-hand,0.2987,0.7013
4,3.5,left-hand,0.9038,0.0962
4,3.5,right-hand,0.8577,0.1423
4,3.5,right-hand,0.6646,0.3354
4,3.5,left-hand,0.7595,0.2405
4,3.5,right-hand,0.7299,0.2701
4,3.5,right-hand,0.2322,0.7678
4,3.5,right-hand,0.8896,0.1104
4,3.5,right-hand,0.668,0.332
4,3.5,right-hand,0.1384,0.8616
4,3.5,left-hand,0.9001,0.0999
4,3.5,left-hand,0.9038,0.0962
4,3.5,left-hand,0.9038,0.0962
5,3.5,right-hand,0.081,0.919
5,3.5,right-hand,0.6114,0.3886
5,3.5,right-hand,0.0441,0.9559
5,3.5,right-hand,0.0496,0.9504
5,3.5,right-hand,0.0441,0.9559
5,3.5,left-hand,0.9802,0.0198
5,3.5,left-hand,0.9881,0.0119
5,3.5,left-hand,0.6346,0.3654
5,3.5,left-hand,0.9888,0.0112
5,3.5,left-hand,0.9881,0.0119
5,3.5,left-hand,0.9802,0.0198
5,3.5,left-hand,0.9812,0.0188
5,3.5,right-hand,0.9802,0.0198
5,3.5,right-hand,0.0943,0.9057
5,3.5,left-hand,0.1319,0.8681
5,3.5,left-hand,0.5579,0.4421
5,3.5,left-hand,0.0793,0.9207
5,3.5,right-hand,0.5275,0.4725
5,3.5,right-hand,0.6109,0.3891
5,3.5,left-hand,0.6952,0.3048
5,3.5,right-hand,0.1252,0.8748
5,3.5,right-hand,0.1252,0.8748
5,3.5,right-hand,0.1006,0.8994
5,3.5,left-hand,0.1252,0.8748
