fold,tmin,true_label,left-hand,right-hand
1,3.5,left-hand,0.0378,0.9622
1,3.5,left-hand,0.0463,0.9537
1,3.5,right-hand,0.0066,0.9934
1,3.5,right-hand,0.0118,0.9882
1,3.5,right-hand,0.0083,0.9917
1,3.5,right-hand,0.0088,0.9912
1,3.5,right-hand,0.4092,0.5908
1,3.5,left-hand,0.999,0.001
1,3.5,left-hand,0.006,0.994
1,3.5,left-hand,0.0065,0.9935
1,3.5,left-hand,0.0079,0.9921
1,3.5,right-hand,0.0078,0.9922
1,3.5,left-hand,0.0101,0.9899
1,3.5,left-hand,0.0041,0.9959
1,3.5,right-hand,0.834,0.166
1,3.5,right-hand,0.5361,0.4639
1,3.5,right-hand,0.7565,0.2435
1,3.5,right-hand,0.6661,0.3339
1,3.5,left-hand,0.9999,0.0001
1,3.5,left-hand,1.0,0.0
1,3.5,left-hand,1.0,0.0
1,3.5,left-hand,1.0,0.0
1,3.5,right-hand,0.0037,0.9963
1,3.5,right-hand,0.1299,0.8701
2,3.5,left-hand,0.1039,0.8961
2,3.5,left-hand,0.1196,0.8804
2,3.5,right-hand,0.0598,0.9402
2,3.5,right-hand,0.0277,0.9723
2,3.5,right-hand,0.0242,0.9758
2,3.5,left-hand,0.0142,0.9858
2,3.5,right-hand,0.0265,0.9735
2,3.5,right-hand,0.0234,0.9766
2,3.5,right-hand,0.0254,0.9746
2,3.5,right-hand,0.0225,0.9775
2,3.5,right-hand,0.0472,0.9528
2,3.5,right-hand,0.0274,0.9726
2,3.5,left-hand,0.0225,0.9775
2,3.5,left-hand,0.0251,0.9749
2,3.5,left-hand,0.0269,0.9731
2,3.5,right-hand,0.076,0.924
2,3.5,left-hand,0.9956,0.0044
2,3.5,left-hand,0.9996,0.0004
2,3.5,left-hand,0.9996,0.0004
2,3.5,left-hand,0.999,0.001
2,3.5,left-hand,0.9995,0.0005
2,3.5,left-hand,0.9995,0.0005
2,3.5,right-hand,0.0058,0.9942
2,3.5,right-hand,0.4327,0.5673
3,3.5,left-hand,0.1331,0.8669
3,3.5,right-hand,0.0092,0.9908
3,3.5,right-hand,0.0076,0.9924
3,3.5,right-hand,0.0086,0.9914
3,3.5,left-hand,1.0,0.0
3,3.5,right-hand,0.0062,0.9938
3,3.5,right-hand,0.0075,0.9925
3,3.5,right-hand,0.0096,0.9904
3,3.5,right-hand,0.024,0.976
3,3.5,left-hand,0.0133,0.9867
3,3.5,left-hand,0.0103,0.9897
3,3.5,left-hand,0.0088,0.9912
3,3.5,left-hand,0.0488,0.9512
3,3.5,left-hand,0.2469,0.7531
3,3.5,left-hand,0.0052,0.9948
3,3.5,left-hand,0.0054,0.9946
3,3.5,left-hand,0.0055,0.9945
3,3.5,right-hand,0.5228,0.4772
3,3.5,right-hand,0.4408,0.5592
3,3.5,right-hand,0.5234,0.4766
3,3.5,left-hand,0.9999,0.0001
3,3.5,left-hand,1.0,0.0
3,3.5,right-hand,0.318,0.682
3,3.5,right-hand,0.0,1.0
4,3.5,left-hand,0.7076,0.2924
4,3.5,left-hand,0.9517,0.0483
4,3.5,right-hand,0.0317,0.9683
4,3.5,right-hand,0.0519,0.9481
4,3.5,right-hand,0.0463,0.9537
4,3.5,left-hand,0.989,0.011
4,3.5,left-hand,0.0463,0.9537
4,3.5,right-hand,0.0478,0.9522
4,3.5,right-hand,0.0472,0.9528
4,3.5,right-hand,0.0468,0.9532
4,3.5,right-hand,0.0467,0.9533
4,3.5,right-hand,0.2155,0.7845
4,3.5,left-hand,0.0738,0.9262
4,3.5,left-hand,0.3633,0.6367
4,3.5,left-hand,0.3158,0.6842
4,3.5,right-hand,0.0177,0.9823
4,3.5,left-hand,0.9985,0.0015
4,3.5,left-hand,0.9997,0.0003
4,3.5,left-hand,0.9999,0.0001
4,3.5,left-hand,0.9979,0.0021
4,3.5,left-hand,0.9932,0.0068
4,3.5,right-hand,0.1711,0.8289
4,3.5,right-hand,0.0,1.0
4,3.5,right-hand,0.0,1.0
5,3.5,left-hand,0.1643,0.8357
5,3.5,left-hand,0.1712,0.8288
5,3.5,left-hand,0.1999,0.8001
5,3.5,right-hand,0.0362,0.9638
5,3.5,right-hand,0.045,0.955
5,3.5,right-hand,0.0794,0.9206
5,3.5,right-hand,0.0513,0.9487
5,3.5,right-hand,0.0485,0.9515
5,3.5,right-hand,0.0437,0.9563
5,3.5,left-hand,0.947,0.053
5,3.5,left-hand,0.9443,0.0557
5,3.5,right-hand,0.0466,0.9534
5,3.5,right-hand,0.0955,0.9045
5,3.5,right-hand,0.0662,0.9338
5,3.5,right-hand,0.0589,0.9411
5,3.5,left-hand,0.0469,0.9531
5,3.5,left-hand,0.0527,0.9473
5,3.5,left-hand,0.0064,0.9936
5,3.5,left-hand,0.0058,0.9942
5,3.5,right-hand,0.0109,0.9891
5,3.5,left-hand,0.9994,0.0006
5,3.5,left-hand,0.9976,0.0024
5,3.5,left-hand,0.9993,0.0007
5,3.5,right-hand,0.0157,0.9843
