fold,tmin,true_label,left-hand,right-hand
1,3.5,left-hand,0.9782,0.0218
1,3.5,left-hand,0.9782,0.0218
1,3.5,right-hand,0.0598,0.9402
1,3.5,right-hand,0.1237,0.8763
1,3.5,right-hand,0.0672,0.9328
1,3.5,right-hand,0.0403,0.9597
1,3.5,right-hand,0.1984,0.8016
1,3.5,left-hand,0.9768,0.0232
1,3.5,left-hand,0.9802,0.0198
1,3.5,left-hand,0.968,0.032
1,3.5,left-hand,0.9714,0.0286
1,3.5,right-hand,0.0317,0.9683
1,3.5,left-hand,0.9946,0.0054
1,3.5,left-hand,0.9666,0.0334
1,3.5,right-hand,0.8087,0.1913
1,3.5,right-hand,0.0102,0.9898
1,3.5,right-hand,0.0228,0.9772
1,3.5,right-hand,0.0729,0.9271
1,3.5,right-hand,0.0116,0.9884
1,3.5,right-hand,0.028,0.972
1,3.5,left-hand,0.9805,0.0195
1,3.5,left-hand,0.9918,0.0082
1,3.5,left-hand,0.9782,0.0218
1,3.5,left-hand,0.9782,0.0218
2,3.5,left-hand,0.9906,0.0094
2,3.5,left-hand,0.0052,0.9948
2,3.5,right-hand,0.0079,0.9921
2,3.5,right-hand,0.023,0.977
2,3.5,right-hand,0.9623,0.0377
2,3.5,left-hand,0.7588,0.2412
2,3.5,right-hand,0.0046,0.9954
2,3.5,right-hand,0.0145,0.9855
2,3.5,right-hand,0.0246,0.9754
2,3.5,right-hand,0.0113,0.9887
2,3.5,right-hand,0.8199,0.1801
2,3.5,right-hand,0.0113,0.9887
2,3.5,left-hand,0.2587,0.7413
2,3.5,left-hand,0.9878,0.0122
2,3.5,left-hand,0.9878,0.0122
2,3.5,right-hand,0.0126,0.9874
2,3.5,right-hand,0.1174,0.8826
2,3.5,right-hand,0.0162,0.9838
2,3.5,left-hand,0.9913,0.0087
2,3.5,left-hand,0.9908,0.0092
2,3.5,left-hand,0.9767,0.0233
2,3.5,left-hand,0.9818,0.0182
2,3.5,left-hand,0.2152,0.7848
2,3.5,left-hand,0.9913,0.0087
3,3.5,left-hand,0.9825,0.0175
3,3.5,right-hand,0.6115,0.3885
3,3.5,right-hand,0.0775,0.9225
3,3.5,right-hand,0.011,0.989
3,3.5,left-hand,0.6602,0.3398
3,3.5,right-hand,0.0463,0.9537
3,3.5,right-hand,0.008,0.992
3,3.5,right-hand,0.0231,0.9769
3,3.5,right-hand,0.0278,0.9722
3,3.5,left-hand,0.053,0.947
3,3.5,left-hand,0.2728,0.7272
3,3.5,left-hand,0.9803,0.0197
3,3.5,left-hand,0.976,0.024
3,3.5,left-hand,0.0591,0.9409
3,3.5,left-hand,0.2737,0.7263
3,3.5,left-hand,0.6988,0.3012
3,3.5,left-hand,0.2392,0.7608
3,3.5,right-hand,0.0606,0.9394
3,3.5,right-hand,0.0092,0.9908
3,3.5,right-hand,0.0101,0.9899
3,3.5,right-hand,0.2045,0.7955
3,3.5,right-hand,0.0107,0.9893
3,3.5,left-hand,0.9918,0.0082
3,3.5,left-hand,0.9924,0.0076
4,3.5,left-hand,0.9792,0.0208
4,3.5,left-hand,0.9771,0.0229
4,3.5,right-hand,0.1046,0.8954
4,3.5,right-hand,0.1647,0.8353
4,3.5,right-hand,0.2229,0.7771
4,3.5,left-hand,0.989,0.011
4,3.5,left-hand,0.4722,0.5278
4,3.5,right-hand,0.0265,0.9735
4,3.5,right-hand,0.1048,0.8952
4,3.5,right-hand,0.0057,0.9943
4,3.5,right-hand,0.0285,0.9715
4,3.5,right-hand,0.0467,0.9533
4,3.5,left-hand,0.8934,0.1066
4,3.5,left-hand,0.7665,0.2335
4,3.5,left-hand,0.8759,0.1241
4,3.5,right-hand,0.0141,0.9859
4,3.5,right-hand,0.0193,0.9807
4,3.5,right-hand,0.1565,0.8435
4,3.5,right-hand,0.0083,0.9917
4,3.5,left-hand,0.9925,0.0075
4,3.5,left-hand,0.9788,0.0212
4,3.5,left-hand,0.9216,0.0784
4,3.5,left-hand,0.8299,0.1701
4,3.5,left-hand,0.9876,0.0124
5,3.5,left-hand,0.9827,0.0173
5,3.5,left-hand,0.9827,0.0173
5,3.5,left-hand,0.3477,0.6523
5,3.5,right-hand,0.008,0.992
5,3.5,right-hand,0.0911,0.9089
5,3.5,right-hand,0.0561,0.9439
5,3.5,right-hand,0.1235,0.8765
5,3.5,right-hand,0.0254,0.9746
5,3.5,right-hand,0.9887,0.0113
5,3.5,left-hand,0.9872,0.0128
5,3.5,left-hand,0.9902,0.0098
5,3.5,right-hand,0.0167,0.9833
5,3.5,right-hand,0.1101,0.8899
5,3.5,right-hand,0.0361,0.9639
5,3.5,right-hand,0.3004,0.6996
5,3.5,left-hand,0.8928,0.1072
5,3.5,left-hand,0.5419,0.4581
5,3.5,left-hand,0.0827,0.9173
5,3.5,left-hand,0.9716,0.0284
5,3.5,right-hand,0.0083,0.9917
5,3.5,right-hand,0.0065,0.9935
5,3.5,left-hand,0.9868,0.0132
5,3.5,left-hand,0.981,0.019
5,3.5,left-hand,0.9852,0.0148
