fold,tmin,true_label,left-hand,right-hand
1,3.5,right-hand,0.0153,0.9847
1,3.5,right-hand,0.7556,0.2444
1,3.5,left-hand,0.7799,0.2201
1,3.5,right-hand,0.79,0.21
1,3.5,right-hand,0.1638,0.8362
1,3.5,right-hand,0.8304,0.1696
1,3.5,right-hand,0.0247,0.9753
1,3.5,left-hand,0.1577,0.8423
1,3.5,left-hand,0.8074,0.1926
1,3.5,left-hand,0.9799,0.0201
1,3.5,left-hand,0.9508,0.0492
1,3.5,right-hand,0.486,0.514
1,3.5,left-hand,0.8242,0.1758
1,3.5,right-hand,0.2111,0.7889
1,3.5,right-hand,0.5963,0.4037
1,3.5,right-hand,0.7367,0.2633
1,3.5,right-hand,0.4038,0.5962
1,3.5,right-hand,0.0158,0.9842
1,3.5,left-hand,0.8238,0.1762
1,3.5,left-hand,0.3473,0.6527
1,3.5,left-hand,0.4376,0.5624
1,3.5,left-hand,0.8761,0.1239
1,3.5,left-hand,0.9908,0.0092
1,3.5,left-hand,0.715,0.285
2,3.5,right-hand,0.7412,0.2588
2,3.5,right-hand,0.1186,0.8814
2,3.5,left-hand,0.0842,0.9158
2,3.5,right-hand,0.0037,0.9963
2,3.5,left-hand,0.976,0.024
2,3.5,left-hand,0.986,0.014
2,3.5,right-hand,0.0357,0.9643
2,3.5,right-hand,0.0416,0.9584
2,3.5,left-hand,0.9274,0.0726
2,3.5,right-hand,0.1892,0.8108
2,3.5,left-hand,0.9915,0.0085
2,3.5,left-hand,0.9639,0.0361
2,3.5,left-hand,0.0106,0.9894
2,3.5,left-hand,0.9493,0.0507
2,3.5,left-hand,0.9843,0.0157
2,3.5,right-hand,0.0629,0.9371
2,3.5,right-hand,0.2013,0.7987
2,3.5,right-hand,0.9888,0.0112
2,3.5,right-hand,0.537,0.463
2,3.5,right-hand,0.0575,0.9425
2,3.5,right-hand,0.0999,0.9001
2,3.5,left-hand,0.9906,0.0094
2,3.5,left-hand,0.3709,0.6291
2,3.5,left-hand,0.9089,0.0911
3,3.5,right-hand,0.008,0.992
3,3.5,left-hand,0.9044,0.0956
3,3.5,left-hand,0.1244,0.8756
3,3.5,left-hand,0.3807,0.6193
3,3.5,right-hand,0.0388,0.9612
3,3.5,right-hand,0.03,0.97
3,3.5,right-hand,0.8702,0.1298
3,3.5,right-hand,0.0326,0.9674
3,3.5,right-hand,0.657,0.343
3,3.5,left-hand,0.9906,0.0094
3,3.5,left-hand,0.0574,0.9426
3,3.5,left-hand,0.2288,0.7712
3,3.5,right-hand,0.3236,0.6764
3,3.5,right-hand,0.0135,0.9865
3,3.5,right-hand,0.0721,0.9279
3,3.5,right-hand,0.2392,0.7608
3,3.5,left-hand,0.9599,0.0401
3,3.5,right-hand,0.0454,0.9546
3,3.5,right-hand,0.9462,0.0538
3,3.5,left-hand,0.9804,0.0196
3,3.5,left-hand,0.901,0.099
3,3.5,left-hand,0.8088,0.1912
3,3.5,left-hand,0.9956,0.0044
3,3.5,left-hand,0.7146,0.2854
4,3.5,right-hand,0.1129,0.8871
4,3.5,right-hand,0.198,0.802
4,3.5,left-hand,0.9544,0.0456
4,3.5,left-hand,0.8459,0.1541
4,3.5,left-hand,0.4944,0.5056
4,3.5,right-hand,0.1432,0.8568
4,3.5,right-hand,0.1217,0.8783
4,3.5,right-hand,0.2617,0.7383
4,3.5,left-hand,0.4353,0.5647
4,3.5,left-hand,0.058,0.942
4,3.5,left-hand,0.3827,0.6173
4,3.5,left-hand,0.6135,0.3865
4,3.5,right-hand,0.055,0.945
4,3.5,right-hand,0.2741,0.7259
4,3.5,left-hand,0.0344,0.9656
4,3.5,right-hand,0.0731,0.9269
4,3.5,right-hand,0.0795,0.9205
4,3.5,right-hand,0.1028,0.8972
4,3.5,right-hand,0.0123,0.9877
4,3.5,right-hand,0.0251,0.9749
4,3.5,left-hand,0.947,0.053
4,3.5,left-hand,0.3258,0.6742
4,3.5,left-hand,0.688,0.312
4,3.5,left-hand,0.6865,0.3135
5,3.5,right-hand,0.1177,0.8823
5,3.5,right-hand,0.9786,0.0214
5,3.5,right-hand,0.3554,0.6446
5,3.5,left-hand,0.1828,0.8172
5,3.5,left-hand,0.6442,0.3558
5,3.5,right-hand,0.3006,0.6994
5,3.5,right-hand,0.1794,0.8206
5,3.5,left-hand,0.1765,0.8235
5,3.5,left-hand,0.3529,0.6471
5,3.5,left-hand,0.6254,0.3746
5,3.5,left-hand,0.1071,0.8929
5,3.5,right-hand,0.0577,0.9423
5,3.5,right-hand,0.1898,0.8102
5,3.5,left-hand,0.7391,0.2609
5,3.5,right-hand,0.9251,0.0749
5,3.5,right-hand,0.7772,0.2228
5,3.5,left-hand,0.9658,0.0342
5,3.5,left-hand,0.8852,0.1148
5,3.5,left-hand,0.9909,0.0091
5,3.5,right-hand,0.6361,0.3639
5,3.5,right-hand,0.0061,0.9939
5,3.5,right-hand,0.9791,0.0209
5,3.5,left-hand,0.999,0.001
5,3.5,left-hand,0.1431,0.8569
