fold,tmin,true_label,left-hand,right-hand
1,3.5,right-hand,0.0052,0.9948
1,3.5,right-hand,0.1526,0.8474
1,3.5,right-hand,0.7969,0.2031
1,3.5,right-hand,0.9531,0.0469
1,3.5,right-hand,0.2873,0.7127
1,3.5,right-hand,0.9918,0.0082
1,3.5,left-hand,0.8316,0.1684
1,3.5,left-hand,0.454,0.546
1,3.5,left-hand,0.9473,0.0527
1,3.5,left-hand,0.993,0.007
1,3.5,left-hand,0.559,0.441
1,3.5,left-hand,0.8101,0.1899
1,3.5,right-hand,0.9012,0.0988
1,3.5,right-hand,0.0723,0.9277
1,3.5,left-hand,0.992,0.008
1,3.5,left-hand,0.9684,0.0316
1,3.5,left-hand,0.0497,0.9503
1,3.5,left-hand,0.9249,0.0751
1,3.5,right-hand,0.0034,0.9966
1,3.5,right-hand,0.6467,0.3533
1,3.5,right-hand,0.0054,0.9946
1,3.5,right-hand,0.0565,0.9435
1,3.5,left-hand,0.2072,0.7928
1,3.5,left-hand,0.4462,0.5538
2,3.5,right-hand,0.7516,0.2484
2,3.5,right-hand,0.159,0.841
2,3.5,right-hand,0.1567,0.8433
2,3.5,left-hand,0.8006,0.1994
2,3.5,left-hand,0.9946,0.0054
2,3.5,left-hand,0.9957,0.0043
2,3.5,left-hand,0.9715,0.0285
2,3.5,right-hand,0.9301,0.0699
2,3.5,right-hand,0.5835,0.4165
2,3.5,left-hand,0.7961,0.2039
2,3.5,left-hand,0.6458,0.3542
2,3.5,left-hand,0.217,0.783
2,3.5,left-hand,0.2364,0.7636
2,3.5,left-hand,0.862,0.138
2,3.5,right-hand,0.8271,0.1729
2,3.5,left-hand,0.9463,0.0537
2,3.5,right-hand,0.0207,0.9793
2,3.5,right-hand,0.095,0.905
2,3.5,right-hand,0.4774,0.5226
2,3.5,right-hand,0.6887,0.3113
2,3.5,right-hand,0.5914,0.4086
2,3.5,right-hand,0.9641,0.0359
2,3.5,left-hand,0.973,0.027
2,3.5,left-hand,0.0846,0.9154
3,3.5,right-hand,0.0568,0.9432
3,3.5,right-hand,0.1646,0.8354
3,3.5,left-hand,0.8753,0.1247
3,3.5,left-hand,0.9787,0.0213
3,3.5,left-hand,0.004,0.996
3,3.5,left-hand,0.9215,0.0785
3,3.5,left-hand,0.9131,0.0869
3,3.5,left-hand,0.7326,0.2674
3,3.5,right-hand,0.3593,0.6407
3,3.5,right-hand,0.6815,0.3185
3,3.5,right-hand,0.8617,0.1383
3,3.5,right-hand,0.9443,0.0557
3,3.5,left-hand,0.8173,0.1827
3,3.5,right-hand,0.352,0.648
3,3.5,right-hand,0.592,0.408
3,3.5,right-hand,0.9614,0.0386
3,3.5,right-hand,0.06,0.94
3,3.5,left-hand,0.9848,0.0152
3,3.5,left-hand,0.9896,0.0104
3,3.5,left-hand,0.8423,0.1577
3,3.5,right-hand,0.0777,0.9223
3,3.5,right-hand,0.0456,0.9544
3,3.5,left-hand,0.6522,0.3478
3,3.5,left-hand,0.9737,0.0263
4,3.5,right-hand,0.0073,0.9927
4,3.5,right-hand,0.0032,0.9968
4,3.5,right-hand,0.247,0.753
4,3.5,right-hand,0.2555,0.7445
4,3.5,left-hand,0.9717,0.0283
4,3.5,left-hand,0.7723,0.2277
4,3.5,left-hand,0.7396,0.2604
4,3.5,left-hand,0.9379,0.0621
4,3.5,left-hand,0.9518,0.0482
4,3.5,left-hand,0.879,0.121
4,3.5,left-hand,0.3948,0.6052
4,3.5,right-hand,0.7808,0.2192
4,3.5,left-hand,0.0026,0.9974
4,3.5,right-hand,0.0105,0.9895
4,3.5,right-hand,0.0676,0.9324
4,3.5,left-hand,0.9409,0.0591
4,3.5,right-hand,0.2503,0.7497
4,3.5,right-hand,0.0162,0.9838
4,3.5,right-hand,0.0053,0.9947
4,3.5,right-hand,0.0055,0.9945
4,3.5,right-hand,0.0032,0.9968
4,3.5,left-hand,0.4156,0.5844
4,3.5,left-hand,0.9836,0.0164
4,3.5,left-hand,0.8554,0.1446
5,3.5,right-hand,0.0094,0.9906
5,3.5,right-hand,0.0736,0.9264
5,3.5,right-hand,0.6346,0.3654
5,3.5,right-hand,0.0673,0.9327
5,3.5,right-hand,0.614,0.386
5,3.5,left-hand,0.426,0.574
5,3.5,left-hand,0.8925,0.1075
5,3.5,left-hand,0.9987,0.0013
5,3.5,left-hand,0.9973,0.0027
5,3.5,left-hand,0.3887,0.6113
5,3.5,left-hand,0.2558,0.7442
5,3.5,left-hand,0.8827,0.1173
5,3.5,right-hand,0.0345,0.9655
5,3.5,right-hand,0.712,0.288
5,3.5,left-hand,0.0523,0.9477
5,3.5,left-hand,0.0558,0.9442
5,3.5,left-hand,0.1089,0.8911
5,3.5,right-hand,0.9009,0.0991
5,3.5,right-hand,0.959,0.041
5,3.5,left-hand,0.9972,0.0028
5,3.5,right-hand,0.002,0.998
5,3.5,right-hand,0.0117,0.9883
5,3.5,right-hand,0.0132,0.9868
5,3.5,left-hand,0.5737,0.4263
