fold,tmin,true_label,left-hand,right-hand
1,3.5,right-hand,0.0011,0.9989
1,3.5,right-hand,0.0004,0.9996
1,3.5,right-hand,0.038,0.962
1,3.5,right-hand,0.0707,0.9293
1,3.5,right-hand,0.0686,0.9314
1,3.5,right-hand,0.0002,0.9998
1,3.5,left-hand,0.8948,0.1052
1,3.5,left-hand,0.9975,0.0025
1,3.5,left-hand,0.9951,0.0049
1,3.5,left-hand,0.9995,0.0005
1,3.5,left-hand,0.2999,0.7001
1,3.5,right-hand,0.3723,0.6277
1,3.5,left-hand,0.9834,0.0166
1,3.5,right-hand,0.0052,0.9948
1,3.5,right-hand,0.1345,0.8655
1,3.5,right-hand,0.195,0.805
1,3.5,right-hand,0.866,0.134
1,3.5,left-hand,0.9843,0.0157
1,3.5,left-hand,0.8236,0.1764
1,3.5,left-hand,0.1525,0.8475
1,3.5,left-hand,0.8349,0.1651
1,3.5,right-hand,0.0109,0.9891
1,3.5,left-hand,0.0483,0.9517
1,3.5,left-hand,0.2293,0.7707
2,3.5,right-hand,0.0001,0.9999
2,3.5,right-hand,0.0002,0.9998
2,3.5,right-hand,0.0715,0.9285
2,3.5,left-hand,0.1546,0.8454
2,3.5,left-hand,0.9784,0.0216
2,3.5,left-hand,0.9996,0.0004
2,3.5,right-hand,0.9928,0.0072
2,3.5,right-hand,0.1566,0.8434
2,3.5,left-hand,0.9953,0.0047
2,3.5,right-hand,0.2435,0.7565
2,3.5,left-hand,0.3248,0.6752
2,3.5,left-hand,0.3862,0.6138
2,3.5,left-hand,0.9918,0.0082
2,3.5,left-hand,0.9816,0.0184
2,3.5,left-hand,0.397,0.603
2,3.5,right-hand,0.004,0.996
2,3.5,right-hand,0.0049,0.9951
2,3.5,left-hand,0.0027,0.9973
2,3.5,right-hand,0.998,0.002
2,3.5,right-hand,0.1777,0.8223
2,3.5,right-hand,0.0881,0.9119
2,3.5,right-hand,0.9944,0.0056
2,3.5,left-hand,0.1526,0.8474
2,3.5,left-hand,0.8176,0.1824
3,3.5,right-hand,0.0977,0.9023
3,3.5,right-hand,0.0063,0.9937
3,3.5,left-hand,0.143,0.857
3,3.5,left-hand,0.7299,0.2701
3,3.5,left-hand,0.3514,0.6486
3,3.5,right-hand,0.1494,0.8506
3,3.5,right-hand,0.8137,0.1863
3,3.5,right-hand,0.0397,0.9603
3,3.5,right-hand,0.144,0.856
3,3.5,left-hand,0.9178,0.0822
3,3.5,left-hand,0.7767,0.2233
3,3.5,left-hand,0.9613,0.0387
3,3.5,right-hand,0.2188,0.7812
3,3.5,right-hand,0.4967,0.5033
3,3.5,right-hand,0.0009,0.9991
3,3.5,right-hand,0.5089,0.4911
3,3.5,left-hand,0.9501,0.0499
3,3.5,right-hand,0.5809,0.4191
3,3.5,left-hand,0.8023,0.1977
3,3.5,left-hand,0.8798,0.1202
3,3.5,left-hand,0.6752,0.3248
3,3.5,right-hand,0.2632,0.7368
3,3.5,left-hand,0.9952,0.0048
3,3.5,left-hand,0.8588,0.1412
4,3.5,right-hand,0.0011,0.9989
4,3.5,right-hand,0.0009,0.9991
4,3.5,right-hand,0.0062,0.9938
4,3.5,right-hand,0.0233,0.9767
4,3.5,left-hand,0.201,0.799
4,3.5,left-hand,0.9509,0.0491
4,3.5,left-hand,0.9684,0.0316
4,3.5,right-hand,0.6782,0.3218
4,3.5,left-hand,0.9983,0.0017
4,3.5,left-hand,0.913,0.087
4,3.5,left-hand,0.5436,0.4564
4,3.5,left-hand,0.0331,0.9669
4,3.5,right-hand,0.0019,0.9981
4,3.5,right-hand,0.0008,0.9992
4,3.5,left-hand,0.9996,0.0004
4,3.5,right-hand,0.0134,0.9866
4,3.5,right-hand,0.0,1.0
4,3.5,right-hand,0.0752,0.9248
4,3.5,left-hand,0.0269,0.9731
4,3.5,right-hand,0.0036,0.9964
4,3.5,right-hand,0.9898,0.0102
4,3.5,left-hand,0.0603,0.9397
4,3.5,left-hand,0.9639,0.0361
4,3.5,left-hand,0.9997,0.0003
5,3.5,right-hand,0.0242,0.9758
5,3.5,right-hand,0.9937,0.0063
5,3.5,right-hand,0.9932,0.0068
5,3.5,right-hand,0.7699,0.2301
5,3.5,right-hand,0.9238,0.0762
5,3.5,left-hand,0.4321,0.5679
5,3.5,left-hand,0.6837,0.3163
5,3.5,left-hand,0.4302,0.5698
5,3.5,left-hand,0.9256,0.0744
5,3.5,left-hand,0.9932,0.0068
5,3.5,left-hand,0.9997,0.0003
5,3.5,right-hand,0.0972,0.9028
5,3.5,right-hand,0.8726,0.1274
5,3.5,left-hand,0.3657,0.6343
5,3.5,right-hand,0.0244,0.9756
5,3.5,right-hand,0.2703,0.7297
5,3.5,left-hand,0.4531,0.5469
5,3.5,left-hand,0.9914,0.0086
5,3.5,left-hand,0.9999,0.0001
5,3.5,right-hand,0.6566,0.3434
5,3.5,left-hand,0.9992,0.0008
5,3.5,right-hand,0.0001,0.9999
5,3.5,right-hand,0.7767,0.2233
5,3.5,left-hand,0.4257,0.5743
