fold,tmin,true_label,left-hand,right-hand
1,3.5,left-hand,0.0087,0.9913
1,3.5,left-hand,0.2018,0.7982
1,3.5,right-hand,0.4148,0.5852
1,3.5,right-hand,0.9688,0.0312
1,3.5,right-hand,0.3277,0.6723
1,3.5,right-hand,0.9188,0.0812
1,3.5,right-hand,0.0525,0.9475
1,3.5,left-hand,0.9886,0.0114
1,3.5,left-hand,0.9403,0.0597
1,3.5,left-hand,0.5387,0.4613
1,3.5,left-hand,0.685,0.315
1,3.5,right-hand,0.0056,0.9944
1,3.5,left-hand,0.9961,0.0039
1,3.5,left-hand,0.9987,0.0013
1,3.5,right-hand,0.1203,0.8797
1,3.5,right-hand,0.3454,0.6546
1,3.5,right-hand,0.0262,0.9738
1,3.5,right-hand,0.0568,0.9432
1,3.5,right-hand,0.88,0.12
1,3.5,right-hand,0.2605,0.7395
1,3.5,left-hand,0.9885,0.0115
1,3.5,left-hand,0.7159,0.2841
1,3.5,left-hand,0.6462,0.3538
1,3.5,left-hand,0.8333,0.1667
2,3.5,left-hand,0.8712,0.1288
2,3.5,left-hand,0.9918,0.0082
2,3.5,right-hand,0.8759,0.1241
2,3.5,right-hand,0.1444,0.8556
2,3.5,right-hand,0.7235,0.2765
2,3.5,left-hand,0.9964,0.0036
2,3.5,right-hand,0.2452,0.7548
2,3.5,right-hand,0.0915,0.9085
2,3.5,right-hand,0.4413,0.5587
2,3.5,right-hand,0.0057,0.9943
2,3.5,right-hand,0.2836,0.7164
2,3.5,right-hand,0.3115,0.6885
2,3.5,left-hand,0.349,0.651
2,3.5,left-hand,0.9958,0.0042
2,3.5,left-hand,0.9963,0.0037
2,3.5,right-hand,0.0044,0.9956
2,3.5,right-hand,0.0196,0.9804
2,3.5,right-hand,0.0349,0.9651
2,3.5,left-hand,0.2663,0.7337
2,3.5,left-hand,0.825,0.175
2,3.5,left-hand,0.9795,0.0205
2,3.5,left-hand,0.9649,0.0351
2,3.5,left-hand,0.2586,0.7414
2,3.5,left-hand,0.9615,0.0385
3,3.5,left-hand,0.9816,0.0184
3,3.5,right-hand,0.0157,0.9843
3,3.5,right-hand,0.8203,0.1797
3,3.5,right-hand,0.9794,0.0206
3,3.5,left-hand,0.2875,0.7125
3,3.5,right-hand,0.0064,0.9936
3,3.5,right-hand,0.0111,0.9889
3,3.5,right-hand,0.0179,0.9821
3,3.5,right-hand,0.1298,0.8702
3,3.5,left-hand,0.9587,0.0413
3,3.5,left-hand,0.9732,0.0268
3,3.5,left-hand,0.1537,0.8463
3,3.5,left-hand,0.9975,0.0025
3,3.5,left-hand,0.9696,0.0304
3,3.5,left-hand,0.2365,0.7635
3,3.5,left-hand,0.9264,0.0736
3,3.5,left-hand,0.9729,0.0271
3,3.5,right-hand,0.1032,0.8968
3,3.5,right-hand,0.0271,0.9729
3,3.5,right-hand,0.0277,0.9723
3,3.5,right-hand,0.0351,0.9649
3,3.5,right-hand,0.9581,0.0419
3,3.5,left-hand,0.9666,0.0334
3,3.5,left-hand,0.9765,0.0235
4,3.5,left-hand,0.0217,0.9783
4,3.5,left-hand,0.9399,0.0601
4,3.5,right-hand,0.9919,0.0081
4,3.5,right-hand,0.7923,0.2077
4,3.5,right-hand,0.6622,0.3378
4,3.5,left-hand,0.9736,0.0264
4,3.5,left-hand,0.9963,0.0037
4,3.5,right-hand,0.011,0.989
4,3.5,right-hand,0.4467,0.5533
4,3.5,right-hand,0.1016,0.8984
4,3.5,right-hand,0.2744,0.7256
4,3.5,right-hand,0.0108,0.9892
4,3.5,left-hand,0.0321,0.9679
4,3.5,left-hand,0.9978,0.0022
4,3.5,left-hand,0.9444,0.0556
4,3.5,right-hand,0.0401,0.9599
4,3.5,right-hand,0.1534,0.8466
4,3.5,right-hand,0.9554,0.0446
4,3.5,right-hand,0.4578,0.5422
4,3.5,left-hand,0.6815,0.3185
4,3.5,left-hand,0.1659,0.8341
4,3.5,left-hand,0.9676,0.0324
4,3.5,left-hand,0.9872,0.0129
4,3.5,left-hand,0.4406,0.5594
5,3.5,left-hand,0.5848,0.4152
5,3.5,left-hand,0.9694,0.0306
5,3.5,left-hand,0.6755,0.3245
5,3.5,right-hand,0.0394,0.9606
5,3.5,right-hand,0.2147,0.7853
5,3.5,right-hand,0.5916,0.4084
5,3.5,right-hand,0.9172,0.0828
5,3.5,right-hand,0.3291,0.6709
5,3.5,right-hand,0.0896,0.9104
5,3.5,left-hand,0.5152,0.4848
5,3.5,left-hand,0.8792,0.1208
5,3.5,right-hand,0.821,0.179
5,3.5,right-hand,0.7971,0.2029
5,3.5,right-hand,0.8526,0.1474
5,3.5,right-hand,0.9504,0.0496
5,3.5,left-hand,0.1583,0.8417
5,3.5,left-hand,0.9892,0.0108
5,3.5,left-hand,0.9992,0.0008
5,3.5,left-hand,0.9961,0.0039
5,3.5,right-hand,0.1178,0.8822
5,3.5,right-hand,0.3341,0.6659
5,3.5,left-hand,0.7738,0.2262
5,3.5,left-hand,0.8943,0.1057
5,3.5,left-hand,0.3456,0.6544
