fold,tmin,true_label,left-hand,right-hand
1,3.5,right-hand,0.0612,0.9388
1,3.5,right-hand,0.7742,0.2258
1,3.5,left-hand,0.437,0.563
1,3.5,right-hand,0.3205,0.6795
1,3.5,right-hand,0.4841,0.5159
1,3.5,right-hand,0.8178,0.1822
1,3.5,right-hand,0.0426,0.9574
1,3.5,left-hand,0.8837,0.1163
1,3.5,left-hand,0.2689,0.7311
1,3.5,left-hand,0.9679,0.0321
1,3.5,left-hand,0.7604,0.2396
1,3.5,right-hand,0.8493,0.1507
1,3.5,left-hand,0.9289,0.0711
1,3.5,right-hand,0.6877,0.3123
1,3.5,right-hand,0.8344,0.1656
1,3.5,right-hand,0.8035,0.1965
1,3.5,right-hand,0.9997,0.0003
1,3.5,right-hand,0.8628,0.1372
1,3.5,left-hand,0.8969,0.1031
1,3.5,left-hand,0.7796,0.2204
1,3.5,left-hand,0.8879,0.1121
1,3.5,left-hand,0.755,0.245
1,3.5,left-hand,0.9998,0.0002
1,3.5,left-hand,0.9495,0.0505
2,3.5,right-hand,0.9204,0.0796
2,3.5,right-hand,0.9003,0.0997
2,3.5,left-hand,0.065,0.935
2,3.5,right-hand,0.0151,0.9849
2,3.5,left-hand,0.9481,0.0519
2,3.5,left-hand,0.8338,0.1662
2,3.5,right-hand,0.0152,0.9848
2,3.5,right-hand,0.4214,0.5786
2,3.5,left-hand,0.5402,0.4598
2,3.5,right-hand,0.6113,0.3887
2,3.5,left-hand,0.7929,0.2071
2,3.5,left-hand,0.773,0.227
2,3.5,left-hand,0.1838,0.8162
2,3.5,left-hand,0.9907,0.0093
2,3.5,left-hand,0.5766,0.4234
2,3.5,right-hand,0.313,0.687
2,3.5,right-hand,0.3993,0.6007
2,3.5,right-hand,0.973,0.027
2,3.5,right-hand,0.7047,0.2953
2,3.5,right-hand,0.3879,0.6121
2,3.5,right-hand,0.0,1.0
2,3.5,left-hand,0.9798,0.0202
2,3.5,left-hand,0.6873,0.3127
2,3.5,left-hand,0.9016,0.0984
3,3.5,right-hand,0.0153,0.9847
3,3.5,left-hand,0.3526,0.6474
3,3.5,left-hand,0.0668,0.9332
3,3.5,left-hand,0.9999,0.0001
3,3.5,right-hand,0.0003,0.9997
3,3.5,right-hand,0.1112,0.8888
3,3.5,right-hand,0.8812,0.1188
3,3.5,right-hand,0.1,0.9
3,3.5,right-hand,0.7727,0.2273
3,3.5,left-hand,0.8457,0.1543
3,3.5,left-hand,0.0136,0.9864
3,3.5,left-hand,0.6914,0.3086
3,3.5,right-hand,0.261,0.739
3,3.5,right-hand,0.0438,0.9562
3,3.5,right-hand,0.2267,0.7733
3,3.5,right-hand,0.057,0.943
3,3.5,left-hand,0.8455,0.1545
3,3.5,right-hand,0.0055,0.9945
3,3.5,right-hand,0.9475,0.0525
3,3.5,left-hand,0.9994,0.0006
3,3.5,left-hand,0.9016,0.0984
3,3.5,left-hand,0.6563,0.3437
3,3.5,left-hand,0.9523,0.0477
3,3.5,left-hand,0.9998,0.0002
4,3.5,right-hand,0.2544,0.7456
4,3.5,right-hand,0.0098,0.9902
4,3.5,left-hand,0.8126,0.1874
4,3.5,left-hand,0.9251,0.0749
4,3.5,left-hand,0.8989,0.1011
4,3.5,right-hand,0.1836,0.8164
4,3.5,right-hand,0.2929,0.7071
4,3.5,right-hand,0.5704,0.4296
4,3.5,left-hand,0.3875,0.6125
4,3.5,left-hand,0.1405,0.8595
4,3.5,left-hand,0.5807,0.4193
4,3.5,left-hand,0.8907,0.1093
4,3.5,right-hand,0.2859,0.7141
4,3.5,right-hand,0.4726,0.5274
4,3.5,left-hand,0.2391,0.7609
4,3.5,right-hand,0.0524,0.9476
4,3.5,right-hand,0.6193,0.3807
4,3.5,right-hand,0.0018,0.9982
4,3.5,right-hand,0.1634,0.8366
4,3.5,right-hand,0.0882,0.9118
4,3.5,left-hand,0.9822,0.0178
4,3.5,left-hand,0.9789,0.0211
4,3.5,left-hand,1.0,0.0
4,3.5,left-hand,1.0,0.0
5,3.5,right-hand,0.3342,0.6658
5,3.5,right-hand,0.7783,0.2217
5,3.5,right-hand,0.1588,0.8412
5,3.5,left-hand,0.2733,0.7267
5,3.5,left-hand,1.0,0.0
5,3.5,right-hand,0.0006,0.9994
5,3.5,right-hand,0.0542,0.9458
5,3.5,left-hand,0.01,0.99
5,3.5,left-hand,0.1317,0.8683
5,3.5,left-hand,0.7274,0.2726
5,3.5,left-hand,0.358,0.642
5,3.5,right-hand,0.0749,0.9251
5,3.5,right-hand,0.1966,0.8034
5,3.5,left-hand,0.2129,0.7871
5,3.5,right-hand,0.6838,0.3162
5,3.5,right-hand,0.6986,0.3014
5,3.5,left-hand,0.9501,0.0499
5,3.5,left-hand,0.9841,0.0159
5,3.5,left-hand,0.9859,0.0141
5,3.5,right-hand,1.0,0.0
5,3.5,right-hand,0.0,1.0
5,3.5,right-hand,0.9848,0.0152
5,3.5,left-hand,0.9999,0.0001
5,3.5,left-hand,0.4859,0.5141
