fold,tmin,true_label,left-hand,right-hand
1,3.5,right-hand,0.0016,0.9984
1,3.5,right-hand,0.0373,0.9627
1,3.5,right-hand,0.0045,0.9955
1,3.5,right-hand,0.2976,0.7024
1,3.5,right-hand,0.059,0.941
1,3.5,right-hand,0.1294,0.8706
1,3.5,left-hand,0.9941,0.0059
1,3.5,left-hand,0.9892,0.0108
1,3.5,left-hand,0.7684,0.2316
1,3.5,left-hand,0.3479,0.6521
1,3.5,left-hand,0.9934,0.0066
1,3.5,right-hand,0.0057,0.9943
1,3.5,left-hand,0.9246,0.0754
1,3.5,right-hand,0.0245,0.9755
1,3.5,right-hand,0.978,0.022
1,3.5,right-hand,0.3841,0.6159
1,3.5,right-hand,0.2281,0.7719
1,3.5,right-hand,0.0033,0.9967
1,3.5,left-hand,0.0388,0.9612
1,3.5,left-hand,0.1822,0.8178
1,3.5,left-hand,0.9986,0.0014
1,3.5,left-hand,0.3585,0.6415
1,3.5,left-hand,0.9759,0.0241
1,3.5,left-hand,0.2263,0.7737
2,3.5,right-hand,0.8399,0.1601
2,3.5,right-hand,0.0148,0.9852
2,3.5,right-hand,0.0032,0.9968
2,3.5,left-hand,0.8175,0.1825
2,3.5,left-hand,0.9278,0.0722
2,3.5,left-hand,0.9926,0.0074
2,3.5,right-hand,0.0191,0.9809
2,3.5,right-hand,0.0621,0.9379
2,3.5,left-hand,0.4485,0.5515
2,3.5,right-hand,0.1345,0.8655
2,3.5,left-hand,0.9672,0.0328
2,3.5,left-hand,0.9817,0.0183
2,3.5,left-hand,0.9771,0.0229
2,3.5,left-hand,0.5007,0.4993
2,3.5,left-hand,0.0237,0.9763
2,3.5,right-hand,0.952,0.048
2,3.5,right-hand,0.9919,0.0081
2,3.5,right-hand,0.6313,0.3687
2,3.5,right-hand,0.1902,0.8098
2,3.5,right-hand,0.0055,0.9945
2,3.5,right-hand,0.0226,0.9774
2,3.5,left-hand,0.9759,0.0241
2,3.5,left-hand,0.9976,0.0024
2,3.5,left-hand,0.4727,0.5273
3,3.5,right-hand,0.9407,0.0593
3,3.5,right-hand,0.1481,0.8519
3,3.5,left-hand,0.9151,0.0849
3,3.5,left-hand,0.9456,0.0544
3,3.5,left-hand,0.3549,0.6451
3,3.5,right-hand,0.8841,0.1159
3,3.5,right-hand,0.0015,0.9985
3,3.5,right-hand,0.3049,0.6951
3,3.5,right-hand,0.0708,0.9292
3,3.5,left-hand,0.3533,0.6467
3,3.5,left-hand,0.7672,0.2328
3,3.5,left-hand,0.198,0.802
3,3.5,right-hand,0.0101,0.9899
3,3.5,right-hand,0.0972,0.9028
3,3.5,right-hand,0.0146,0.9854
3,3.5,right-hand,0.1267,0.8733
3,3.5,left-hand,0.993,0.007
3,3.5,right-hand,0.0015,0.9985
3,3.5,right-hand,0.0395,0.9605
3,3.5,left-hand,0.8035,0.1965
3,3.5,left-hand,0.9901,0.0099
3,3.5,left-hand,0.9557,0.0443
3,3.5,left-hand,0.9971,0.0029
3,3.5,left-hand,0.997,0.003
4,3.5,right-hand,0.0019,0.9981
4,3.5,right-hand,0.31,0.69
4,3.5,right-hand,0.0014,0.9986
4,3.5,right-hand,0.7082,0.2918
4,3.5,left-hand,0.0431,0.9569
4,3.5,left-hand,0.7014,0.2986
4,3.5,left-hand,0.0118,0.9882
4,3.5,right-hand,0.0027,0.9973
4,3.5,left-hand,0.587,0.413
4,3.5,left-hand,0.892,0.108
4,3.5,left-hand,0.882,0.118
4,3.5,left-hand,0.9737,0.0263
4,3.5,right-hand,0.0558,0.9442
4,3.5,right-hand,0.0235,0.9765
4,3.5,left-hand,0.9852,0.0148
4,3.5,right-hand,0.0633,0.9367
4,3.5,right-hand,0.0055,0.9945
4,3.5,right-hand,0.0204,0.9796
4,3.5,right-hand,0.0021,0.9979
4,3.5,right-hand,0.0102,0.9898
4,3.5,left-hand,0.9931,0.0069
4,3.5,left-hand,0.9805,0.0195
4,3.5,left-hand,0.9918,0.0082
4,3.5,left-hand,0.9515,0.0485
5,3.5,right-hand,0.0077,0.9923
5,3.5,right-hand,0.0182,0.9818
5,3.5,right-hand,0.025,0.975
5,3.5,right-hand,0.0093,0.9907
5,3.5,right-hand,0.1088,0.8912
5,3.5,left-hand,0.2082,0.7918
5,3.5,left-hand,0.9357,0.0643
5,3.5,left-hand,0.9085,0.0915
5,3.5,left-hand,0.9434,0.0566
5,3.5,left-hand,0.9971,0.0029
5,3.5,left-hand,0.998,0.002
5,3.5,right-hand,0.0216,0.9784
5,3.5,right-hand,0.0405,0.9595
5,3.5,left-hand,0.9461,0.0539
5,3.5,right-hand,0.0358,0.9642
5,3.5,right-hand,0.0395,0.9605
5,3.5,left-hand,0.9937,0.0063
5,3.5,left-hand,0.9066,0.0934
5,3.5,left-hand,0.9937,0.0063
5,3.5,right-hand,0.6405,0.3595
5,3.5,right-hand,0.011,0.989
5,3.5,right-hand,0.3708,0.6292
5,3.5,left-hand,0.9898,0.0102
5,3.5,left-hand,0.9425,0.0575
