fold,tmin,true_label,left-hand,right-hand
1,3.5,left-hand,0.2566,0.7434
1,3.5,left-hand,0.2171,0.7829
1,3.5,right-hand,0.1068,0.8932
1,3.5,right-hand,0.1009,0.8991
1,3.5,right-hand,0.0608,0.9392
1,3.5,right-hand,0.1002,0.8998
1,3.5,right-hand,0.0945,0.9055
1,3.5,left-hand,0.8584,0.1416
1,3.5,left-hand,0.9812,0.0188
1,3.5,left-hand,0.613,0.387
1,3.5,left-hand,0.4485,0.5515
1,3.5,right-hand,0.303,0.697
1,3.5,left-hand,0.9399,0.0601
1,3.5,left-hand,0.0971,0.9029
1,3.5,right-hand,0.5616,0.4384
1,3.5,right-hand,0.7863,0.2137
1,3.5,right-hand,0.5927,0.4073
1,3.5,right-hand,0.9313,0.0687
1,3.5,left-hand,0.6664,0.3336
1,3.5,left-hand,0.6844,0.3156
1,3.5,left-hand,0.9901,0.0099
1,3.5,left-hand,0.9202,0.0798
1,3.5,right-hand,0.5536,0.4464
1,3.5,right-hand,0.3204,0.6796
2,3.5,left-hand,0.8043,0.1957
2,3.5,left-hand,0.0244,0.9756
2,3.5,right-hand,0.7248,0.2752
2,3.5,right-hand,0.1254,0.8746
2,3.5,right-hand,0.2572,0.7428
2,3.5,left-hand,0.9028,0.0972
2,3.5,right-hand,0.6473,0.3527
2,3.5,right-hand,0.628,0.372
2,3.5,right-hand,0.5004,0.4996
2,3.5,right-hand,0.9633,0.0367
2,3.5,right-hand,0.9158,0.0842
2,3.5,right-hand,0.614,0.386
2,3.5,left-hand,0.8024,0.1976
2,3.5,left-hand,0.9678,0.0322
2,3.5,left-hand,0.474,0.526
2,3.5,right-hand,0.15,0.85
2,3.5,left-hand,0.6453,0.3547
2,3.5,left-hand,0.9694,0.0306
2,3.5,left-hand,0.4773,0.5227
2,3.5,left-hand,0.5732,0.4268
2,3.5,left-hand,0.9481,0.0519
2,3.5,left-hand,0.9928,0.0072
2,3.5,right-hand,0.2211,0.7789
2,3.5,right-hand,0.9766,0.0234
3,3.5,left-hand,0.4196,0.5804
3,3.5,right-hand,0.1124,0.8876
3,3.5,right-hand,0.748,0.252
3,3.5,right-hand,0.2824,0.7176
3,3.5,left-hand,0.7526,0.2474
3,3.5,right-hand,0.017,0.983
3,3.5,right-hand,0.754,0.246
3,3.5,right-hand,0.4977,0.5023
3,3.5,right-hand,0.7596,0.2404
3,3.5,left-hand,0.9937,0.0063
3,3.5,left-hand,0.6256,0.3744
3,3.5,left-hand,0.5313,0.4687
3,3.5,left-hand,0.8826,0.1174
3,3.5,left-hand,0.0376,0.9624
3,3.5,left-hand,0.0654,0.9346
3,3.5,left-hand,0.5893,0.4107
3,3.5,left-hand,0.9765,0.0235
3,3.5,right-hand,0.4807,0.5193
3,3.5,right-hand,0.1709,0.8291
3,3.5,right-hand,0.7736,0.2264
3,3.5,left-hand,0.0864,0.9136
3,3.5,left-hand,0.7578,0.2422
3,3.5,right-hand,0.9839,0.0161
3,3.5,right-hand,0.4392,0.5608
4,3.5,left-hand,0.4105,0.5895
4,3.5,left-hand,0.6542,0.3458
4,3.5,right-hand,0.4329,0.5671
4,3.5,right-hand,0.1827,0.8173
4,3.5,right-hand,0.8948,0.1052
4,3.5,left-hand,0.148,0.852
4,3.5,left-hand,0.9402,0.0598
4,3.5,right-hand,0.7947,0.2053
4,3.5,right-hand,0.3819,0.6181
4,3.5,right-hand,0.8325,0.1675
4,3.5,right-hand,0.0093,0.9907
4,3.5,right-hand,0.8831,0.1169
4,3.5,left-hand,0.2668,0.7332
4,3.5,left-hand,0.9694,0.0306
4,3.5,left-hand,0.0887,0.9113
4,3.5,right-hand,0.7609,0.2391
4,3.5,left-hand,0.5126,0.4874
4,3.5,left-hand,0.9788,0.0212
4,3.5,left-hand,0.9649,0.0351
4,3.5,left-hand,0.9118,0.0882
4,3.5,left-hand,0.9187,0.0813
4,3.5,right-hand,0.7793,0.2207
4,3.5,right-hand,0.0884,0.9116
4,3.5,right-hand,0.3034,0.6966
5,3.5,left-hand,0.1384,0.8616
5,3.5,left-hand,0.3018,0.6982
5,3.5,left-hand,0.6331,0.3669
5,3.5,right-hand,0.1855,0.8145
5,3.5,right-hand,0.607,0.393
5,3.5,right-hand,0.7032,0.2968
5,3.5,right-hand,0.0461,0.9539
5,3.5,right-hand,0.012,0.988
5,3.5,right-hand,0.1188,0.8812
5,3.5,left-hand,0.9652,0.0348
5,3.5,left-hand,0.985,0.015
5,3.5,right-hand,0.9745,0.0255
5,3.5,right-hand,0.1367,0.8633
5,3.5,right-hand,0.8381,0.1619
5,3.5,right-hand,0.8492,0.1508
5,3.5,left-hand,0.7717,0.2283
5,3.5,left-hand,0.9762,0.0238
5,3.5,left-hand,0.1944,0.8056
5,3.5,left-hand,0.8548,0.1452
5,3.5,right-hand,0.1258,0.8742
5,3.5,left-hand,0.3238,0.6762
5,3.5,left-hand,0.9899,0.0101
5,3.5,left-hand,0.9968,0.0032
5,3.5,right-hand,0.4322,0.5678
