fold,tmin,true_label,left-hand,right-hand
1,3.5,left-hand,0.7639,0.2361
1,3.5,left-hand,0.2327,0.7673
1,3.5,left-hand,0.8789,0.1211
1,3.5,left-hand,0.9865,0.0135
1,3.5,left-hand,0.5828,0.4172
1,3.5,left-hand,0.3452,0.6548
1,3.5,right-hand,0.0302,0.9698
1,3.5,right-hand,0.114,0.886
1,3.5,right-hand,0.0322,0.9678
1,3.5,right-hand,0.022,0.978
1,3.5,right-hand,0.3713,0.6287
1,3.5,right-hand,0.0411,0.9589
1,3.5,left-hand,0.9986,0.0014
1,3.5,left-hand,0.8805,0.1195
1,3.5,right-hand,0.9864,0.0136
1,3.5,right-hand,0.0061,0.9939
1,3.5,right-hand,0.2632,0.7368
1,3.5,right-hand,0.0329,0.9671
1,3.5,right-hand,0.0996,0.9004
1,3.5,right-hand,0.3963,0.6037
1,3.5,left-hand,0.9945,0.0055
1,3.5,left-hand,0.9967,0.0033
1,3.5,left-hand,0.9849,0.0151
1,3.5,left-hand,0.1232,0.8768
2,3.5,left-hand,0.9836,0.0164
2,3.5,left-hand,0.9942,0.0058
2,3.5,left-hand,0.9952,0.0048
2,3.5,right-hand,0.0026,0.9974
2,3.5,right-hand,0.0034,0.9966
2,3.5,right-hand,0.3029,0.6971
2,3.5,right-hand,0.0128,0.9872
2,3.5,left-hand,0.9011,0.0989
2,3.5,left-hand,0.5291,0.4709
2,3.5,right-hand,0.9467,0.0533
2,3.5,right-hand,0.9927,0.0073
2,3.5,right-hand,0.7523,0.2477
2,3.5,right-hand,0.2535,0.7465
2,3.5,right-hand,0.9158,0.0842
2,3.5,left-hand,0.9768,0.0232
2,3.5,right-hand,0.0681,0.9319
2,3.5,right-hand,0.0258,0.9742
2,3.5,right-hand,0.2394,0.7606
2,3.5,left-hand,0.2756,0.7244
2,3.5,left-hand,0.9982,0.0018
2,3.5,left-hand,0.9965,0.0035
2,3.5,left-hand,0.6943,0.3057
2,3.5,left-hand,0.9467,0.0533
2,3.5,left-hand,0.0727,0.9273
3,3.5,left-hand,0.4476,0.5524
3,3.5,left-hand,0.9989,0.0011
3,3.5,right-hand,0.6536,0.3464
3,3.5,right-hand,0.0081,0.9919
3,3.5,right-hand,0.5721,0.4279
3,3.5,right-hand,0.0367,0.9633
3,3.5,right-hand,0.8433,0.1567
3,3.5,right-hand,0.0237,0.9763
3,3.5,left-hand,0.9301,0.0699
3,3.5,left-hand,0.9971,0.0029
3,3.5,left-hand,0.8434,0.1566
3,3.5,left-hand,0.699,0.301
3,3.5,right-hand,0.0153,0.9847
3,3.5,left-hand,0.7998,0.2002
3,3.5,left-hand,0.8553,0.1447
3,3.5,left-hand,0.0013,0.9987
3,3.5,left-hand,0.2982,0.7018
3,3.5,right-hand,0.253,0.747
3,3.5,right-hand,0.0512,0.9488
3,3.5,right-hand,0.6257,0.3743
3,3.5,right-hand,0.0989,0.9011
3,3.5,right-hand,0.4601,0.5399
3,3.5,left-hand,0.1298,0.8702
3,3.5,left-hand,0.3049,0.6951
4,3.5,left-hand,0.0826,0.9174
4,3.5,left-hand,0.4244,0.5756
4,3.5,left-hand,0.9985,0.0015
4,3.5,left-hand,0.8305,0.1695
4,3.5,right-hand,0.6286,0.3714
4,3.5,right-hand,0.0049,0.9951
4,3.5,right-hand,0.0205,0.9795
4,3.5,right-hand,0.7136,0.2864
4,3.5,right-hand,0.2009,0.7991
4,3.5,right-hand,0.0194,0.9806
4,3.5,right-hand,0.0195,0.9805
4,3.5,left-hand,0.9341,0.0659
4,3.5,right-hand,0.3783,0.6217
4,3.5,left-hand,0.1471,0.8529
4,3.5,left-hand,0.1476,0.8524
4,3.5,right-hand,0.0318,0.9682
4,3.5,right-hand,0.0074,0.9926
4,3.5,right-hand,0.0696,0.9304
4,3.5,right-hand,0.2987,0.7013
4,3.5,left-hand,0.9914,0.0086
4,3.5,left-hand,0.8447,0.1553
4,3.5,left-hand,0.9964,0.0036
4,3.5,left-hand,0.9735,0.0265
4,3.5,left-hand,0.0935,0.9065
5,3.5,left-hand,0.9894,0.0106
5,3.5,left-hand,0.8808,0.1192
5,3.5,left-hand,0.8702,0.1298
5,3.5,left-hand,0.9901,0.0099
5,3.5,left-hand,0.9819,0.0181
5,3.5,right-hand,0.9963,0.0037
5,3.5,right-hand,0.2938,0.7062
5,3.5,right-hand,0.1831,0.8169
5,3.5,right-hand,0.0061,0.9939
5,3.5,right-hand,0.3075,0.6925
5,3.5,right-hand,0.4867,0.5133
5,3.5,right-hand,0.842,0.158
5,3.5,left-hand,0.9633,0.0367
5,3.5,left-hand,0.4578,0.5422
5,3.5,right-hand,0.0553,0.9447
5,3.5,right-hand,0.0548,0.9452
5,3.5,right-hand,0.3974,0.6026
5,3.5,left-hand,0.9618,0.0382
5,3.5,left-hand,0.1589,0.8411
5,3.5,right-hand,0.7399,0.2601
5,3.5,right-hand,0.1494,0.8506
5,3.5,left-hand,0.3379,0.6621
5,3.5,left-hand,0.0132,0.9868
5,3.5,left-hand,0.4426,0.5574
