fold,tmin,true_label,left-hand,right-hand
1,3.5,right-hand,0.0045,0.9955
1,3.5,right-hand,0.0001,0.9999
1,3.5,right-hand,0.0175,0.9825
1,3.5,right-hand,0.0348,0.9652
1,3.5,right-hand,0.1895,0.8105
1,3.5,right-hand,0.0,1.0
1,3.5,left-hand,0.9962,0.0038
1,3.5,left-hand,0.8814,0.1186
1,3.5,left-hand,0.9389,0.0611
1,3.5,left-hand,0.9551,0.0449
1,3.5,left-hand,0.5325,0.4675
1,3.5,right-hand,0.0621,0.9379
1,3.5,left-hand,0.9605,0.0395
1,3.5,right-hand,0.0025,0.9975
1,3.5,right-hand,0.0029,0.9971
1,3.5,right-hand,0.0014,0.9986
1,3.5,right-hand,0.3974,0.6026
1,3.5,left-hand,0.2238,0.7762
1,3.5,left-hand,0.8667,0.1333
1,3.5,left-hand,0.0253,0.9747
1,3.5,left-hand,0.7797,0.2203
1,3.5,right-hand,0.0118,0.9882
1,3.5,left-hand,0.0152,0.9848
1,3.5,left-hand,0.3795,0.6205
2,3.5,right-hand,0.0077,0.9923
2,3.5,right-hand,0.0071,0.9929
2,3.5,right-hand,0.1967,0.8033
2,3.5,left-hand,0.0,1.0
2,3.5,left-hand,0.9385,0.0615
2,3.5,left-hand,0.9801,0.0199
2,3.5,right-hand,0.8694,0.1306
2,3.5,right-hand,0.0249,0.9751
2,3.5,left-hand,0.9957,0.0043
2,3.5,right-hand,0.0001,0.9999
2,3.5,left-hand,0.1794,0.8206
2,3.5,left-hand,0.051,0.949
2,3.5,left-hand,0.7773,0.2227
2,3.5,left-hand,0.1805,0.8195
2,3.5,left-hand,0.7762,0.2238
2,3.5,right-hand,0.0,1.0
2,3.5,right-hand,0.007,0.993
2,3.5,left-hand,0.0023,0.9977
2,3.5,right-hand,0.9976,0.0024
2,3.5,right-hand,0.3101,0.6899
2,3.5,right-hand,0.0726,0.9274
2,3.5,right-hand,0.9479,0.0521
2,3.5,left-hand,0.4966,0.5034
2,3.5,left-hand,0.8682,0.1318
3,3.5,right-hand,0.0452,0.9548
3,3.5,right-hand,0.0079,0.9921
3,3.5,left-hand,0.0039,0.9961
3,3.5,left-hand,0.9081,0.0919
3,3.5,left-hand,0.0705,0.9295
3,3.5,right-hand,0.8808,0.1192
3,3.5,right-hand,0.9767,0.0233
3,3.5,right-hand,0.0721,0.9279
3,3.5,right-hand,0.0566,0.9434
3,3.5,left-hand,0.4251,0.5749
3,3.5,left-hand,0.4539,0.5461
3,3.5,left-hand,0.9135,0.0865
3,3.5,right-hand,0.0145,0.9855
3,3.5,right-hand,0.1346,0.8654
3,3.5,right-hand,0.0006,0.9994
3,3.5,right-hand,0.0106,0.9894
3,3.5,left-hand,0.911,0.089
3,3.5,right-hand,0.1001,0.8999
3,3.5,left-hand,0.2954,0.7046
3,3.5,left-hand,0.5759,0.4241
3,3.5,left-hand,0.8744,0.1256
3,3.5,right-hand,0.6295,0.3705
3,3.5,left-hand,0.4859,0.5141
3,3.5,left-hand,0.2575,0.7425
4,3.5,right-hand,0.0011,0.9989
4,3.5,right-hand,0.004,0.996
4,3.5,right-hand,0.0045,0.9955
4,3.5,right-hand,0.0,1.0
4,3.5,left-hand,0.0009,0.9991
4,3.5,left-hand,0.0135,0.9865
4,3.5,left-hand,0.99,0.01
4,3.5,right-hand,0.5178,0.4822
4,3.5,left-hand,0.9881,0.0119
4,3.5,left-hand,0.4657,0.5343
4,3.5,left-hand,0.1416,0.8584
4,3.5,left-hand,0.0844,0.9156
4,3.5,right-hand,0.0012,0.9988
4,3.5,right-hand,0.0001,0.9999
4,3.5,left-hand,0.7609,0.2391
4,3.5,right-hand,0.2284,0.7716
4,3.5,right-hand,0.0,1.0
4,3.5,right-hand,0.089,0.911
4,3.5,left-hand,0.0018,0.9982
4,3.5,right-hand,0.0016,0.9984
4,3.5,right-hand,0.9794,0.0206
4,3.5,left-hand,0.1483,0.8517
4,3.5,left-hand,0.8035,0.1965
4,3.5,left-hand,0.5734,0.4266
5,3.5,right-hand,0.2059,0.7941
5,3.5,right-hand,0.9994,0.0006
5,3.5,right-hand,0.9717,0.0283
5,3.5,right-hand,0.805,0.195
5,3.5,right-hand,0.8179,0.1821
5,3.5,left-hand,0.7066,0.2934
5,3.5,left-hand,0.8473,0.1527
5,3.5,left-hand,0.9764,0.0236
5,3.5,left-hand,0.9952,0.0048
5,3.5,left-hand,0.7372,0.2628
5,3.5,left-hand,0.9961,0.0039
5,3.5,right-hand,0.4072,0.5928
5,3.5,right-hand,0.1541,0.8459
5,3.5,left-hand,0.5344,0.4656
5,3.5,right-hand,0.0228,0.9772
5,3.5,right-hand,0.1913,0.8087
5,3.5,left-hand,0.3822,0.6178
5,3.5,left-hand,0.9999,0.0001
5,3.5,left-hand,1.0,0.0
5,3.5,right-hand,0.9573,0.0427
5,3.5,left-hand,0.7044,0.2956
5,3.5,right-hand,0.0693,0.9307
5,3.5,right-hand,0.4359,0.5641
5,3.5,left-hand,0.0211,0.9789
