fold,tmin,true_label,left-hand,right-hand
1,3.5,left-hand,0.9997,0.0003
1,3.5,left-hand,0.9557,0.0443
1,3.5,right-hand,0.0094,0.9906
1,3.5,right-hand,0.5243,0.4757
1,3.5,right-hand,0.8515,0.1485
1,3.5,right-hand,0.5672,0.4328
1,3.5,right-hand,0.0351,0.9649
1,3.5,left-hand,0.5651,0.4349
1,3.5,left-hand,0.8516,0.1484
1,3.5,left-hand,0.255,0.745
1,3.5,left-hand,0.9359,0.0641
1,3.5,right-hand,0.1248,0.8752
1,3.5,left-hand,0.6309,0.3691
1,3.5,left-hand,0.227,0.773
1,3.5,right-hand,0.8123,0.1877
1,3.5,right-hand,0.9667,0.0333
1,3.5,right-hand,0.063,0.937
1,3.5,right-hand,0.0232,0.9768
1,3.5,right-hand,0.2052,0.7948
1,3.5,right-hand,0.7687,0.2313
1,3.5,left-hand,0.9843,0.0157
1,3.5,left-hand,0.089,0.911
1,3.5,left-hand,0.7367,0.2633
1,3.5,left-hand,0.8888,0.1112
2,3.5,left-hand,0.9167,0.0833
2,3.5,left-hand,0.9883,0.0117
2,3.5,right-hand,0.8705,0.1295
2,3.5,right-hand,0.9606,0.0394
2,3.5,right-hand,0.1842,0.8158
2,3.5,left-hand,0.0895,0.9105
2,3.5,right-hand,0.0721,0.9279
2,3.5,right-hand,0.393,0.607
2,3.5,right-hand,0.4186,0.5814
2,3.5,right-hand,0.3783,0.6217
2,3.5,right-hand,0.509,0.491
2,3.5,right-hand,0.5466,0.4534
2,3.5,left-hand,0.8852,0.1148
2,3.5,left-hand,0.9432,0.0568
2,3.5,left-hand,0.2019,0.7981
2,3.5,right-hand,0.4796,0.5204
2,3.5,right-hand,0.2842,0.7158
2,3.5,right-hand,0.0777,0.9223
2,3.5,left-hand,0.915,0.085
2,3.5,left-hand,0.498,0.502
2,3.5,left-hand,0.7933,0.2067
2,3.5,left-hand,0.9113,0.0887
2,3.5,left-hand,0.7774,0.2226
2,3.5,left-hand,0.8434,0.1566
3,3.5,left-hand,0.9082,0.0918
3,3.5,right-hand,0.0159,0.9841
3,3.5,right-hand,0.2754,0.7246
3,3.5,right-hand,0.0262,0.9738
3,3.5,left-hand,0.0872,0.9128
3,3.5,right-hand,0.1321,0.8679
3,3.5,right-hand,0.0294,0.9706
3,3.5,right-hand,0.0152,0.9848
3,3.5,right-hand,0.8772,0.1228
3,3.5,left-hand,0.1365,0.8635
3,3.5,left-hand,0.0682,0.9318
3,3.5,left-hand,0.7701,0.2299
3,3.5,left-hand,0.6715,0.3285
3,3.5,left-hand,0.5132,0.4868
3,3.5,left-hand,0.5955,0.4045
3,3.5,left-hand,0.1753,0.8247
3,3.5,left-hand,0.5816,0.4184
3,3.5,right-hand,0.9299,0.0701
3,3.5,right-hand,0.0586,0.9414
3,3.5,right-hand,0.7975,0.2025
3,3.5,right-hand,0.0005,0.9995
3,3.5,right-hand,0.0054,0.9946
3,3.5,left-hand,0.6466,0.3534
3,3.5,left-hand,0.8183,0.1817
4,3.5,left-hand,0.9476,0.0524
4,3.5,left-hand,0.9992,0.0008
4,3.5,right-hand,0.3409,0.6591
4,3.5,right-hand,0.0646,0.9354
4,3.5,right-hand,0.3008,0.6992
4,3.5,left-hand,0.8887,0.1113
4,3.5,left-hand,0.0871,0.9129
4,3.5,right-hand,0.8542,0.1458
4,3.5,right-hand,0.1145,0.8855
4,3.5,right-hand,0.0816,0.9184
4,3.5,right-hand,0.3412,0.6588
4,3.5,right-hand,0.3676,0.6324
4,3.5,left-hand,0.4708,0.5292
4,3.5,left-hand,0.6958,0.3042
4,3.5,left-hand,0.8775,0.1225
4,3.5,right-hand,0.1157,0.8843
4,3.5,right-hand,0.2401,0.7599
4,3.5,right-hand,0.3272,0.6728
4,3.5,right-hand,0.5312,0.4688
4,3.5,left-hand,0.2503,0.7497
4,3.5,left-hand,0.9709,0.0291
4,3.5,left-hand,0.4795,0.5205
4,3.5,left-hand,0.3215,0.6785
4,3.5,left-hand,0.9593,0.0407
5,3.5,left-hand,0.9939,0.0061
5,3.5,left-hand,0.332,0.668
5,3.5,left-hand,0.2801,0.7199
5,3.5,right-hand,0.2008,0.7992
5,3.5,right-hand,0.0009,0.9991
5,3.5,right-hand,0.5857,0.4143
5,3.5,right-hand,0.0012,0.9988
5,3.5,right-hand,0.0753,0.9247
5,3.5,right-hand,0.3617,0.6383
5,3.5,left-hand,0.9843,0.0157
5,3.5,left-hand,0.5662,0.4338
5,3.5,right-hand,0.1151,0.8849
5,3.5,right-hand,0.464,0.536
5,3.5,right-hand,0.4062,0.5938
5,3.5,right-hand,0.5055,0.4945
5,3.5,left-hand,0.1136,0.8864
5,3.5,left-hand,0.2999,0.7001
5,3.5,left-hand,0.8296,0.1704
5,3.5,left-hand,0.8706,0.1294
5,3.5,right-hand,0.6639,0.3361
5,3.5,right-hand,0.7784,0.2216
5,3.5,left-hand,0.6939,0.3061
5,3.5,left-hand,0.773,0.227
5,3.5,left-hand,0.3957,0.6043
