fold,tmin,true_label,left-hand,right-hand
1,3.5,left-hand,0.3744,0.6256
1,3.5,left-hand,0.0595,0.9405
1,3.5,left-hand,0.8427,0.1573
1,3.5,left-hand,0.9969,0.0031
1,3.5,left-hand,0.2667,0.7333
1,3.5,left-hand,0.9084,0.0916
1,3.5,right-hand,0.2024,0.7976
1,3.5,right-hand,0.3092,0.6908
1,3.5,right-hand,0.8937,0.1063
1,3.5,right-hand,0.0064,0.9936
1,3.5,right-hand,0.4087,0.5913
1,3.5,right-hand,0.0809,0.9191
1,3.5,left-hand,0.9996,0.0004
1,3.5,left-hand,0.1098,0.8902
1,3.5,right-hand,0.7196,0.2804
1,3.5,right-hand,0.0037,0.9963
1,3.5,right-hand,0.2049,0.7951
1,3.5,right-hand,0.015,0.985
1,3.5,right-hand,0.1849,0.8151
1,3.5,right-hand,0.947,0.053
1,3.5,left-hand,0.99,0.01
1,3.5,left-hand,0.9424,0.0576
1,3.5,left-hand,0.9353,0.0647
1,3.5,left-hand,0.1472,0.8528
2,3.5,left-hand,0.9964,0.0036
2,3.5,left-hand,0.9783,0.0217
2,3.5,left-hand,0.9621,0.0379
2,3.5,right-hand,0.0178,0.9822
2,3.5,right-hand,0.0097,0.9903
2,3.5,right-hand,0.111,0.889
2,3.5,right-hand,0.0008,0.9992
2,3.5,left-hand,0.9976,0.0024
2,3.5,left-hand,0.9977,0.0023
2,3.5,right-hand,0.9932,0.0068
2,3.5,right-hand,0.9812,0.0188
2,3.5,right-hand,0.9834,0.0166
2,3.5,right-hand,0.8749,0.1251
2,3.5,right-hand,0.995,0.005
2,3.5,left-hand,0.9804,0.0196
2,3.5,right-hand,0.0896,0.9104
2,3.5,right-hand,0.0333,0.9667
2,3.5,right-hand,0.637,0.363
2,3.5,left-hand,0.7929,0.2071
2,3.5,left-hand,0.9988,0.0012
2,3.5,left-hand,0.9984,0.0016
2,3.5,left-hand,0.8498,0.1502
2,3.5,left-hand,0.692,0.308
2,3.5,left-hand,0.0153,0.9847
3,3.5,left-hand,0.4434,0.5566
3,3.5,left-hand,0.9992,0.0008
3,3.5,right-hand,0.1403,0.8597
3,3.5,right-hand,0.0084,0.9916
3,3.5,right-hand,0.2722,0.7278
3,3.5,right-hand,0.0,1.0
3,3.5,right-hand,0.9225,0.0775
3,3.5,right-hand,0.0701,0.9299
3,3.5,left-hand,0.6679,0.3321
3,3.5,left-hand,0.9805,0.0195
3,3.5,left-hand,0.9073,0.0927
3,3.5,left-hand,0.9727,0.0273
3,3.5,right-hand,0.0066,0.9934
3,3.5,left-hand,0.7892,0.2108
3,3.5,left-hand,0.8504,0.1496
3,3.5,left-hand,0.0009,0.9991
3,3.5,left-hand,0.1419,0.8581
3,3.5,right-hand,0.3831,0.6169
3,3.5,right-hand,0.1378,0.8622
3,3.5,right-hand,0.3976,0.6024
3,3.5,right-hand,0.0495,0.9505
3,3.5,right-hand,0.384,0.616
3,3.5,left-hand,0.1141,0.8859
3,3.5,left-hand,0.5323,0.4677
4,3.5,left-hand,0.125,0.875
4,3.5,left-hand,0.511,0.489
4,3.5,left-hand,0.996,0.004
4,3.5,left-hand,0.8764,0.1236
4,3.5,right-hand,0.2963,0.7037
4,3.5,right-hand,0.0061,0.9939
4,3.5,right-hand,0.0343,0.9657
4,3.5,right-hand,0.0839,0.9161
4,3.5,right-hand,0.001,0.999
4,3.5,right-hand,0.0922,0.9078
4,3.5,right-hand,0.0158,0.9842
4,3.5,left-hand,0.9885,0.0115
4,3.5,right-hand,0.5998,0.4002
4,3.5,left-hand,0.1099,0.8901
4,3.5,left-hand,0.8103,0.1897
4,3.5,right-hand,0.046,0.954
4,3.5,right-hand,0.0053,0.9947
4,3.5,right-hand,0.0464,0.9536
4,3.5,right-hand,0.0448,0.9552
4,3.5,left-hand,0.9783,0.0217
4,3.5,left-hand,0.7384,0.2616
4,3.5,left-hand,0.9141,0.0859
4,3.5,left-hand,0.9865,0.0135
4,3.5,left-hand,0.0442,0.9558
5,3.5,left-hand,0.9981,0.0019
5,3.5,left-hand,0.9974,0.0026
5,3.5,left-hand,0.981,0.019
5,3.5,left-hand,0.9895,0.0105
5,3.5,left-hand,0.9972,0.0028
5,3.5,right-hand,0.9907,0.0093
5,3.5,right-hand,0.2177,0.7823
5,3.5,right-hand,0.1128,0.8872
5,3.5,right-hand,0.062,0.938
5,3.5,right-hand,0.2922,0.7078
5,3.5,right-hand,0.0734,0.9266
5,3.5,right-hand,0.664,0.336
5,3.5,left-hand,0.9978,0.0022
5,3.5,left-hand,0.7031,0.2969
5,3.5,right-hand,0.7346,0.2654
5,3.5,right-hand,0.8217,0.1783
5,3.5,right-hand,0.5228,0.4772
5,3.5,left-hand,0.9776,0.0224
5,3.5,left-hand,0.044,0.956
5,3.5,right-hand,0.0861,0.9139
5,3.5,right-hand,0.0751,0.9249
5,3.5,left-hand,0.1859,0.8141
5,3.5,left-hand,0.001,0.999
5,3.5,left-hand,0.7622,0.2378
