fold,tmin,true_label,left-hand,right-hand
1,3.5,left-hand,0.8151,0.1849
1,3.5,left-hand,0.1674,0.8326
1,3.5,left-hand,0.9833,0.0167
1,3.5,left-hand,0.6425,0.3575
1,3.5,left-hand,0.9873,0.0127
1,3.5,left-hand,0.9515,0.0485
1,3.5,right-hand,0.8551,0.1449
1,3.5,right-hand,0.0083,0.9917
1,3.5,right-hand,0.1468,0.8532
1,3.5,right-hand,0.0027,0.9973
1,3.5,right-hand,0.9661,0.0339
1,3.5,right-hand,0.0101,0.9899
1,3.5,left-hand,0.859,0.141
1,3.5,left-hand,0.1696,0.8304
1,3.5,right-hand,0.0911,0.9089
1,3.5,right-hand,0.0049,0.9951
1,3.5,right-hand,0.1229,0.8771
1,3.5,right-hand,0.0377,0.9623
1,3.5,right-hand,0.5152,0.4848
1,3.5,right-hand,0.0482,0.9518
1,3.5,left-hand,0.0466,0.9534
1,3.5,left-hand,0.5934,0.4066
1,3.5,left-hand,0.9858,0.0142
1,3.5,left-hand,0.92,0.08
2,3.5,left-hand,0.6042,0.3958
2,3.5,left-hand,0.9576,0.0424
2,3.5,left-hand,0.9403,0.0597
2,3.5,right-hand,0.1433,0.8567
2,3.5,right-hand,0.4728,0.5272
2,3.5,right-hand,0.6236,0.3764
2,3.5,right-hand,0.9461,0.0539
2,3.5,left-hand,0.0452,0.9548
2,3.5,left-hand,0.7282,0.2718
2,3.5,right-hand,0.7011,0.2989
2,3.5,right-hand,0.9104,0.0896
2,3.5,right-hand,0.6238,0.3762
2,3.5,right-hand,0.9549,0.0451
2,3.5,right-hand,0.9801,0.0199
2,3.5,left-hand,0.9157,0.0843
2,3.5,right-hand,0.1148,0.8852
2,3.5,right-hand,0.0342,0.9658
2,3.5,right-hand,0.3631,0.6369
2,3.5,left-hand,0.9649,0.0351
2,3.5,left-hand,0.1506,0.8494
2,3.5,left-hand,0.915,0.085
2,3.5,left-hand,0.9818,0.0182
2,3.5,left-hand,0.9601,0.0399
2,3.5,left-hand,0.6369,0.3631
3,3.5,left-hand,0.996,0.004
3,3.5,left-hand,0.9504,0.0496
3,3.5,right-hand,0.0299,0.9701
3,3.5,right-hand,0.7391,0.2609
3,3.5,right-hand,0.0133,0.9867
3,3.5,right-hand,0.6377,0.3623
3,3.5,right-hand,0.3891,0.6109
3,3.5,right-hand,0.0602,0.9398
3,3.5,left-hand,0.2574,0.7426
3,3.5,left-hand,0.066,0.934
3,3.5,left-hand,0.9569,0.0431
3,3.5,left-hand,0.9754,0.0246
3,3.5,right-hand,0.8813,0.1187
3,3.5,left-hand,0.4892,0.5108
3,3.5,left-hand,0.0278,0.9722
3,3.5,left-hand,0.6984,0.3016
3,3.5,left-hand,0.7595,0.2405
3,3.5,right-hand,0.741,0.259
3,3.5,right-hand,0.0025,0.9975
3,3.5,right-hand,0.0137,0.9863
3,3.5,right-hand,0.1237,0.8763
3,3.5,right-hand,0.75,0.25
3,3.5,left-hand,0.9086,0.0914
3,3.5,left-hand,0.9806,0.0194
4,3.5,left-hand,0.4859,0.5141
4,3.5,left-hand,0.2901,0.7099
4,3.5,left-hand,0.6303,0.3697
4,3.5,left-hand,0.9314,0.0686
4,3.5,right-hand,0.4417,0.5583
4,3.5,right-hand,0.1971,0.8029
4,3.5,right-hand,0.0316,0.9684
4,3.5,right-hand,0.0043,0.9957
4,3.5,right-hand,0.9602,0.0398
4,3.5,right-hand,0.3074,0.6926
4,3.5,right-hand,0.8236,0.1764
4,3.5,left-hand,0.0179,0.9821
4,3.5,right-hand,0.9392,0.0608
4,3.5,left-hand,0.6268,0.3732
4,3.5,left-hand,0.6015,0.3985
4,3.5,right-hand,0.1274,0.8726
4,3.5,right-hand,0.0747,0.9253
4,3.5,right-hand,0.1304,0.8696
4,3.5,right-hand,0.2259,0.7741
4,3.5,left-hand,0.9749,0.0251
4,3.5,left-hand,0.8329,0.1671
4,3.5,left-hand,0.3152,0.6848
4,3.5,left-hand,0.82,0.18
4,3.5,left-hand,0.9967,0.0033
5,3.5,left-hand,0.252,0.748
5,3.5,left-hand,0.9972,0.0028
5,3.5,left-hand,0.9981,0.0019
5,3.5,left-hand,0.9281,0.0719
5,3.5,left-hand,0.8309,0.1691
5,3.5,right-hand,0.0042,0.9958
5,3.5,right-hand,0.0691,0.9309
5,3.5,right-hand,0.0041,0.9959
5,3.5,right-hand,0.4459,0.5541
5,3.5,right-hand,0.9345,0.0655
5,3.5,right-hand,0.947,0.053
5,3.5,right-hand,0.031,0.969
5,3.5,left-hand,0.1888,0.8112
5,3.5,left-hand,0.454,0.546
5,3.5,right-hand,0.9506,0.0494
5,3.5,right-hand,0.9966,0.0034
5,3.5,right-hand,0.9943,0.0057
5,3.5,left-hand,0.991,0.009
5,3.5,left-hand,0.9894,0.0106
5,3.5,right-hand,0.0075,0.9925
5,3.5,right-hand,0.0035,0.9965
5,3.5,left-hand,0.9774,0.0226
5,3.5,left-hand,0.9932,0.0068
5,3.5,left-hand,0.989,0.011
