fold,tmin,true_label,left-hand,right-hand
1,3.5,left-hand,0.8233,0.1767
1,3.5,left-hand,0.4494,0.5506
1,3.5,right-hand,0.0121,0.9879
1,3.5,right-hand,0.9374,0.0626
1,3.5,right-hand,0.9527,0.0473
1,3.5,right-hand,0.8571,0.1429
1,3.5,right-hand,0.7125,0.2875
1,3.5,left-hand,0.3851,0.6149
1,3.5,left-hand,0.903,0.097
1,3.5,left-hand,0.2038,0.7962
1,3.5,left-hand,0.8233,0.1767
1,3.5,right-hand,0.0309,0.9691
1,3.5,left-hand,0.7953,0.2047
1,3.5,left-hand,0.6121,0.3879
1,3.5,right-hand,0.9738,0.0262
1,3.5,right-hand,0.8548,0.1452
1,3.5,right-hand,0.2006,0.7994
1,3.5,right-hand,0.5096,0.4904
1,3.5,right-hand,0.1919,0.8081
1,3.5,right-hand,0.7561,0.2439
1,3.5,left-hand,0.992,0.008
1,3.5,left-hand,0.0506,0.9494
1,3.5,left-hand,0.9472,0.0528
1,3.5,left-hand,0.9906,0.0094
2,3.5,left-hand,0.9863,0.0137
2,3.5,left-hand,0.9429,0.0571
2,3.5,right-hand,0.9635,0.0365
2,3.5,right-hand,0.9878,0.0122
2,3.5,right-hand,0.0411,0.9589
2,3.5,left-hand,0.5879,0.4121
2,3.5,right-hand,0.0027,0.9973
2,3.5,right-hand,0.0095,0.9905
2,3.5,right-hand,0.616,0.384
2,3.5,right-hand,0.1032,0.8968
2,3.5,right-hand,0.3198,0.6802
2,3.5,right-hand,0.3404,0.6596
2,3.5,left-hand,0.2268,0.7732
2,3.5,left-hand,0.8553,0.1447
2,3.5,left-hand,0.1358,0.8642
2,3.5,right-hand,0.6819,0.3181
2,3.5,right-hand,0.392,0.608
2,3.5,right-hand,0.0139,0.9861
2,3.5,left-hand,0.9462,0.0538
2,3.5,left-hand,0.5952,0.4048
2,3.5,left-hand,0.9894,0.0106
2,3.5,left-hand,0.9899,0.0101
2,3.5,left-hand,0.1464,0.8536
2,3.5,left-hand,0.4194,0.5806
3,3.5,left-hand,0.9965,0.0035
3,3.5,right-hand,0.148,0.852
3,3.5,right-hand,0.8406,0.1594
3,3.5,right-hand,0.0086,0.9914
3,3.5,left-hand,0.0693,0.9307
3,3.5,right-hand,0.0341,0.9659
3,3.5,right-hand,0.0327,0.9673
3,3.5,right-hand,0.0287,0.9713
3,3.5,right-hand,0.4542,0.5458
3,3.5,left-hand,0.0381,0.9619
3,3.5,left-hand,0.0447,0.9553
3,3.5,left-hand,0.9331,0.0669
3,3.5,left-hand,0.4833,0.5167
3,3.5,left-hand,0.4145,0.5855
3,3.5,left-hand,0.6107,0.3893
3,3.5,left-hand,0.7808,0.2192
3,3.5,left-hand,0.0192,0.9808
3,3.5,right-hand,0.9749,0.0251
3,3.5,right-hand,0.1468,0.8532
3,3.5,right-hand,0.918,0.082
3,3.5,right-hand,0.0392,0.9608
3,3.5,right-hand,0.0589,0.9411
3,3.5,left-hand,0.9742,0.0258
3,3.5,left-hand,0.9646,0.0354
4,3.5,left-hand,0.9607,0.0393
4,3.5,left-hand,0.9799,0.0201
4,3.5,right-hand,0.0206,0.9794
4,3.5,right-hand,0.4483,0.5517
4,3.5,right-hand,0.0371,0.9629
4,3.5,left-hand,0.7353,0.2647
4,3.5,left-hand,0.0151,0.9849
4,3.5,right-hand,0.3695,0.6305
4,3.5,right-hand,0.6911,0.3089
4,3.5,right-hand,0.0042,0.9958
4,3.5,right-hand,0.115,0.885
4,3.5,right-hand,0.1086,0.8914
4,3.5,left-hand,0.0233,0.9767
4,3.5,left-hand,0.7612,0.2388
4,3.5,left-hand,0.9482,0.0518
4,3.5,right-hand,0.2183,0.7817
4,3.5,right-hand,0.0019,0.9981
4,3.5,right-hand,0.2033,0.7967
4,3.5,right-hand,0.7516,0.2484
4,3.5,left-hand,0.8979,0.1021
4,3.5,left-hand,0.9956,0.0044
4,3.5,left-hand,0.9642,0.0358
4,3.5,left-hand,0.9467,0.0533
4,3.5,left-hand,0.977,0.023
5,3.5,left-hand,0.9279,0.0721
5,3.5,left-hand,0.8856,0.1144
5,3.5,left-hand,0.7579,0.2421
5,3.5,right-hand,0.9258,0.0742
5,3.5,right-hand,0.0081,0.9919
5,3.5,right-hand,0.977,0.023
5,3.5,right-hand,0.0027,0.9973
5,3.5,right-hand,0.2851,0.7149
5,3.5,right-hand,0.7952,0.2048
5,3.5,left-hand,0.9916,0.0084
5,3.5,left-hand,0.0842,0.9158
5,3.5,right-hand,0.0193,0.9807
5,3.5,right-hand,0.052,0.948
5,3.5,right-hand,0.4502,0.5498
5,3.5,right-hand,0.4978,0.5022
5,3.5,left-hand,0.1968,0.8032
5,3.5,left-hand,0.7126,0.2874
5,3.5,left-hand,0.7629,0.2371
5,3.5,left-hand,0.4979,0.5021
5,3.5,right-hand,0.5278,0.4722
5,3.5,right-hand,0.1973,0.8027
5,3.5,left-hand,0.603,0.397
5,3.5,left-hand,0.9858,0.0142
5,3.5,left-hand,0.5943,0.4057
