fold,tmin,true_label,left-hand,right-hand
1,3.5,left-hand,0.2937,0.7063
1,3.5,left-hand,0.5887,0.4113
1,3.5,right-hand,0.079,0.921
1,3.5,right-hand,0.3,0.7
1,3.5,right-hand,0.1035,0.8965
1,3.5,right-hand,0.0248,0.9752
1,3.5,right-hand,0.056,0.944
1,3.5,left-hand,0.9453,0.0547
1,3.5,left-hand,0.9853,0.0147
1,3.5,left-hand,0.0907,0.9093
1,3.5,left-hand,0.1146,0.8854
1,3.5,right-hand,0.5939,0.4061
1,3.5,left-hand,0.4313,0.5687
1,3.5,left-hand,0.066,0.934
1,3.5,right-hand,0.7898,0.2102
1,3.5,right-hand,0.9052,0.0948
1,3.5,right-hand,0.9419,0.0581
1,3.5,right-hand,0.9341,0.0659
1,3.5,left-hand,0.4298,0.5702
1,3.5,left-hand,0.9644,0.0356
1,3.5,left-hand,0.9993,0.0007
1,3.5,left-hand,0.7539,0.2461
1,3.5,right-hand,0.9952,0.0048
1,3.5,right-hand,0.0305,0.9695
2,3.5,left-hand,0.0463,0.9537
2,3.5,left-hand,0.0368,0.9632
2,3.5,right-hand,0.1792,0.8208
2,3.5,right-hand,0.0026,0.9974
2,3.5,right-hand,0.074,0.926
2,3.5,left-hand,0.9736,0.0264
2,3.5,right-hand,0.9746,0.0254
2,3.5,right-hand,0.9397,0.0603
2,3.5,right-hand,0.4436,0.5564
2,3.5,right-hand,0.6084,0.3916
2,3.5,right-hand,0.9991,0.0009
2,3.5,right-hand,0.7448,0.2552
2,3.5,left-hand,0.6112,0.3888
2,3.5,left-hand,0.9226,0.0774
2,3.5,left-hand,0.996,0.004
2,3.5,right-hand,0.3231,0.6769
2,3.5,left-hand,0.0902,0.9098
2,3.5,left-hand,0.9961,0.0039
2,3.5,left-hand,0.9032,0.0968
2,3.5,left-hand,0.9827,0.0173
2,3.5,left-hand,0.9099,0.0901
2,3.5,left-hand,0.8775,0.1225
2,3.5,right-hand,0.0051,0.9949
2,3.5,right-hand,0.7956,0.2044
3,3.5,left-hand,0.3201,0.6799
3,3.5,right-hand,0.6444,0.3556
3,3.5,right-hand,0.8845,0.1155
3,3.5,right-hand,0.0735,0.9265
3,3.5,left-hand,0.9349,0.0651
3,3.5,right-hand,0.0459,0.9541
3,3.5,right-hand,0.5659,0.4341
3,3.5,right-hand,0.4576,0.5424
3,3.5,right-hand,0.4472,0.5528
3,3.5,left-hand,0.9961,0.0039
3,3.5,left-hand,0.597,0.403
3,3.5,left-hand,0.842,0.158
3,3.5,left-hand,0.9439,0.0561
3,3.5,left-hand,0.5485,0.4515
3,3.5,left-hand,0.1485,0.8515
3,3.5,left-hand,0.6911,0.3089
3,3.5,left-hand,0.9086,0.0914
3,3.5,right-hand,0.2814,0.7186
3,3.5,right-hand,0.0555,0.9445
3,3.5,right-hand,0.3979,0.6021
3,3.5,left-hand,0.4805,0.5195
3,3.5,left-hand,0.9142,0.0858
3,3.5,right-hand,0.9413,0.0587
3,3.5,right-hand,0.8521,0.1479
4,3.5,left-hand,0.2366,0.7634
4,3.5,left-hand,0.8648,0.1352
4,3.5,right-hand,0.6812,0.3188
4,3.5,right-hand,0.0569,0.9431
4,3.5,right-hand,0.6542,0.3458
4,3.5,left-hand,0.0737,0.9263
4,3.5,left-hand,0.9186,0.0814
4,3.5,right-hand,0.508,0.492
4,3.5,right-hand,0.337,0.663
4,3.5,right-hand,0.979,0.021
4,3.5,right-hand,0.0092,0.9908
4,3.5,right-hand,0.9347,0.0653
4,3.5,left-hand,0.2985,0.7015
4,3.5,left-hand,0.9047,0.0953
4,3.5,left-hand,0.2029,0.7971
4,3.5,right-hand,0.7771,0.2229
4,3.5,left-hand,0.006,0.994
4,3.5,left-hand,0.8969,0.1031
4,3.5,left-hand,0.9541,0.0459
4,3.5,left-hand,0.9799,0.0201
4,3.5,left-hand,0.9714,0.0286
4,3.5,right-hand,0.1628,0.8372
4,3.5,right-hand,0.8739,0.1261
4,3.5,right-hand,0.9004,0.0996
5,3.5,left-hand,0.0575,0.9425
5,3.5,left-hand,0.3088,0.6912
5,3.5,left-hand,0.7021,0.2979
5,3.5,right-hand,0.2619,0.7381
5,3.5,right-hand,0.363,0.637
5,3.5,right-hand,0.7962,0.2038
5,3.5,right-hand,0.0089,0.9911
5,3.5,right-hand,0.0203,0.9797
5,3.5,right-hand,0.005,0.995
5,3.5,left-hand,0.523,0.477
5,3.5,left-hand,0.9787,0.0213
5,3.5,right-hand,0.9849,0.0151
5,3.5,right-hand,0.5889,0.4111
5,3.5,right-hand,0.5597,0.4403
5,3.5,right-hand,0.817,0.183
5,3.5,left-hand,0.6122,0.3878
5,3.5,left-hand,0.9122,0.0878
5,3.5,left-hand,0.8045,0.1955
5,3.5,left-hand,0.8421,0.1579
5,3.5,right-hand,0.062,0.938
5,3.5,left-hand,0.387,0.613
5,3.5,left-hand,0.9935,0.0065
5,3.5,left-hand,0.9996,0.0004
5,3.5,right-hand,0.4312,0.5688
