fold,tmin,true_label,left-hand,right-hand
1,3.5,left-hand,0.8533,0.1467
1,3.5,left-hand,0.6914,0.3086
1,3.5,left-hand,0.9511,0.0489
1,3.5,left-hand,0.9865,0.0135
1,3.5,left-hand,0.9896,0.0104
1,3.5,left-hand,0.8562,0.1438
1,3.5,right-hand,0.238,0.762
1,3.5,right-hand,0.0034,0.9966
1,3.5,right-hand,0.0169,0.9831
1,3.5,right-hand,0.0336,0.9664
1,3.5,right-hand,0.9141,0.0859
1,3.5,right-hand,0.039,0.961
1,3.5,left-hand,0.7077,0.2923
1,3.5,left-hand,0.115,0.885
1,3.5,right-hand,0.2772,0.7228
1,3.5,right-hand,0.0438,0.9562
1,3.5,right-hand,0.0712,0.9288
1,3.5,right-hand,0.0123,0.9877
1,3.5,right-hand,0.6368,0.3632
1,3.5,right-hand,0.0886,0.9114
1,3.5,left-hand,0.1695,0.8305
1,3.5,left-hand,0.3004,0.6996
1,3.5,left-hand,0.9548,0.0452
1,3.5,left-hand,0.9925,0.0075
2,3.5,left-hand,0.2069,0.7931
2,3.5,left-hand,0.9843,0.0157
2,3.5,left-hand,0.9476,0.0524
2,3.5,right-hand,0.0335,0.9665
2,3.5,right-hand,0.0597,0.9403
2,3.5,right-hand,0.7604,0.2396
2,3.5,right-hand,0.3717,0.6283
2,3.5,left-hand,0.2016,0.7984
2,3.5,left-hand,0.6114,0.3886
2,3.5,right-hand,0.6805,0.3195
2,3.5,right-hand,0.853,0.147
2,3.5,right-hand,0.5157,0.4843
2,3.5,right-hand,0.8737,0.1263
2,3.5,right-hand,0.9225,0.0775
2,3.5,left-hand,0.9744,0.0256
2,3.5,right-hand,0.1934,0.8066
2,3.5,right-hand,0.0504,0.9496
2,3.5,right-hand,0.0193,0.9807
2,3.5,left-hand,0.7494,0.2506
2,3.5,left-hand,0.3701,0.6299
2,3.5,left-hand,0.393,0.607
2,3.5,left-hand,0.9426,0.0574
2,3.5,left-hand,0.8243,0.1757
2,3.5,left-hand,0.3846,0.6154
3,3.5,left-hand,0.9994,0.0006
3,3.5,left-hand,0.8595,0.1405
3,3.5,right-hand,0.0002,0.9998
3,3.5,right-hand,0.4798,0.5202
3,3.5,right-hand,0.0035,0.9965
3,3.5,right-hand,0.3186,0.6814
3,3.5,right-hand,0.0112,0.9888
3,3.5,right-hand,0.1562,0.8438
3,3.5,left-hand,0.1331,0.8669
3,3.5,left-hand,0.24,0.76
3,3.5,left-hand,0.9991,0.0009
3,3.5,left-hand,0.9881,0.0119
3,3.5,right-hand,0.7235,0.2765
3,3.5,left-hand,0.2554,0.7446
3,3.5,left-hand,0.0906,0.9094
3,3.5,left-hand,0.9965,0.0035
3,3.5,left-hand,0.9788,0.0212
3,3.5,right-hand,0.0104,0.9896
3,3.5,right-hand,0.0042,0.9958
3,3.5,right-hand,0.0074,0.9926
3,3.5,right-hand,0.0038,0.9962
3,3.5,right-hand,0.0059,0.9941
3,3.5,left-hand,0.904,0.096
3,3.5,left-hand,0.9994,0.0006
4,3.5,left-hand,0.0497,0.9503
4,3.5,left-hand,0.3422,0.6578
4,3.5,left-hand,0.9229,0.0771
4,3.5,left-hand,0.9913,0.0087
4,3.5,right-hand,0.8358,0.1642
4,3.5,right-hand,0.1015,0.8985
4,3.5,right-hand,0.0116,0.9884
4,3.5,right-hand,0.0036,0.9964
4,3.5,right-hand,0.7217,0.2783
4,3.5,right-hand,0.1179,0.8821
4,3.5,right-hand,0.6843,0.3157
4,3.5,left-hand,0.0322,0.9678
4,3.5,right-hand,0.9474,0.0526
4,3.5,left-hand,0.9981,0.0019
4,3.5,left-hand,0.622,0.378
4,3.5,right-hand,0.2186,0.7814
4,3.5,right-hand,0.0936,0.9064
4,3.5,right-hand,0.538,0.462
4,3.5,right-hand,0.1073,0.8927
4,3.5,left-hand,0.8737,0.1263
4,3.5,left-hand,0.8733,0.1267
4,3.5,left-hand,0.1762,0.8238
4,3.5,left-hand,0.5267,0.4733
4,3.5,left-hand,0.9949,0.0051
5,3.5,left-hand,0.3903,0.6097
5,3.5,left-hand,0.9683,0.0317
5,3.5,left-hand,0.9746,0.0254
5,3.5,left-hand,0.5596,0.4404
5,3.5,left-hand,0.922,0.078
5,3.5,right-hand,0.0221,0.9779
5,3.5,right-hand,0.0343,0.9657
5,3.5,right-hand,0.004,0.996
5,3.5,right-hand,0.0627,0.9373
5,3.5,right-hand,0.9267,0.0733
5,3.5,right-hand,0.9452,0.0548
5,3.5,right-hand,0.0613,0.9387
5,3.5,left-hand,0.3574,0.6426
5,3.5,left-hand,0.8466,0.1534
5,3.5,right-hand,0.6647,0.3353
5,3.5,right-hand,0.988,0.012
5,3.5,right-hand,0.9996,0.0004
5,3.5,left-hand,0.9944,0.0056
5,3.5,left-hand,0.9949,0.0051
5,3.5,right-hand,0.0927,0.9073
5,3.5,right-hand,0.0134,0.9866
5,3.5,left-hand,0.8875,0.1125
5,3.5,left-hand,0.9833,0.0167
5,3.5,left-hand,0.9747,0.0253
