fold,tmin,true_label,left-hand,right-hand
1,3.5,right-hand,0.0076,0.9924
1,3.5,right-hand,0.3741,0.6259
1,3.5,right-hand,0.0463,0.9537
1,3.5,right-hand,0.119,0.881
1,3.5,right-hand,0.0241,0.9759
1,3.5,right-hand,0.2877,0.7123
1,3.5,left-hand,0.8014,0.1986
1,3.5,left-hand,0.1091,0.8909
1,3.5,left-hand,0.8323,0.1677
1,3.5,left-hand,0.711,0.289
1,3.5,left-hand,0.47,0.53
1,3.5,right-hand,0.0094,0.9906
1,3.5,left-hand,0.9428,0.0572
1,3.5,right-hand,0.2839,0.7161
1,3.5,right-hand,0.0191,0.9809
1,3.5,right-hand,0.2308,0.7692
1,3.5,right-hand,0.6724,0.3276
1,3.5,left-hand,0.6759,0.3241
1,3.5,left-hand,0.9661,0.0339
1,3.5,left-hand,0.0587,0.9413
1,3.5,left-hand,0.6642,0.3358
1,3.5,right-hand,0.0566,0.9434
1,3.5,left-hand,0.2526,0.7474
1,3.5,left-hand,0.3626,0.6374
2,3.5,right-hand,0.0172,0.9828
2,3.5,right-hand,0.0307,0.9693
2,3.5,right-hand,0.0795,0.9205
2,3.5,left-hand,0.0667,0.9333
2,3.5,left-hand,0.7059,0.2941
2,3.5,left-hand,0.8877,0.1123
2,3.5,right-hand,0.3685,0.6315
2,3.5,right-hand,0.1165,0.8835
2,3.5,left-hand,0.9838,0.0162
2,3.5,right-hand,0.8181,0.1819
2,3.5,left-hand,0.6138,0.3862
2,3.5,left-hand,0.6857,0.3143
2,3.5,left-hand,0.9245,0.0755
2,3.5,left-hand,0.3991,0.6009
2,3.5,left-hand,0.394,0.606
2,3.5,right-hand,0.1251,0.8749
2,3.5,right-hand,0.0717,0.9283
2,3.5,left-hand,0.0127,0.9873
2,3.5,right-hand,0.9438,0.0562
2,3.5,right-hand,0.6692,0.3308
2,3.5,right-hand,0.0827,0.9173
2,3.5,right-hand,0.8861,0.1139
2,3.5,left-hand,0.3233,0.6767
2,3.5,left-hand,0.8001,0.1999
3,3.5,right-hand,0.1341,0.8659
3,3.5,right-hand,0.1481,0.8519
3,3.5,left-hand,0.2149,0.7851
3,3.5,left-hand,0.9414,0.0586
3,3.5,left-hand,0.3173,0.6827
3,3.5,right-hand,0.7433,0.2567
3,3.5,right-hand,0.9624,0.0376
3,3.5,right-hand,0.5561,0.4439
3,3.5,right-hand,0.3625,0.6375
3,3.5,left-hand,0.8414,0.1586
3,3.5,left-hand,0.5609,0.4391
3,3.5,left-hand,0.9518,0.0482
3,3.5,right-hand,0.8837,0.1163
3,3.5,right-hand,0.8614,0.1386
3,3.5,right-hand,0.0044,0.9956
3,3.5,right-hand,0.0773,0.9227
3,3.5,left-hand,0.8681,0.1319
3,3.5,right-hand,0.1069,0.8931
3,3.5,left-hand,0.8857,0.1143
3,3.5,left-hand,0.1309,0.8691
3,3.5,left-hand,0.9599,0.0401
3,3.5,right-hand,0.7207,0.2793
3,3.5,left-hand,0.9451,0.0549
3,3.5,left-hand,0.8105,0.1895
4,3.5,right-hand,0.0364,0.9636
4,3.5,right-hand,0.0286,0.9714
4,3.5,right-hand,0.0495,0.9505
4,3.5,right-hand,0.7506,0.2494
4,3.5,left-hand,0.2309,0.7691
4,3.5,left-hand,0.9617,0.0383
4,3.5,left-hand,0.8881,0.1119
4,3.5,right-hand,0.7052,0.2948
4,3.5,left-hand,0.9786,0.0214
4,3.5,left-hand,0.9427,0.0573
4,3.5,left-hand,0.4402,0.5598
4,3.5,left-hand,0.0584,0.9416
4,3.5,right-hand,0.0244,0.9756
4,3.5,right-hand,0.0307,0.9693
4,3.5,left-hand,0.5756,0.4244
4,3.5,right-hand,0.0668,0.9332
4,3.5,right-hand,0.0024,0.9976
4,3.5,right-hand,0.3565,0.6435
4,3.5,left-hand,0.0865,0.9135
4,3.5,right-hand,0.3413,0.6587
4,3.5,right-hand,0.9496,0.0504
4,3.5,left-hand,0.1899,0.8101
4,3.5,left-hand,0.7173,0.2827
4,3.5,left-hand,0.7299,0.2701
5,3.5,right-hand,0.0404,0.9596
5,3.5,right-hand,0.4827,0.5173
5,3.5,right-hand,0.6476,0.3524
5,3.5,right-hand,0.8267,0.1733
5,3.5,right-hand,0.8015,0.1985
5,3.5,left-hand,0.8375,0.1625
5,3.5,left-hand,0.9701,0.0299
5,3.5,left-hand,0.5767,0.4233
5,3.5,left-hand,0.8648,0.1352
5,3.5,left-hand,0.9747,0.0253
5,3.5,left-hand,0.89,0.11
5,3.5,right-hand,0.7051,0.2949
5,3.5,right-hand,0.6888,0.3112
5,3.5,left-hand,0.71,0.29
5,3.5,right-hand,0.7658,0.2342
5,3.5,right-hand,0.9004,0.0996
5,3.5,left-hand,0.6956,0.3044
5,3.5,left-hand,0.7326,0.2674
5,3.5,left-hand,0.9833,0.0167
5,3.5,right-hand,0.1572,0.8428
5,3.5,left-hand,0.6956,0.3044
5,3.5,right-hand,0.2191,0.7809
5,3.5,right-hand,0.6945,0.3055
5,3.5,left-hand,0.1372,0.8628
