fold,tmin,true_label,left-hand,right-hand
1,3.5,left-hand,0.3813,0.6187
1,3.5,left-hand,0.976,0.024
1,3.5,right-hand,0.309,0.691
1,3.5,right-hand,0.6822,0.3178
1,3.5,right-hand,0.098,0.902
1,3.5,right-hand,0.8724,0.1276
1,3.5,right-hand,0.0476,0.9524
1,3.5,left-hand,0.8788,0.1212
1,3.5,left-hand,0.9061,0.0939
1,3.5,left-hand,0.9928,0.0072
1,3.5,left-hand,0.8414,0.1586
1,3.5,right-hand,0.0088,0.9912
1,3.5,left-hand,0.9933,0.0067
1,3.5,left-hand,0.9914,0.0086
1,3.5,right-hand,0.077,0.923
1,3.5,right-hand,0.0963,0.9037
1,3.5,right-hand,0.1607,0.8393
1,3.5,right-hand,0.0044,0.9956
1,3.5,right-hand,0.0513,0.9487
1,3.5,right-hand,0.1665,0.8335
1,3.5,left-hand,0.2171,0.7829
1,3.5,left-hand,0.9821,0.0179
1,3.5,left-hand,0.9792,0.0208
1,3.5,left-hand,0.9111,0.0889
2,3.5,left-hand,0.9931,0.0069
2,3.5,left-hand,0.6868,0.3132
2,3.5,right-hand,0.0047,0.9953
2,3.5,right-hand,0.0098,0.9902
2,3.5,right-hand,0.2591,0.7409
2,3.5,left-hand,0.9641,0.0359
2,3.5,right-hand,0.2527,0.7473
2,3.5,right-hand,0.9863,0.0137
2,3.5,right-hand,0.7656,0.2344
2,3.5,right-hand,0.8942,0.1058
2,3.5,right-hand,0.0403,0.9597
2,3.5,right-hand,0.9138,0.0862
2,3.5,left-hand,0.994,0.006
2,3.5,left-hand,0.0519,0.9481
2,3.5,left-hand,0.687,0.313
2,3.5,right-hand,0.1921,0.8079
2,3.5,right-hand,0.0467,0.9533
2,3.5,right-hand,0.3704,0.6296
2,3.5,left-hand,0.9018,0.0982
2,3.5,left-hand,0.9825,0.0175
2,3.5,left-hand,0.7943,0.2057
2,3.5,left-hand,0.1988,0.8012
2,3.5,left-hand,0.999,0.001
2,3.5,left-hand,0.4808,0.5192
3,3.5,left-hand,0.988,0.012
3,3.5,right-hand,0.1225,0.8775
3,3.5,right-hand,0.8569,0.1431
3,3.5,right-hand,0.0117,0.9883
3,3.5,left-hand,0.8054,0.1946
3,3.5,right-hand,0.6334,0.3666
3,3.5,right-hand,0.0342,0.9658
3,3.5,right-hand,0.4172,0.5828
3,3.5,right-hand,0.3827,0.6173
3,3.5,left-hand,0.8332,0.1668
3,3.5,left-hand,0.2193,0.7807
3,3.5,left-hand,0.9699,0.0301
3,3.5,left-hand,0.9882,0.0118
3,3.5,left-hand,0.8057,0.1943
3,3.5,left-hand,0.7535,0.2465
3,3.5,left-hand,0.9738,0.0262
3,3.5,left-hand,0.9651,0.0349
3,3.5,right-hand,0.0603,0.9397
3,3.5,right-hand,0.7735,0.2265
3,3.5,right-hand,0.3003,0.6997
3,3.5,right-hand,0.0968,0.9032
3,3.5,right-hand,0.0062,0.9938
3,3.5,left-hand,0.9857,0.0143
3,3.5,left-hand,0.2357,0.7643
4,3.5,left-hand,0.2895,0.7105
4,3.5,left-hand,0.2675,0.7325
4,3.5,right-hand,0.3335,0.6665
4,3.5,right-hand,0.6114,0.3886
4,3.5,right-hand,0.8221,0.1779
4,3.5,left-hand,0.8603,0.1397
4,3.5,left-hand,0.7266,0.2734
4,3.5,right-hand,0.0403,0.9597
4,3.5,right-hand,0.4436,0.5564
4,3.5,right-hand,0.1136,0.8864
4,3.5,right-hand,0.0034,0.9966
4,3.5,right-hand,0.8941,0.1059
4,3.5,left-hand,0.005,0.995
4,3.5,left-hand,0.9734,0.0266
4,3.5,left-hand,0.9958,0.0042
4,3.5,right-hand,0.0362,0.9638
4,3.5,right-hand,0.0022,0.9978
4,3.5,right-hand,0.1166,0.8834
4,3.5,right-hand,0.0449,0.9551
4,3.5,left-hand,0.268,0.732
4,3.5,left-hand,0.8801,0.1199
4,3.5,left-hand,0.5558,0.4442
4,3.5,left-hand,0.9949,0.0051
4,3.5,left-hand,0.9265,0.0735
5,3.5,left-hand,0.7494,0.2506
5,3.5,left-hand,0.0335,0.9665
5,3.5,left-hand,0.9979,0.0021
5,3.5,right-hand,0.9701,0.0299
5,3.5,right-hand,0.0509,0.9491
5,3.5,right-hand,0.0089,0.9911
5,3.5,right-hand,0.0123,0.9877
5,3.5,right-hand,0.4282,0.5718
5,3.5,right-hand,0.0456,0.9544
5,3.5,left-hand,0.7663,0.2337
5,3.5,left-hand,0.9967,0.0033
5,3.5,right-hand,0.22,0.78
5,3.5,right-hand,0.4402,0.5598
5,3.5,right-hand,0.0221,0.9779
5,3.5,right-hand,0.9755,0.0245
5,3.5,left-hand,0.9968,0.0032
5,3.5,left-hand,0.9276,0.0724
5,3.5,left-hand,0.9984,0.0016
5,3.5,left-hand,0.8881,0.1119
5,3.5,right-hand,0.2426,0.7574
5,3.5,right-hand,0.0279,0.9721
5,3.5,left-hand,0.9221,0.0779
5,3.5,left-hand,0.6127,0.3873
5,3.5,left-hand,0.8156,0.1844
