fold,tmin,true_label,left-hand,right-hand
1,3.5,left-hand,0.1403,0.8597
1,3.5,left-hand,0.1204,0.8796
1,3.5,right-hand,0.9944,0.0056
1,3.5,right-hand,0.9974,0.0026
1,3.5,right-hand,0.417,0.583
1,3.5,right-hand,0.8531,0.1469
1,3.5,right-hand,0.0037,0.9963
1,3.5,left-hand,0.9734,0.0266
1,3.5,left-hand,0.7239,0.2761
1,3.5,left-hand,0.0277,0.9723
1,3.5,left-hand,0.9513,0.0487
1,3.5,right-hand,0.0031,0.9969
1,3.5,left-hand,0.9999,0.0001
1,3.5,left-hand,0.9999,0.0001
1,3.5,right-hand,0.034,0.966
1,3.5,right-hand,0.7753,0.2247
1,3.5,right-hand,0.0017,0.9983
1,3.5,right-hand,0.1675,0.8325
1,3.5,right-hand,0.5839,0.4161
1,3.5,right-hand,0.063,0.937
1,3.5,left-hand,0.852,0.148
1,3.5,left-hand,0.3101,0.6899
1,3.5,left-hand,0.6692,0.3308
1,3.5,left-hand,0.9349,0.0651
2,3.5,left-hand,0.216,0.784
2,3.5,left-hand,0.7616,0.2384
2,3.5,right-hand,0.9155,0.0845
2,3.5,right-hand,0.1631,0.8369
2,3.5,right-hand,0.345,0.655
2,3.5,left-hand,0.9939,0.0061
2,3.5,right-hand,0.1291,0.8709
2,3.5,right-hand,0.8729,0.1271
2,3.5,right-hand,0.2634,0.7366
2,3.5,right-hand,0.0097,0.9903
2,3.5,right-hand,0.791,0.209
2,3.5,right-hand,0.7691,0.2309
2,3.5,left-hand,0.9837,0.0163
2,3.5,left-hand,0.9996,0.0004
2,3.5,left-hand,0.766,0.234
2,3.5,right-hand,0.0584,0.9416
2,3.5,right-hand,0.1988,0.8012
2,3.5,right-hand,0.0245,0.9755
2,3.5,left-hand,0.9246,0.0754
2,3.5,left-hand,0.2137,0.7863
2,3.5,left-hand,0.9667,0.0333
2,3.5,left-hand,0.3487,0.6513
2,3.5,left-hand,0.0767,0.9233
2,3.5,left-hand,0.9965,0.0035
3,3.5,left-hand,0.8094,0.1906
3,3.5,right-hand,0.153,0.847
3,3.5,right-hand,0.6234,0.3766
3,3.5,right-hand,0.7984,0.2016
3,3.5,left-hand,0.5028,0.4972
3,3.5,right-hand,0.0011,0.9989
3,3.5,right-hand,0.0076,0.9924
3,3.5,right-hand,0.0645,0.9355
3,3.5,right-hand,0.1681,0.8319
3,3.5,left-hand,0.8823,0.1177
3,3.5,left-hand,0.8359,0.1641
3,3.5,left-hand,0.9698,0.0302
3,3.5,left-hand,0.9959,0.0041
3,3.5,left-hand,0.9087,0.0913
3,3.5,left-hand,0.1256,0.8744
3,3.5,left-hand,0.4545,0.5455
3,3.5,left-hand,0.9917,0.0083
3,3.5,right-hand,0.1335,0.8665
3,3.5,right-hand,0.0023,0.9977
3,3.5,right-hand,0.0836,0.9164
3,3.5,right-hand,0.0591,0.9409
3,3.5,right-hand,0.6421,0.3579
3,3.5,left-hand,0.8762,0.1238
3,3.5,left-hand,0.8719,0.1281
4,3.5,left-hand,0.0624,0.9376
4,3.5,left-hand,0.2786,0.7214
4,3.5,right-hand,0.9731,0.0269
4,3.5,right-hand,0.8719,0.1281
4,3.5,right-hand,0.9757,0.0243
4,3.5,left-hand,0.8223,0.1777
4,3.5,left-hand,0.9399,0.0601
4,3.5,right-hand,0.0039,0.9961
4,3.5,right-hand,0.0021,0.9979
4,3.5,right-hand,0.1486,0.8514
4,3.5,right-hand,0.0104,0.9896
4,3.5,right-hand,0.0492,0.9508
4,3.5,left-hand,0.0431,0.9569
4,3.5,left-hand,0.9985,0.0015
4,3.5,left-hand,0.8948,0.1052
4,3.5,right-hand,0.061,0.939
4,3.5,right-hand,0.5901,0.4099
4,3.5,right-hand,0.1981,0.8019
4,3.5,right-hand,0.3959,0.6041
4,3.5,left-hand,0.4216,0.5784
4,3.5,left-hand,0.5462,0.4538
4,3.5,left-hand,0.9846,0.0154
4,3.5,left-hand,0.9695,0.0305
4,3.5,left-hand,0.2158,0.7842
5,3.5,left-hand,0.2644,0.7356
5,3.5,left-hand,0.913,0.087
5,3.5,left-hand,0.6146,0.3854
5,3.5,right-hand,0.4902,0.5098
5,3.5,right-hand,0.2584,0.7416
5,3.5,right-hand,0.755,0.245
5,3.5,right-hand,0.6225,0.3775
5,3.5,right-hand,0.8162,0.1838
5,3.5,right-hand,0.0968,0.9032
5,3.5,left-hand,0.7196,0.2804
5,3.5,left-hand,0.7199,0.2801
5,3.5,right-hand,0.1081,0.8919
5,3.5,right-hand,0.5143,0.4857
5,3.5,right-hand,0.6794,0.3206
5,3.5,right-hand,0.5358,0.4642
5,3.5,left-hand,0.1058,0.8942
5,3.5,left-hand,0.9996,0.0004
5,3.5,left-hand,0.9992,0.0008
5,3.5,left-hand,0.9977,0.0023
5,3.5,right-hand,0.1118,0.8882
5,3.5,right-hand,0.0602,0.9398
5,3.5,left-hand,0.7494,0.2506
5,3.5,left-hand,0.3509,0.6491
5,3.5,left-hand,0.4593,0.5407
