fold,tmin,true_label,left-hand,right-hand
1,3.5,right-hand,0.0,1.0
1,3.5,right-hand,0.0019,0.9981
1,3.5,right-hand,0.0,1.0
1,3.5,right-hand,0.1364,0.8636
1,3.5,right-hand,0.0051,0.9949
1,3.5,right-hand,0.1206,0.8794
1,3.5,left-hand,0.9987,0.0013
1,3.5,left-hand,0.8819,0.1181
1,3.5,left-hand,0.9349,0.0651
1,3.5,left-hand,0.0082,0.9918
1,3.5,left-hand,0.9987,0.0013
1,3.5,right-hand,0.0298,0.9702
1,3.5,left-hand,0.7863,0.2137
1,3.5,right-hand,0.038,0.962
1,3.5,right-hand,0.9431,0.0569
1,3.5,right-hand,0.4071,0.5929
1,3.5,right-hand,0.63,0.37
1,3.5,right-hand,0.0042,0.9958
1,3.5,left-hand,0.0082,0.9918
1,3.5,left-hand,0.3866,0.6134
1,3.5,left-hand,0.9996,0.0004
1,3.5,left-hand,0.8314,0.1686
1,3.5,left-hand,0.9204,0.0796
1,3.5,left-hand,0.2096,0.7904
2,3.5,right-hand,0.83,0.17
2,3.5,right-hand,0.3372,0.6628
2,3.5,right-hand,0.0018,0.9982
2,3.5,left-hand,0.9081,0.0919
2,3.5,left-hand,0.7052,0.2948
2,3.5,left-hand,0.9931,0.0069
2,3.5,right-hand,0.002,0.998
2,3.5,right-hand,0.219,0.781
2,3.5,left-hand,0.2368,0.7632
2,3.5,right-hand,0.3311,0.6689
2,3.5,left-hand,0.6326,0.3674
2,3.5,left-hand,0.879,0.121
2,3.5,left-hand,0.6287,0.3713
2,3.5,left-hand,0.5314,0.4686
2,3.5,left-hand,0.2167,0.7833
2,3.5,right-hand,0.5935,0.4065
2,3.5,right-hand,0.5461,0.4539
2,3.5,right-hand,0.4832,0.5168
2,3.5,right-hand,0.0457,0.9543
2,3.5,right-hand,0.0125,0.9875
2,3.5,right-hand,0.0129,0.9871
2,3.5,left-hand,0.9947,0.0053
2,3.5,left-hand,0.9999,0.0001
2,3.5,left-hand,0.997,0.003
3,3.5,right-hand,0.9273,0.0727
3,3.5,right-hand,0.461,0.539
3,3.5,left-hand,0.9929,0.0071
3,3.5,left-hand,0.5457,0.4543
3,3.5,left-hand,0.2601,0.7399
3,3.5,right-hand,0.626,0.374
3,3.5,right-hand,0.0025,0.9975
3,3.5,right-hand,0.0676,0.9324
3,3.5,right-hand,0.0011,0.9989
3,3.5,left-hand,0.9122,0.0878
3,3.5,left-hand,0.9457,0.0543
3,3.5,left-hand,0.7072,0.2928
3,3.5,right-hand,0.0252,0.9748
3,3.5,right-hand,0.1125,0.8875
3,3.5,right-hand,0.0013,0.9987
3,3.5,right-hand,0.5884,0.4116
3,3.5,left-hand,0.9999,0.0001
3,3.5,right-hand,0.0,1.0
3,3.5,right-hand,0.217,0.783
3,3.5,left-hand,0.9879,0.0121
3,3.5,left-hand,0.9999,0.0001
3,3.5,left-hand,0.9993,0.0007
3,3.5,left-hand,0.9998,0.0002
3,3.5,left-hand,0.9969,0.0031
4,3.5,right-hand,0.0,1.0
4,3.5,right-hand,0.1314,0.8686
4,3.5,right-hand,0.0001,0.9999
4,3.5,right-hand,0.6251,0.3749
4,3.5,left-hand,0.3382,0.6618
4,3.5,left-hand,0.9802,0.0198
4,3.5,left-hand,0.1888,0.8112
4,3.5,right-hand,0.0172,0.9828
4,3.5,left-hand,0.1288,0.8712
4,3.5,left-hand,0.4328,0.5672
4,3.5,left-hand,0.4279,0.5721
4,3.5,left-hand,0.8371,0.1629
4,3.5,right-hand,0.1315,0.8685
4,3.5,right-hand,0.0021,0.9979
4,3.5,left-hand,0.9253,0.0747
4,3.5,right-hand,0.0198,0.9802
4,3.5,right-hand,0.0332,0.9668
4,3.5,right-hand,0.1466,0.8534
4,3.5,right-hand,0.0011,0.9989
4,3.5,right-hand,0.0057,0.9943
4,3.5,left-hand,0.938,0.062
4,3.5,left-hand,0.9849,0.0151
4,3.5,left-hand,0.9973,0.0027
4,3.5,left-hand,0.9973,0.0027
5,3.5,right-hand,0.1469,0.8531
5,3.5,right-hand,0.13,0.87
5,3.5,right-hand,0.0693,0.9307
5,3.5,right-hand,0.0438,0.9562
5,3.5,right-hand,0.4953,0.5047
5,3.5,left-hand,0.8238,0.1762
5,3.5,left-hand,0.9996,0.0004
5,3.5,left-hand,0.9928,0.0072
5,3.5,left-hand,0.9663,0.0337
5,3.5,left-hand,0.9992,0.0008
5,3.5,left-hand,0.9999,0.0001
5,3.5,right-hand,0.7196,0.2804
5,3.5,right-hand,0.1656,0.8344
5,3.5,left-hand,0.9862,0.0138
5,3.5,right-hand,0.1295,0.8705
5,3.5,right-hand,0.0618,0.9382
5,3.5,left-hand,0.9957,0.0043
5,3.5,left-hand,0.907,0.093
5,3.5,left-hand,0.976,0.024
5,3.5,right-hand,0.9723,0.0277
5,3.5,right-hand,0.025,0.975
5,3.5,right-hand,0.0988,0.9012
5,3.5,left-hand,0.9994,0.0006
5,3.5,left-hand,0.9961,0.0039
